   0.0000000000000000        1.0000000000000000       -7.6179954090288700     
   1.0000000000000000E-003  0.99366134280148466       -7.5890153238056879     
   2.0000000000000000E-003  0.98608197013585519       -7.5639088797670135     
   3.0000000000000001E-003  0.97852991709661929       -7.5364665681142373     
   4.0000000000000001E-003  0.97100609463633203       -7.5084842152004807     
   5.0000000000000001E-003  0.96351065192775998       -7.4803018926571934     
   6.0000000000000001E-003  0.95604362178062441       -7.4520425964011290     
   7.0000000000000001E-003  0.94860499442615653       -7.4237635696114248     
   8.0000000000000002E-003  0.94119473896755135       -7.3954955422457793     
   9.0000000000000011E-003  0.93381281237634395       -7.3672566376124573     
   1.0000000000000000E-002  0.92645916403327033       -7.3390582865866909     
   1.0999999999999999E-002  0.91913373828873668       -7.3109080716532118     
   1.2000000000000000E-002  0.91183647601872742       -7.2828112229242254     
   1.3000000000000001E-002  0.90456731562357495       -7.2547714612433403     
   1.4000000000000000E-002  0.89732619369693323       -7.2267915001540635     
   1.4999999999999999E-002  0.89011304548946613       -7.1988733584940654     
   1.6000000000000000E-002  0.88292780523949221       -7.1710185624992002     
   1.7000000000000001E-002  0.87577040641448112       -7.1432282806985166     
   1.8000000000000002E-002  0.86864078189110738       -7.1155034164508599     
   1.9000000000000000E-002  0.86153886409192182       -7.0878446729554279     
   2.0000000000000000E-002  0.85446458509073830       -7.0602525998909407     
   2.1000000000000001E-002  0.84741787669503976       -7.0327276275017523     
   2.1999999999999999E-002  0.84039867051122152       -7.0052700919256576     
   2.3000000000000000E-002  0.83340689799682910       -6.9778802542959086     
   2.4000000000000000E-002  0.82644249050280605       -6.9505583153427368     
   2.5000000000000001E-002  0.81950537930797840       -6.9233044266917698     
   2.6000000000000002E-002  0.81259549564743683       -6.8961186997044335     
   2.7000000000000000E-002  0.80571277073607683       -6.8690012124660020     
   2.8000000000000001E-002  0.79885713578825834       -6.8419520153614632     
   2.9000000000000001E-002  0.79202852203433116       -6.8149711355632494     
   2.9999999999999999E-002  0.78522686073460801       -6.7880585806722245     
   3.1000000000000000E-002  0.77845208319124382       -6.7612143416937496     
   3.2000000000000001E-002  0.77170412075838613       -6.7344383954871416     
   3.3000000000000002E-002  0.76498290485088849       -6.7077307067947807     
   3.4000000000000002E-002  0.75828836695182267       -6.6810912299331875     
   3.5000000000000003E-002  0.75162043861898087       -6.6545199102103885     
   3.6000000000000004E-002  0.74497905149052479       -6.6280166851202162     
   3.6999999999999998E-002  0.73836413728990968       -6.6015814853536989     
   3.7999999999999999E-002  0.73177562783019034       -6.5752142356596055     
   3.9000000000000000E-002  0.72521345501779710       -6.5489148555799233     
   4.0000000000000001E-002  0.71867755085585627       -6.5226832600810960     
   4.1000000000000002E-002  0.71216784744711625       -6.4965193600979720     
   4.2000000000000003E-002  0.70568427699653302       -6.4704230630043051     
   4.3000000000000003E-002  0.69922677181355797       -6.4443942730212047     
   4.3999999999999997E-002  0.69279526431416660       -6.4184328915729276     
   4.4999999999999998E-002  0.68638968702265990       -6.3925388175978135     
   4.5999999999999999E-002  0.68000997257326690       -6.3667119478208720     
   4.7000000000000000E-002  0.67365605371157045       -6.3409521769934507     
   4.8000000000000001E-002  0.66732786329577831       -6.3152593981045664     
   4.9000000000000002E-002  0.66102533429785681       -6.2896335025677539     
   5.0000000000000003E-002  0.65474839980454191       -6.2640743803866936     
   5.1000000000000004E-002  0.64849699301824149       -6.2385819203023969     
   5.2000000000000005E-002  0.64227104725784112       -6.2131560099243153     
   5.2999999999999999E-002  0.63607049595942255       -6.1877965358473945     
   5.3999999999999999E-002  0.62989527267690459       -6.1625033837568077     
   5.5000000000000000E-002  0.62374531108261400       -6.1372764385218694     
   5.6000000000000001E-002  0.61762054496779384       -6.1121155842804082     
   5.7000000000000002E-002  0.61152090824305461       -6.0870207045147264     
   5.8000000000000003E-002  0.60544633493877498       -6.0619916821201052     
   5.9000000000000004E-002  0.59939675920545521       -6.0370283994667036     
   5.9999999999999998E-002  0.59337211531402967       -6.0121307384555829     
   6.0999999999999999E-002  0.58737233765614016       -5.9872985805695018     
   6.2000000000000000E-002  0.58139736074437554       -5.9625318069190403     
   6.3000000000000000E-002  0.57544711921247904       -5.9378302982845534     
   6.4000000000000001E-002  0.56952154781552744       -5.9131939351543847     
   6.5000000000000002E-002  0.56362058143008342       -5.8886225977597251     
   6.6000000000000003E-002  0.55774415505432429       -5.8641161661064549     
   6.7000000000000004E-002  0.55189220380814807       -5.8396745200042730     
   6.8000000000000005E-002  0.54606466293326050       -5.8152975390933763     
   6.9000000000000006E-002  0.54026146779324224       -5.7909851028689250     
   7.0000000000000007E-002  0.53448255387360000       -5.7667370907035096     
   7.1000000000000008E-002  0.52872785678180156       -5.7425533818678032     
   7.2000000000000008E-002  0.52299731224729629       -5.7184338555495691     
   7.2999999999999995E-002  0.51729085612152270       -5.6943783908711731     
   7.3999999999999996E-002  0.51160842437790344       -5.6703868669057362     
   7.4999999999999997E-002  0.50594995311182889       -5.6464591626920493     
   7.5999999999999998E-002  0.50031537854063068       -5.6225951572483552     
   7.6999999999999999E-002  0.49470463700354472       -5.5987947295851024     
   7.8000000000000000E-002  0.48911766496166609       -5.5750577587167500     
   7.9000000000000001E-002  0.48355439899789493       -5.5513841236727135     
   8.0000000000000002E-002  0.47801477581687479       -5.5277737035075134     
   8.1000000000000003E-002  0.47249873224492395       -5.5042263773102000     
   8.2000000000000003E-002  0.46700620522995967       -5.4807420242131109     
   8.3000000000000004E-002  0.46153713184141665       -5.4573205234000133     
   8.4000000000000005E-002  0.45609144927015921       -5.4339617541136791     
   8.5000000000000006E-002  0.45066909482838857       -5.4106655956629428     
   8.6000000000000007E-002  0.44527000594954469       -5.3874319274292777     
   8.7000000000000008E-002  0.43989412018820356       -5.3642606288729269     
   8.7999999999999995E-002  0.43454137521997022       -5.3411515795386251     
   8.8999999999999996E-002  0.42921170884136745       -5.3181046590609418     
   8.9999999999999997E-002  0.42390505896972086       -5.2951197471692728     
   9.0999999999999998E-002  0.41862136364304020       -5.2721967236925069     
   9.1999999999999998E-002  0.41336056101989760       -5.2493354685633902     
   9.2999999999999999E-002  0.40812258937930235       -5.2265358618226081     
   9.4000000000000000E-002  0.40290738712057289       -5.2037977836226137     
   9.5000000000000001E-002  0.39771489276320632       -5.1811211142312059     
   9.6000000000000002E-002  0.39254504494674480       -5.1585057340348879     
   9.7000000000000003E-002  0.38739778243064005       -5.1359515235420137     
   9.8000000000000004E-002  0.38227304409411522       -5.1134583633857416     
   9.9000000000000005E-002  0.37717076893602497       -5.0910261343268006     
  0.10000000000000001       0.37209089607471330       -5.0686547172560941     
  0.10100000000000001       0.36703336474786957       -5.0463439931971354     
  0.10200000000000001       0.36199811431238293       -5.0240938433083446     
  0.10300000000000001       0.35698508424419489       -5.0019041488851999     
  0.10400000000000001       0.35199421413815052       -4.9797747913622601     
  0.10500000000000000       0.34702544370784816       -4.9577056523150693     
  0.10600000000000000       0.34207871278548763       -4.9356966134619418     
  0.10700000000000000       0.33715396132171738       -4.9137475566656450     
  0.10800000000000000       0.33225112938548029       -4.8918583639349791     
  0.10900000000000000       0.32737015716385859       -4.8700289174262643     
  0.11000000000000000       0.32251098496191727       -4.8482590994447392     
  0.11100000000000000       0.31767355320254687       -4.8265487924458759     
  0.11200000000000000       0.31285780242630534       -4.8048978790366146     
  0.11300000000000000       0.30806367329125883       -4.7833062419765309     
  0.11400000000000000       0.30329110657282182       -4.7617737641789271     
  0.11500000000000000       0.29854004316359628       -4.7403003287118626     
  0.11600000000000001       0.29381042407321045       -4.7188858187991212     
  0.11700000000000001       0.28910219042815660       -4.6975301178211213     
  0.11800000000000001       0.28441528347162842       -4.6762331093157687     
  0.11900000000000001       0.27974964456335766       -4.6549946769792641     
  0.12000000000000000       0.27510521517945025       -4.6338147046668530     
  0.12100000000000000       0.27048193691222194       -4.6126930763935396     
  0.12200000000000000       0.26587975147003351       -4.5916296763347475     
  0.12300000000000000       0.26129860067712524       -4.5706243888269462     
  0.12400000000000000       0.25673842647345146       -4.5496770983682371     
  0.12500000000000000       0.25219917091451421       -4.5287876896188992     
  0.12600000000000000       0.24768077617119691       -4.5079560474019065     
  0.12700000000000000       0.24318318452959745       -4.4871820567034044     
  0.12800000000000000       0.23870633839086103       -4.4664656026731624     
  0.12900000000000000       0.23425018027101285       -4.4458065706249918     
  0.13000000000000000       0.22981465280079030       -4.4252048460371380     
  0.13100000000000001       0.22539969872547513       -4.4046603145526451     
  0.13200000000000001       0.22100526090472519       -4.3841728619796942     
  0.13300000000000001       0.21663128231240614       -4.3637423742919212     
  0.13400000000000001       0.21227770603642285       -4.3433687376287082     
  0.13500000000000001       0.20794447527855070       -4.3230518382954530     
  0.13600000000000001       0.20363153335426665       -4.3027915627638214     
  0.13700000000000001       0.19933882369258027       -4.2825877976719759     
  0.13800000000000001       0.19506628983586452       -4.2624404298247898     
  0.13900000000000001       0.19081387543968659       -4.2423493461940387     
  0.14000000000000001       0.18658152427263844       -4.2223144339185801     
  0.14100000000000001       0.18236918021616744       -4.2023355803045135     
  0.14200000000000002       0.17817678726440678       -4.1824126728253246     
  0.14300000000000002       0.17400428952400593       -4.1625455991220193     
  0.14400000000000002       0.16985163121396102       -4.1427342470032400     
  0.14499999999999999       0.16571875666544517       -4.1229785044453680     
  0.14599999999999999       0.16160561032163878       -4.1032782595926154     
  0.14699999999999999       0.15751213673755984       -4.0836334007571065     
  0.14799999999999999       0.15343828057989414       -4.0640438164189430     
  0.14899999999999999       0.14938398662682559       -4.0445093952262612     
  0.14999999999999999       0.14534919976786650       -4.0250300259952780     
  0.15100000000000000       0.14133386500368789       -4.0056055977103284     
  0.15200000000000000       0.13733792744594972       -3.9862359995238905     
  0.15300000000000000       0.13336133231713129       -3.9669211207566031     
  0.15400000000000000       0.12940402495036163       -3.9476608508972753     
  0.15500000000000000       0.12546595078924988       -3.9284550796028852     
  0.15600000000000000       0.12154705538771582       -3.9093036966985739     
  0.15700000000000000       0.11764728440982031       -3.8902065921776288     
  0.15800000000000000       0.11376658362959594       -3.8711636562014613     
  0.15900000000000000       0.10990489893087764       -3.8521747790995771     
  0.16000000000000000       0.10606217630713347       -3.8332398513695392     
  0.16100000000000000       0.10223836186129533       -3.8143587636769265     
  0.16200000000000001        9.8433401805589918E-002  -3.7955314068552832     
  0.16300000000000001        9.4647242461369671E-002  -3.7767576719060645     
  0.16400000000000001        9.0879830258943819E-002  -3.7580374499985765     
  0.16500000000000001        8.7131111737409547E-002  -3.7393706324699094     
  0.16600000000000001        8.3401033544483250E-002  -3.7207571108248674     
  0.16700000000000001        7.9689542436331917E-002  -3.7021967767358919     
  0.16800000000000001        7.5996585277404549E-002  -3.6836895220429802     
  0.16900000000000001        7.2322109040263774E-002  -3.6652352387536018     
  0.17000000000000001        6.8666060805417525E-002  -3.6468338190426066     
  0.17100000000000001        6.5028387761150858E-002  -3.6284851552521324     
  0.17200000000000001        6.1409037203357872E-002  -3.6101891398915065     
  0.17300000000000001        5.7807956535373760E-002  -3.5919456656371436     
  0.17400000000000002        5.4225093267807008E-002  -3.5737546253324401     
  0.17500000000000002        5.0660395018371697E-002  -3.5556159119876654     
  0.17599999999999999        4.7113809511719937E-002  -3.5375294187798492     
  0.17699999999999999        4.3585284579274457E-002  -3.5194950390526660     
  0.17799999999999999        4.0074768159061323E-002  -3.5015126663163154     
  0.17899999999999999        3.6582208295542797E-002  -3.4835821942474010     
  0.17999999999999999        3.3107553139450317E-002  -3.4657035166888046     
  0.18099999999999999        2.9650750947617661E-002  -3.4478765276495595     
  0.18200000000000000        2.6211750082814227E-002  -3.4301011213047197     
  0.18300000000000000        2.2790499013578470E-002  -3.4123771919952266     
  0.18400000000000000        1.9386946314051506E-002  -3.3947046342277742     
  0.18500000000000000        1.6001040663810834E-002  -3.3770833426746716     
  0.18600000000000000        1.2632730847704249E-002  -3.3595132121737019     
  0.18700000000000000        9.2819657556838832E-003  -3.3419941377279807     
  0.18800000000000000        5.9486943826404220E-003  -3.3245260145058113     
  0.18900000000000000        2.6328658282374728E-003  -3.3071087378405397     
  0.19000000000000000       -6.6557070325390421E-004  -3.2897422032304049     
  0.19100000000000000       -3.9466659031205040E-003  -3.2724263063383887     
  0.19200000000000000       -7.2104703583721202E-003  -3.2551609429920645     
  0.19300000000000000       -1.0457034551906519E-002  -3.2379460091834433     
  0.19400000000000001       -1.3686408862674257E-002  -3.2207814010688183     
  0.19500000000000001       -1.6898643565843318E-002  -3.2036670149686075     
  0.19600000000000001       -2.0093788832963595E-002  -3.1866027473671967     
  0.19700000000000001       -2.3271894732131183E-002  -3.1695884949127779     
  0.19800000000000001       -2.6433011228152531E-002  -3.1526241544171882     
  0.19900000000000001       -2.9577188182708387E-002  -3.1357096228557482     
  0.20000000000000001       -3.2704475354517593E-002  -3.1188447973670965     
  0.20100000000000001       -3.5814922399500689E-002  -3.1020295752530256     
  0.20200000000000001       -3.8908578870943365E-002  -3.0852638539783146     
  0.20300000000000001       -4.1985494219659719E-002  -3.0685475311705614     
  0.20400000000000001       -4.5045717794155331E-002  -3.0518805046200148     
  0.20500000000000002       -4.8089298840790176E-002  -3.0352626722794036     
  0.20600000000000002       -5.1116286503941365E-002  -3.0186939322637665     
  0.20700000000000002       -5.4126729826165676E-002  -3.0021741828502795     
  0.20800000000000002       -5.7120677748361930E-002  -2.9857033224780833     
  0.20899999999999999       -6.0098179109933182E-002  -2.9692812497481103     
  0.20999999999999999       -6.3059282648948708E-002  -2.9529078634229085     
  0.21099999999999999       -6.6004037002305865E-002  -2.9365830624264668     
  0.21199999999999999       -6.8932490705891691E-002  -2.9203067458440390     
  0.21299999999999999       -7.1844692194744389E-002  -2.9040788129219663     
  0.21400000000000000       -7.4740689803214605E-002  -2.8878991630674991     
  0.21500000000000000       -7.7620531765126483E-002  -2.8717676958486194     
  0.21600000000000000       -8.0484266213938602E-002  -2.8556843109938601     
  0.21700000000000000       -8.3331941182904670E-002  -2.8396489083921268     
  0.21800000000000000       -8.6163604605234090E-002  -2.8236613880925163     
  0.21900000000000000       -8.8979304314252258E-002  -2.8077216503041353     
  0.22000000000000000       -9.1779088043560775E-002  -2.7918295953959191     
  0.22100000000000000       -9.4563003427197354E-002  -2.7759851238964486     
  0.22200000000000000       -9.7331097999795668E-002  -2.7601881364937686     
  0.22300000000000000      -0.10008341919674489       -2.7444385340352042     
  0.22400000000000000      -0.10282001435434915       -2.7287362175271754     
  0.22500000000000001      -0.10554093070998669       -2.7130810881350151     
  0.22600000000000001      -0.10824621540226896       -2.6974730471827830     
  0.22700000000000001      -0.11093591547119941       -2.6819119961530804     
  0.22800000000000001      -0.11361007785833216       -2.6663978366868646     
  0.22900000000000001      -0.11626874940693044       -2.6509304705832637     
  0.23000000000000001      -0.11891197686212487       -2.6355097997993897     
  0.23100000000000001      -0.12153980687107156       -2.6201357264501515     
  0.23200000000000001      -0.12415228598310993       -2.6048081528080682     
  0.23300000000000001      -0.12674946064992049       -2.5895269813030821     
  0.23400000000000001      -0.12933137722568225       -2.5742921145223696     
  0.23500000000000001      -0.13189808196723013       -2.5591034552101544     
  0.23600000000000002      -0.13444962103421201       -2.5439609062675195     
  0.23700000000000002      -0.13698604048924570       -2.5288643707522178     
  0.23800000000000002      -0.13950738629807566       -2.5138137518784833     
  0.23900000000000002      -0.14201370432972948       -2.4988089530168427     
  0.23999999999999999      -0.14450504035667439       -2.4838498776939257     
  0.24099999999999999      -0.14698144005497324       -2.4689364295922762     
  0.24199999999999999      -0.14944294900444061       -2.4540685125501613     
  0.24299999999999999      -0.15188961268879850       -2.4392460305613826     
  0.24399999999999999      -0.15432147649583192       -2.4244688877750851     
  0.24500000000000000      -0.15673858571754432       -2.4097369884955686     
  0.24600000000000000      -0.15914098555031270       -2.3950502371820961     
  0.24700000000000000      -0.16152872109504274       -2.3804085384487035     
  0.24800000000000000      -0.16390183735732350       -2.3658117970640089     
  0.24900000000000000      -0.16626037924758205       -2.3512599179510216     
  0.25000000000000000      -0.16860439158123794       -2.3367528061869520     
  0.25100000000000000      -0.17093391907885738       -2.3222903670030202     
  0.25200000000000000      -0.17324900636630733       -2.3078725057842644     
  0.25300000000000000      -0.17554969797490924       -2.2934991280693500     
  0.25400000000000000      -0.17783603834159281       -2.2791701395503785     
  0.25500000000000000      -0.18010807180904939       -2.2648854460726962     
  0.25600000000000001      -0.18236584262588523       -2.2506449536347017     
  0.25700000000000001      -0.18460939494677456       -2.2364485683876563     
  0.25800000000000001      -0.18683877283261247       -2.2222961966354906     
  0.25900000000000001      -0.18905402025066756       -2.2081877448346146     
  0.26000000000000001      -0.19125518107473449       -2.1941231195937236     
  0.26100000000000001      -0.19344229908528621       -2.1801022276736095     
  0.26200000000000001      -0.19561541796962606       -2.1661249759869667     
  0.26300000000000001      -0.19777458132203971       -2.1521912715982014     
  0.26400000000000001      -0.19991983264394683       -2.1383010217232399     
  0.26500000000000001      -0.20205121534405268       -2.1244541337293366     
  0.26600000000000001      -0.20416877273849934       -2.1106505151348824     
  0.26700000000000002      -0.20627254805101689       -2.0968900736092126     
  0.26800000000000002      -0.20836258441307431       -2.0831727169724155     
  0.26900000000000002      -0.21043892486403035       -2.0694983531951405     
  0.27000000000000002      -0.21250161235128390       -2.0558668903984065     
  0.27100000000000002      -0.21455068973042443       -2.0422782368534098     
  0.27200000000000002      -0.21658619976538221       -2.0287323009813329     
  0.27300000000000002      -0.21860818512857819       -2.0152289913531525     
  0.27400000000000002      -0.22061668840107379       -2.0017682166894479     
  0.27500000000000002      -0.22261175207272055       -1.9883498858602100     
  0.27600000000000002      -0.22459341854230946       -1.9749739078846489     
  0.27700000000000002      -0.22656173011772018       -1.9616401919310029     
  0.27800000000000002      -0.22851672901607004       -1.9483486473163472     
  0.27900000000000003      -0.23045845736386286       -1.9350991835064018     
  0.28000000000000003      -0.23238695719713756       -1.9218917101153412     
  0.28100000000000003      -0.23430227046161659       -1.9087261369056026     
  0.28200000000000003      -0.23620443901285415       -1.8956023737876944     
  0.28300000000000003      -0.23809350461638432       -1.8825203308200054     
  0.28400000000000003      -0.23996950894786875       -1.8694799182086141     
  0.28500000000000003      -0.24183249359324449       -1.8564810463070975     
  0.28600000000000003      -0.24368250004887132       -1.8435236256163396     
  0.28700000000000003      -0.24551956972167910       -1.8306075667843413     
  0.28800000000000003      -0.24734374392931485       -1.8177327806060297     
  0.28899999999999998      -0.24915506390028960       -1.8048991780230670     
  0.28999999999999998      -0.25095357077412517       -1.7921066701236601     
  0.29099999999999998      -0.25273930560150054       -1.7793551681423705     
  0.29199999999999998      -0.25451230934439828       -1.7666445834599238     
  0.29299999999999998      -0.25627262287625063       -1.7539748276030191     
  0.29399999999999998      -0.25802028698208551       -1.7413458122441392     
  0.29499999999999998      -0.25975534235867215       -1.7287574492013604     
  0.29599999999999999      -0.26147782961466670       -1.7162096504381628     
  0.29699999999999999      -0.26318778927075759       -1.7037023280632397     
  0.29799999999999999      -0.26488526175981070       -1.6912353943303096     
  0.29899999999999999      -0.26657028742701427       -1.6788087616379244     
  0.29999999999999999      -0.26824290653002381       -1.6664223425292815     
  0.30099999999999999      -0.26990315923910668       -1.6540760496920337     
  0.30199999999999999      -0.27155108563728636       -1.6417697959581004     
  0.30299999999999999      -0.27318672572048686       -1.6295034943034781     
  0.30399999999999999      -0.27481011939767663       -1.6172770578480515     
  0.30499999999999999      -0.27642130649101243       -1.6050903998554049     
  0.30599999999999999      -0.27802032673598298       -1.5929434337326329     
  0.30700000000000000      -0.27960721978155240       -1.5808360730301523     
  0.30800000000000000      -0.28118202519030355       -1.5687682314415130     
  0.30900000000000000      -0.28274478243858103       -1.5567398228032105     
  0.31000000000000000      -0.28429553091663412       -1.5447507610944973     
  0.31100000000000000      -0.28583430992875941       -1.5328009604371942     
  0.31200000000000000      -0.28736115869344353       -1.5208903350955030     
  0.31300000000000000      -0.28887611634350518       -1.5090187994758189     
  0.31400000000000000      -0.29037922192623744       -1.4971862681265420     
  0.31500000000000000      -0.29187051440354977       -1.4853926557378907     
  0.31600000000000000      -0.29335003265210963       -1.4736378771417136     
  0.31700000000000000      -0.29481781546348412       -1.4619218473113025     
  0.31800000000000000      -0.29627390154428140       -1.4502444813612052     
  0.31900000000000001      -0.29771832951629185       -1.4386056945470391     
  0.32000000000000001      -0.29915113791662906       -1.4270054022653038     
  0.32100000000000001      -0.30057236519787078       -1.4154435200531943     
  0.32200000000000001      -0.30198204972819931       -1.4039199635884150     
  0.32300000000000001      -0.30338022979154222       -1.3924346486889931     
  0.32400000000000001      -0.30476694358771245       -1.3809874913130926     
  0.32500000000000001      -0.30614222923254847       -1.3695784075588280     
  0.32600000000000001      -0.30750612475805411       -1.3582073136640784     
  0.32700000000000001      -0.30885866811253826       -1.3468741260063020     
  0.32800000000000001      -0.31019989716075441       -1.3355787611023502     
  0.32900000000000001      -0.31152984968404002       -1.3243211356082827     
  0.33000000000000002      -0.31284856338045564       -1.3131011663191814     
  0.33100000000000002      -0.31415607586492389       -1.3019187701689661     
  0.33200000000000002      -0.31545242466936813       -1.2907738642302093     
  0.33300000000000002      -0.31673764724285119       -1.2796663657139513     
  0.33400000000000002      -0.31801178095171367       -1.2685961919695155     
  0.33500000000000002      -0.31927486307971220       -1.2575632604843241     
  0.33600000000000002      -0.32052693082815753       -1.2465674888837142     
  0.33700000000000002      -0.32176802131605231       -1.2356087949307524     
  0.33800000000000002      -0.32299817158022875       -1.2246870965260526     
  0.33900000000000002      -0.32421741857548614       -1.2138023117075907     
  0.34000000000000002      -0.32542579917472814       -1.2029543586505216     
  0.34100000000000003      -0.32662335016909988       -1.1921431556669959     
  0.34200000000000003      -0.32781010826812484       -1.1813686212059764     
  0.34300000000000003      -0.32898611009984174       -1.1706306738530545     
  0.34400000000000003      -0.33015139221094097       -1.1599292323302681     
  0.34500000000000003      -0.33130599106690101       -1.1492642154959185     
  0.34600000000000003      -0.33244994305212461       -1.1386355423443872     
  0.34700000000000003      -0.33358328447007490       -1.1280431320059543     
  0.34800000000000003      -0.33470605154341104       -1.1174869037466155     
  0.34900000000000003      -0.33581828041412409       -1.1069667769679006     
  0.35000000000000003      -0.33692000714367221       -1.0964826712066911     
  0.35100000000000003      -0.33801126771311624       -1.0860345061350389     
  0.35199999999999998      -0.33909209802325452       -1.0756222015599843     
  0.35299999999999998      -0.34016253389475803       -1.0652456774233745     
  0.35399999999999998      -0.34122261106830504       -1.0549048538016828     
  0.35499999999999998      -0.34227236520471560       -1.0445996509058271     
  0.35599999999999998      -0.34331183188508607       -1.0343299890809896     
  0.35699999999999998      -0.34434104661092313       -1.0240957888064353     
  0.35799999999999998      -0.34536004480427795       -1.0138969706953320     
  0.35899999999999999      -0.34636886180788001       -1.0037334554945698     
  0.35999999999999999      -0.34736753288527056      -0.99360516408458099     
  0.36099999999999999      -0.34835609322093636      -0.98351201747915973     
  0.36199999999999999      -0.34933457792044281      -0.97345393682528258     
  0.36299999999999999      -0.35030302201056712      -0.96343084340292873     
  0.36399999999999999      -0.35126146043943124      -0.95344265862490030     
  0.36499999999999999      -0.35220992807663448      -0.94348930403664344     
  0.36599999999999999      -0.35314845971338632      -0.93357070131606890     
  0.36699999999999999      -0.35407709006263860      -0.92368677227337315     
  0.36799999999999999      -0.35499585375921783      -0.91383743885085966     
  0.36899999999999999      -0.35590478535995723      -0.90402262312276049     
  0.37000000000000000      -0.35680391934382860      -0.89424224729505752     
  0.37100000000000000      -0.35769329011207385      -0.88449623370530450     
  0.37200000000000000      -0.35857293198833673      -0.87478450482244885     
  0.37300000000000000      -0.35944287921879398      -0.86510698324665392     
  0.37400000000000000      -0.36030316597228651      -0.85546359170912134     
  0.37500000000000000      -0.36115382634045046      -0.84585425307191342     
  0.37600000000000000      -0.36199489433784782      -0.83627889032777569     
  0.37700000000000000      -0.36282640390209714      -0.82673742659996008     
  0.37800000000000000      -0.36364838889400403      -0.81722978514204780     
  0.37900000000000000      -0.36446088309769126      -0.80775588933777265     
  0.38000000000000000      -0.36526392022072895      -0.79831566270084420     
  0.38100000000000001      -0.36605753389426449      -0.78890902887477166     
  0.38200000000000001      -0.36684175767315219      -0.77953591163268754     
  0.38300000000000001      -0.36761662503608278      -0.77019623487717148     
  0.38400000000000001      -0.36838216938571300      -0.76088992264007471     
  0.38500000000000001      -0.36913842404879454      -0.75161689908234397     
  0.38600000000000001      -0.36988542227630328      -0.74237708849384643     
  0.38700000000000001      -0.37062319724356796      -0.73317041529319404     
  0.38800000000000001      -0.37135178205039898      -0.72399680402756861     
  0.38900000000000001      -0.37207120972121682      -0.71485617937254675     
  0.39000000000000001      -0.37278151320518038      -0.70574846613192510     
  0.39100000000000001      -0.37348272537631516      -0.69667358923754596     
  0.39200000000000002      -0.37417487903364116      -0.68763147374912259     
  0.39300000000000002      -0.37485800690130083      -0.67862204485406519     
  0.39400000000000002      -0.37553214162868642      -0.66964522786730685     
  0.39500000000000002      -0.37619731579056775      -0.66070094823112979     
  0.39600000000000002      -0.37685356188721919      -0.65178913151499152     
  0.39700000000000002      -0.37750091234454702      -0.64290970341535136     
  0.39800000000000002      -0.37813939951421616      -0.63406258975549756     
  0.39900000000000002      -0.37876905567377694      -0.62524771648537358     
  0.40000000000000002      -0.37938991302679187      -0.61646500968140561     
  0.40100000000000002      -0.38000200370296189      -0.60771439554632978     
  0.40200000000000002      -0.38060535975825255      -0.59899580040901945     
  0.40300000000000002      -0.38120001317502017      -0.59030915072431289     
  0.40400000000000003      -0.38178599586213779      -0.58165437307284129     
  0.40500000000000003      -0.38236333965512076      -0.57303139416085658     
  0.40600000000000003      -0.38293207631625237      -0.56444014082005955     
  0.40700000000000003      -0.38349223753470912      -0.55588054000742837     
  0.40800000000000003      -0.38404385492668608      -0.54735251880504721     
  0.40900000000000003      -0.38458696003552179      -0.53885600441993486     
  0.41000000000000003      -0.38512158433182314      -0.53039092418387357     
  0.41100000000000003      -0.38564775921359012      -0.52195720555323843     
  0.41200000000000003      -0.38616551600634030      -0.51355477610882660     
  0.41300000000000003      -0.38667488596323318      -0.50518356355568639     
  0.41400000000000003      -0.38717590026519433      -0.49684349572294761     
  0.41500000000000004      -0.38766859002103943      -0.48853450056365089     
  0.41600000000000004      -0.38815298626759814      -0.48025650615457788     
  0.41699999999999998      -0.38862911996983768      -0.47200944069608164     
  0.41799999999999998      -0.38909702202098639      -0.46379323251191673     
  0.41899999999999998      -0.38955672324265711      -0.45560781004907014     
  0.41999999999999998      -0.39000825438497017      -0.44745310187759180     
  0.42099999999999999      -0.39045164612667654      -0.43932903669042572     
  0.42199999999999999      -0.39088692907528055      -0.43123554330324104     
  0.42299999999999999      -0.39131413376716262      -0.42317255065426346     
  0.42399999999999999      -0.39173329066770163      -0.41513998780410655     
  0.42499999999999999      -0.39214443017139733      -0.40713778393560374     
  0.42599999999999999      -0.39254758260199246      -0.39916586835364004     
  0.42699999999999999      -0.39294277821259466      -0.39122417048498415     
  0.42799999999999999      -0.39333004718579845      -0.38331261987812065     
  0.42899999999999999      -0.39370941963380662      -0.37543114620308260     
  0.42999999999999999      -0.39408092559855196      -0.36757967925128399     
  0.43099999999999999      -0.39444459505181839      -0.35975814893535268     
  0.43200000000000000      -0.39480045789536217      -0.35196648528896340     
  0.43300000000000000      -0.39514854396103277      -0.34420461846667078     
  0.43400000000000000      -0.39548888301089391      -0.33647247874374286     
  0.43500000000000000      -0.39582150473734390      -0.32876999651599464     
  0.43600000000000000      -0.39614643876323635      -0.32109710229962174     
  0.43700000000000000      -0.39646371464200036      -0.31345372673103439     
  0.43800000000000000      -0.39677336185776069      -0.30583980056669147     
  0.43900000000000000      -0.39707540982545764      -0.29825525468293484     
  0.44000000000000000      -0.39736988789096706      -0.29070002007582385     
  0.44100000000000000      -0.39765682533121982      -0.28317402786096985     
  0.44200000000000000      -0.39793625135432137      -0.27567720927337119     
  0.44300000000000000      -0.39820819509967098      -0.26820949566724817     
  0.44400000000000001      -0.39847268563808091      -0.26077081851587824     
  0.44500000000000001      -0.39872975197189547      -0.25336110941143147     
  0.44600000000000001      -0.39897942303510980      -0.24598030006480601     
  0.44700000000000001      -0.39922172769348840      -0.23862832230546391     
  0.44800000000000001      -0.39945669474468382      -0.23130510808126709     
  0.44900000000000001      -0.39968435291835480      -0.22401058945831340     
  0.45000000000000001      -0.39990473087628453      -0.21674469862077300     
  0.45100000000000001      -0.40011785721249871      -0.20950736787072483     
  0.45200000000000001      -0.40032376045338319      -0.20229852962799322     
  0.45300000000000001      -0.40052246905780187      -0.19511811642998483     
  0.45400000000000001      -0.40071401141721397      -0.18796606093152571     
  0.45500000000000002      -0.40089841585579161      -0.18084229590469841     
  0.45600000000000002      -0.40107571063053676      -0.17374675423867955     
  0.45700000000000002      -0.40124592393139846      -0.16667936893957724     
  0.45800000000000002      -0.40140908388138957      -0.15964007313026898     
  0.45900000000000002      -0.40156521853670352      -0.15262880005023960     
  0.46000000000000002      -0.40171435588683074      -0.14564548305541930     
  0.46100000000000002      -0.40185652385467513      -0.13869005561802211     
  0.46200000000000002      -0.40199175029667022      -0.13176245132638431     
  0.46300000000000002      -0.40212006300289527      -0.12486260388480315     
  0.46400000000000002      -0.40224148969719109      -0.11799044711337567     
  0.46500000000000002      -0.40235605803727581      -0.11114591494783782     
  0.46600000000000003      -0.40246379561486045      -0.10432894143940365     
  0.46700000000000003      -0.40256472995576426       -9.7539460754604720E-002
  0.46800000000000003      -0.40265888852003001       -9.0777407175129721E-002
  0.46900000000000003      -0.40274629870203910       -8.4042715097664242E-002
  0.47000000000000003      -0.40282698783062637       -7.7335319033730712E-002
  0.47100000000000003      -0.40290098316919504       -7.0655153609528565E-002
  0.47200000000000003      -0.40296831191583116       -6.4002153565774558E-002
  0.47300000000000003      -0.40302900120341811       -5.7376253757543259E-002
  0.47400000000000003      -0.40308307809975091       -5.0777389154107747E-002
  0.47500000000000003      -0.40313056960765026       -4.4205494838780460E-002
  0.47600000000000003      -0.40317150266507662       -3.7660506008754258E-002
  0.47700000000000004      -0.40320590414524388       -3.1142357974943649E-002
  0.47800000000000004      -0.40323380085673310       -2.4650986161826177E-002
  0.47900000000000004      -0.40325521954360605       -1.8186326107284028E-002
  0.47999999999999998      -0.40327018688551841       -1.1748313462445790E-002
  0.48099999999999998      -0.40327872949783300       -5.3368839915283982E-003
  0.48199999999999998      -0.40328087393173279        1.0480264283207223E-003
  0.48299999999999998      -0.40327664667433377        7.4064818071813612E-003
  0.48399999999999999      -0.40326607414879767        1.3738546042518035E-002
  0.48499999999999999      -0.40324918271444443        2.0044282919337315E-002
  0.48599999999999999      -0.40322599866686465        2.6323756110344980E-002
  0.48699999999999999      -0.40319654823803175        3.2577029176102987E-002
  0.48799999999999999      -0.40316085759641412        3.8804165565186274E-002
  0.48899999999999999      -0.40311895284708699        4.5005228614339365E-002
  0.48999999999999999      -0.40307086003184417        5.1180281548632807E-002
  0.49099999999999999      -0.40301660512930970        5.7329387481619427E-002
  0.49199999999999999      -0.40295621405504928        6.3452609415490413E-002
  0.49299999999999999      -0.40288971266168144        6.9550010241231211E-002
  0.49399999999999999      -0.40281712673898890        7.5621652738777245E-002
  0.49500000000000000      -0.40273848201402934        8.1667599577169445E-002
  0.49600000000000000      -0.40265380415124635        8.7687913314709626E-002
  0.49700000000000000      -0.40256311875258005        9.3682656399115688E-002
  0.49800000000000000      -0.40246645135757753        9.9651891167676573E-002
  0.49900000000000000      -0.40236382744350330       0.10559567984740716     
  0.50000000000000000      -0.40225527242544945       0.11151408455520284     
  0.50100000000000000      -0.40214081165644577       0.11740716729799407     
  0.50200000000000000      -0.40202047042756955       0.12327498997290059     
  0.50300000000000000      -0.40189427396805533       0.12911761436738561     
  0.50400000000000000      -0.40176224744540445       0.13493510215940974     
  0.50500000000000000      -0.40162441596549464       0.14072751491758467     
  0.50600000000000001      -0.40148080457268914       0.14649491410132687     
  0.50700000000000001      -0.40133143824994583       0.15223736106101093     
  0.50800000000000001      -0.40117634191892632       0.15795491703812287     
  0.50900000000000001      -0.40101554044010457       0.16364764316541305     
  0.51000000000000001      -0.40084905861287573       0.16931560046704922     
  0.51100000000000001      -0.40067692117566461       0.17495884985876911     
  0.51200000000000001      -0.40049915280603399       0.18057745214803300     
  0.51300000000000001      -0.40031577812079278       0.18617146803417606     
  0.51400000000000001      -0.40012682167610419       0.19174095810856054     
  0.51500000000000001      -0.39993230796759366       0.19728598285472776     
  0.51600000000000001      -0.39973226143045637       0.20280660264854994     
  0.51700000000000002      -0.39952670643956512       0.20830287775838183     
  0.51800000000000002      -0.39931566730957757       0.21377486834521220     
  0.51900000000000002      -0.39909916829504366       0.21922263446281512     
  0.52000000000000002      -0.39887723359051264       0.22464623605790116     
  0.52100000000000002      -0.39864988733064022       0.23004573297026817     
  0.52200000000000002      -0.39841715359029523       0.23542118493295228     
  0.52300000000000002      -0.39817905638466644       0.24077265157237832     
  0.52400000000000002      -0.39793561966936902       0.24610019240851028     
  0.52500000000000002      -0.39768686734055103       0.25140386685500160     
  0.52600000000000002      -0.39743282323499951       0.25668373421934526     
  0.52700000000000002      -0.39717351113024668       0.26193985370302364     
  0.52800000000000002      -0.39690895474467586       0.26717228440165824     
  0.52900000000000003      -0.39663917773762725       0.27238108530515925     
  0.53000000000000003      -0.39636420370950354       0.27756631529787495     
  0.53100000000000003      -0.39608405620187542       0.28272803315874090     
  0.53200000000000003      -0.39579875869758702       0.28786629756142890     
  0.53300000000000003      -0.39550833462086088       0.29298116707449606     
  0.53400000000000003      -0.39521280733740316       0.29807270016153325     
  0.53500000000000003      -0.39491220015450856       0.30314095518131379     
  0.53600000000000003      -0.39460653632116494       0.30818599038794159     
  0.53700000000000003      -0.39429583902815801       0.31320786393099959     
  0.53800000000000003      -0.39398013140817578       0.31820663385569753     
  0.53900000000000003      -0.39365943653591273       0.32318235810301993     
  0.54000000000000004      -0.39333377742817416       0.32813509450987355     
  0.54100000000000004      -0.39300317704398008       0.33306490080923506     
  0.54200000000000004      -0.39266765828466910       0.33797183463029834     
  0.54300000000000004      -0.39232724399400210       0.34285595349862141     
  0.54400000000000004      -0.39198195695826588       0.34771731483627372     
  0.54500000000000004      -0.39163181990637647       0.35255597596198257     
  0.54600000000000004      -0.39127685550998248       0.35737199409128007     
  0.54700000000000004      -0.39091708638356820       0.36216542633664939     
  0.54800000000000004      -0.39055253508455656       0.36693632970767109     
  0.54900000000000004      -0.39018322411341205       0.37168476111116927     
  0.55000000000000004      -0.38980917591374331       0.37641077735135742     
  0.55100000000000005      -0.38943041287240565       0.38111443512998433     
  0.55200000000000005      -0.38904695731960354       0.38579579104647954     
  0.55300000000000005      -0.38865883152899283       0.39045490159809881     
  0.55400000000000005      -0.38826605771778278       0.39509182318006952     
  0.55500000000000005      -0.38786865804683807       0.39970661208573549     
  0.55600000000000005      -0.38746665462078062       0.40429932450670208     
  0.55700000000000005      -0.38706006948809130       0.40887001653298094     
  0.55800000000000005      -0.38664892464121142       0.41341874415313457     
  0.55900000000000005      -0.38623324201664400       0.41794556325442062     
  0.56000000000000005      -0.38581304349505519       0.42245052962293633     
  0.56100000000000005      -0.38538835090137524       0.42693369894376243     
  0.56200000000000006      -0.38495918600489948       0.43139512680110709     
  0.56300000000000006      -0.38452557051938913       0.43583486867844973     
  0.56400000000000006      -0.38408752610317193       0.44025297995868451     
  0.56500000000000006      -0.38364507435924267       0.44464951592426372     
  0.56600000000000006      -0.38319823683536364       0.44902453175734097     
  0.56700000000000006      -0.38274703502416468       0.45337808253991446     
  0.56800000000000006      -0.38229149036324345       0.45771022325396965     
  0.56900000000000006      -0.38183162423526529       0.46202100878162200     
  0.57000000000000006      -0.38136745796806298       0.46631049390525969     
  0.57100000000000006      -0.38089901283473654       0.47057873330768585     
  0.57200000000000006      -0.38042631005375255       0.47482578157226085     
  0.57300000000000006      -0.37994937078904367       0.47905169318304436     
  0.57400000000000007      -0.37946821615010778       0.48325652252493723     
  0.57500000000000007      -0.37898286719210722       0.48744032388382313     
  0.57600000000000007      -0.37849334491596759       0.49160315144671030     
  0.57699999999999996      -0.37799967026847653       0.49574505930187279     
  0.57799999999999996      -0.37750186414238251       0.49986610143899163     
  0.57899999999999996      -0.37699994737649334       0.50396633174929606     
  0.57999999999999996      -0.37649394075577447       0.50804580402570432     
  0.58099999999999996      -0.37598386501144726       0.51210457196296433     
  0.58199999999999996      -0.37546974082108714       0.51614268915779427     
  0.58299999999999996      -0.37495158880872154       0.52016020910902305     
  0.58399999999999996      -0.37442942954492764       0.52415718521773058     
  0.58499999999999996      -0.37390328354693014       0.52813367078738760     
  0.58599999999999997      -0.37337317127869879       0.53208971902399582     
  0.58699999999999997      -0.37283911315104579       0.53602538303622749     
  0.58799999999999997      -0.37230112952172295       0.53994071583556502     
  0.58899999999999997      -0.37175924069551897       0.54383577033644037     
  0.58999999999999997      -0.37121346692435636       0.54771059935637445     
  0.59099999999999997      -0.37066382840738821       0.55156525561611580     
  0.59199999999999997      -0.37011034529109499       0.55539979173977994     
  0.59299999999999997      -0.36955303766938108       0.55921426025498788     
  0.59399999999999997      -0.36899192558367122       0.56300871359300464     
  0.59499999999999997      -0.36842702902300672       0.56678320408887795     
  0.59599999999999997      -0.36785836792414173       0.57053778398157617     
  0.59699999999999998      -0.36728596217163917       0.57427250541412667     
  0.59799999999999998      -0.36670983159796661       0.57798742043375340     
  0.59899999999999998      -0.36612999598359197       0.58168258099201509     
  0.59999999999999998      -0.36554647505707927       0.58535803894494243     
  0.60099999999999998      -0.36495928849518389       0.58901384605317597     
  0.60199999999999998      -0.36436845592294803       0.59265005398210291     
  0.60299999999999998      -0.36377399691379592       0.59626671430199440     
  0.60399999999999998      -0.36317593098962869       0.59986387848814282     
  0.60499999999999998      -0.36257427762091948       0.60344159792099794     
  0.60599999999999998      -0.36196905622680808       0.60699992388630408     
  0.60699999999999998      -0.36136028617519567       0.61053890757523643     
  0.60799999999999998      -0.36074798678283920       0.61405860008453705     
  0.60899999999999999      -0.36013217731544594       0.61755905241665143     
  0.60999999999999999      -0.35951287698776752       0.62104031547986427     
  0.61099999999999999      -0.35889010496369406       0.62450244008843525     
  0.61199999999999999      -0.35826388035634832       0.62794547696273484     
  0.61299999999999999      -0.35763422222817925       0.63136947672937971     
  0.61399999999999999      -0.35700114959105583       0.63477448992136798     
  0.61499999999999999      -0.35636468140636063       0.63816056697821455     
  0.61599999999999999      -0.35572483658508319       0.64152775824608610     
  0.61699999999999999      -0.35508163398791326       0.64487611397793576     
  0.61799999999999999      -0.35443509242533405       0.64820568433363801     
  0.61899999999999999      -0.35378523065771511       0.65151651938012312     
  0.62000000000000000      -0.35313206739540537       0.65480866909151147     
  0.62100000000000000      -0.35247562129882570       0.65808218334924795     
  0.62200000000000000      -0.35181591097856174       0.66133711194223577     
  0.62300000000000000      -0.35115295499545612       0.66457350456697062     
  0.62400000000000000      -0.35048677186070104       0.66779141082767401     
  0.62500000000000000      -0.34981738003593033       0.67099088023642739     
  0.62600000000000000      -0.34914479793331155       0.67417196221330511     
  0.62700000000000000      -0.34846904391563793       0.67733470608650792     
  0.62800000000000000      -0.34779013629642030       0.68047916109249584     
  0.62900000000000000      -0.34710809333997861       0.68360537637612140     
  0.63000000000000000      -0.34642293326153345       0.68671340099076228     
  0.63100000000000001      -0.34573467422729764       0.68980328389845369     
  0.63200000000000001      -0.34504333435456735       0.69287507397002135     
  0.63300000000000001      -0.34434893171181336       0.69592881998521339     
  0.63400000000000001      -0.34365148431877190       0.69896457063283268     
  0.63500000000000001      -0.34295101014653573       0.70198237451086865     
  0.63600000000000001      -0.34224752711764472       0.70498228012662945     
  0.63700000000000001      -0.34154105310617666       0.70796433589687324     
  0.63800000000000001      -0.34083160593783751       0.71092859014793996     
  0.63900000000000001      -0.34011920339005197       0.71387509111588254     
  0.64000000000000001      -0.33940386319205357       0.71680388694659836     
  0.64100000000000001      -0.33868560302497475       0.71971502569596002     
  0.64200000000000002      -0.33796444052193692       0.72260855532994639     
  0.64300000000000002      -0.33724039326814026       0.72548452372477334     
  0.64400000000000002      -0.33651347880095334       0.72834297866702424     
  0.64500000000000002      -0.33578371461000278       0.73118396785378037     
  0.64600000000000002      -0.33505111813726268       0.73400753889275128     
  0.64700000000000002      -0.33431570677714384       0.73681373930240501     
  0.64800000000000002      -0.33357749787658297       0.73960261651209769     
  0.64900000000000002      -0.33283650873513188       0.74237421786220381     
  0.65000000000000002      -0.33209275660504622       0.74512859060424530     
  0.65100000000000002      -0.33134625869137430       0.74786578190102171     
  0.65200000000000002      -0.33059703215204583       0.75058583882673879     
  0.65300000000000002      -0.32984509409796042       0.75328880836713841     
  0.65400000000000003      -0.32909046159307592       0.75597473741962706     
  0.65500000000000003      -0.32833315165449672       0.75864367279340483     
  0.65600000000000003      -0.32757318125256196       0.76129566120959435     
  0.65700000000000003      -0.32681056731093344       0.76393074930136917     
  0.65800000000000003      -0.32604532670668357       0.76654898361408219     
  0.65900000000000003      -0.32527747627038311       0.76915041060539380     
  0.66000000000000003      -0.32450703278618886       0.77173507664540031     
  0.66100000000000003      -0.32373401299193105       0.77430302801676154     
  0.66200000000000003      -0.32295843357920079       0.77685431091482882     
  0.66300000000000003      -0.32218031119343726       0.77938897144777264     
  0.66400000000000003      -0.32139966243401485       0.78190705563671004     
  0.66500000000000004      -0.32061650385433027       0.78440860941583201     
  0.66600000000000004      -0.31983085196188921       0.78689367863253057     
  0.66700000000000004      -0.31904272321839316       0.78936230904752591     
  0.66800000000000004      -0.31825213403982611       0.79181454633499337     
  0.66900000000000004      -0.31745910079654088       0.79425043608268986     
  0.67000000000000004      -0.31666363981334561       0.79667002379208063     
  0.67100000000000004      -0.31586576736958982       0.79907335487846576     
  0.67200000000000004      -0.31506549969925080       0.80146047467110626     
  0.67300000000000004      -0.31426285299101925       0.80383142841335020     
  0.67400000000000004      -0.31345784338838539       0.80618626126275894     
  0.67500000000000004      -0.31265048698972453       0.80852501829123258     
  0.67600000000000005      -0.31184079984838270       0.81084774448513575     
  0.67700000000000005      -0.31102879797276223       0.81315448474542329     
  0.67800000000000005      -0.31021449732640693       0.81544528388776538     
  0.67900000000000005      -0.30939791382808746       0.81772018664267287     
  0.68000000000000005      -0.30857906335188634       0.81997923765562231     
  0.68100000000000005      -0.30775796172728292       0.82222248148718080     
  0.68200000000000005      -0.30693462473923833       0.82444996261313097     
  0.68300000000000005      -0.30610906812828004       0.82666172542459526     
  0.68400000000000005      -0.30528130759058664       0.82885781422816052     
  0.68500000000000005      -0.30445135877807211       0.83103827324600243     
  0.68600000000000005      -0.30361923729847040       0.83320314661600958     
  0.68700000000000006      -0.30278495871541949       0.83535247839190752     
  0.68800000000000006      -0.30194853854854548       0.83748631254338224     
  0.68900000000000006      -0.30110999227354673       0.83960469295620455     
  0.69000000000000006      -0.30026933532227751       0.84170766343235315     
  0.69100000000000006      -0.29942658308283193       0.84379526769013813     
  0.69200000000000006      -0.29858175089962735       0.84586754936432440     
  0.69300000000000006      -0.29773485407348810       0.84792455200625461     
  0.69400000000000006      -0.29688590786172853       0.84996631908397213     
  0.69500000000000006      -0.29603492747823656       0.85199289398234390     
  0.69600000000000006      -0.29518192809355664       0.85400432000318327     
  0.69700000000000006      -0.29432692483497275       0.85600064036537227     
  0.69800000000000006      -0.29346993278659128       0.85798189820498405     
  0.69900000000000007      -0.29261096698942374       0.85994813657540514     
  0.70000000000000007      -0.29175004244146951       0.86189939844745755     
  0.70100000000000007      -0.29088717409779824       0.86383572670952058     
  0.70200000000000007      -0.29002237687063220       0.86575716416765280     
  0.70300000000000007      -0.28915566562942868       0.86766375354571346     
  0.70399999999999996      -0.28828705520096198       0.86955553748548409     
  0.70499999999999996      -0.28741656036940555       0.87143255854678980     
  0.70599999999999996      -0.28654419587641378       0.87329485920762062     
  0.70699999999999996      -0.28566997642120384       0.87514248186425236     
  0.70799999999999996      -0.28479391666063730       0.87697546883136746     
  0.70899999999999996      -0.28391603120930176       0.87879386234217605     
  0.70999999999999996      -0.28303633463959210       0.88059770454853614     
  0.71099999999999997      -0.28215484148179193       0.88238703752107439     
  0.71199999999999997      -0.28127156622415461       0.88416190324930644     
  0.71299999999999997      -0.28038652331298447       0.88592234364175682     
  0.71399999999999997      -0.27949972715271759       0.88766840052607909     
  0.71499999999999997      -0.27861119210600266       0.88940011564917587     
  0.71599999999999997      -0.27772093249378177       0.89111753067731836     
  0.71699999999999997      -0.27682896259537088       0.89282068719626606     
  0.71799999999999997      -0.27593529664854022       0.89450962671138623     
  0.71899999999999997      -0.27503994884959471       0.89618439064777289     
  0.71999999999999997      -0.27414293335345424       0.89784502035036640     
  0.72099999999999997      -0.27324426427373361       0.89949155708407225     
  0.72199999999999998      -0.27234395568282260       0.90112404203387986     
  0.72299999999999998      -0.27144202161196584       0.90274251630498137     
  0.72399999999999998      -0.27053847605134246       0.90434702092289032     
  0.72499999999999998      -0.26963333295014580       0.90593759683355979     
  0.72599999999999998      -0.26872660621666283       0.90751428490350106     
  0.72699999999999998      -0.26781830971835369       0.90907712591990153     
  0.72799999999999998      -0.26690845728193074       0.91062616059074264     
  0.72899999999999998      -0.26599706269343787       0.91216142954491797     
  0.72999999999999998      -0.26508413969832945       0.91368297333235060     
  0.73099999999999998      -0.26416970200154927       0.91519083242411114     
  0.73199999999999998      -0.26325376326760930       0.91668504721253485     
  0.73299999999999998      -0.26233633712066845       0.91816565801133887     
  0.73399999999999999      -0.26141743714461108       0.91963270505573957     
  0.73499999999999999      -0.26049707688312540       0.92108622850256938     
  0.73599999999999999      -0.25957526983978191       0.92252626843039387     
  0.73699999999999999      -0.25865202947811139       0.92395286483962802     
  0.73799999999999999      -0.25772736922168327       0.92536605765265323     
  0.73899999999999999      -0.25680130245418342       0.92676588671393367     
  0.73999999999999999      -0.25587384251949213       0.92815239179013231     
  0.74099999999999999      -0.25494500272176168       0.92952561257022737     
  0.74199999999999999      -0.25401479632549417       0.93088558866562809     
  0.74299999999999999      -0.25308323655561887       0.93223235961029083     
  0.74399999999999999      -0.25215033659756969       0.93356596486083443     
  0.74500000000000000      -0.25121610959736246       0.93488644379665620     
  0.74600000000000000      -0.25028056866167214       0.93619383572004711     
  0.74700000000000000      -0.24934372685790976       0.93748817985630717     
  0.74800000000000000      -0.24840559721429942       0.93876951535386055     
  0.74900000000000000      -0.24746619271995507       0.94003788128437049     
  0.75000000000000000      -0.24652552632495731       0.94129331664285443     
  0.75100000000000000      -0.24558361094042985       0.94253586034779846     
  0.75200000000000000      -0.24464045943861606       0.94376555124127226     
  0.75300000000000000      -0.24369608465295534       0.94498242808904320     
  0.75400000000000000      -0.24275049937815932       0.94618652958069083     
  0.75500000000000000      -0.24180371637028802       0.94737789432972108     
  0.75600000000000001      -0.24085574834682585       0.94855656087368023     
  0.75700000000000001      -0.23990660798675753       0.94972256767426877     
  0.75800000000000001      -0.23895630793064387       0.95087595311745521     
  0.75900000000000001      -0.23800486078069744       0.95201675551358977     
  0.76000000000000001      -0.23705227910085816       0.95314501309751765     
  0.76100000000000001      -0.23609857541686871       0.95426076402869264     
  0.76200000000000001      -0.23514376221634989       0.95536404639129013     
  0.76300000000000001      -0.23418785194887581       0.95645489819432028     
  0.76400000000000001      -0.23323085702604907       0.95753335737174083     
  0.76500000000000001      -0.23227278982157568       0.95859946178256994     
  0.76600000000000001      -0.23131366267133999       0.95965324921099882     
  0.76700000000000002      -0.23035348787347945       0.96069475736650434     
  0.76800000000000002      -0.22939227768845924       0.96172402388396128     
  0.76900000000000002      -0.22843004433914688       0.96274108632375466     
  0.77000000000000002      -0.22746680001088657       0.96374598217189167     
  0.77100000000000002      -0.22650255685157361       0.96473874884011379     
  0.77200000000000002      -0.22553732697172857       0.96571942366600860     
  0.77300000000000002      -0.22457112244457136       0.96668804391312146     
  0.77400000000000002      -0.22360395530609528       0.96764464677106687     
  0.77500000000000002      -0.22263583755514080       0.96858926935564016     
  0.77600000000000002      -0.22166678115346944       0.96952194870892860     
  0.77700000000000002      -0.22069679802583733       0.97044272179942259     
  0.77800000000000002      -0.21972590006006884       0.97135162552212673     
  0.77900000000000003      -0.21875409910712987       0.97224869669867031     
  0.78000000000000003      -0.21778140698120133       0.97313397207741870     
  0.78100000000000003      -0.21680783545975224       0.97400748833358330     
  0.78200000000000003      -0.21583339628361292       0.97486928206933243     
  0.78300000000000003      -0.21485810115704784       0.97571938981390138     
  0.78400000000000003      -0.21388196174782867       0.97655784802370282     
  0.78500000000000003      -0.21290498968730689       0.97738469308243658     
  0.78600000000000003      -0.21192719657048656       0.97819996130119979     
  0.78700000000000003      -0.21094859395609680       0.97900368891859657     
  0.78800000000000003      -0.20996919336666431       0.97979591210084760     
  0.78900000000000003      -0.20898900628858558       0.98057666694189993     
  0.79000000000000004      -0.20800804417219920       0.98134598946353602     
  0.79100000000000004      -0.20702631843185795       0.98210391561548305     
  0.79200000000000004      -0.20604384044600080       0.98285048127552210     
  0.79300000000000004      -0.20506062155722479       0.98358572224959717     
  0.79400000000000004      -0.20407667307235683       0.98430967427192384     
  0.79500000000000004      -0.20309200626252535       0.98502237300509821     
  0.79600000000000004      -0.20210663236323190       0.98572385404020513     
  0.79700000000000004      -0.20112056257442254       0.98641415289692702     
  0.79800000000000004      -0.20013380806055930       0.98709330502365189     
  0.79900000000000004      -0.19914637995069134       0.98776134579758157     
  0.80000000000000004      -0.19815828933852608       0.98841831052483986     
  0.80100000000000005      -0.19716954728250027       0.98906423444058034     
  0.80200000000000005      -0.19618016480585085       0.98969915270909414     
  0.80300000000000005      -0.19519015289668581       0.99032310042391758     
  0.80400000000000005      -0.19419952250805486       0.99093611260793957     
  0.80500000000000005      -0.19320828455802005       0.99153822421350923     
  0.80600000000000005      -0.19221644992972625       0.99212947012254293     
  0.80700000000000005      -0.19122402947147149       0.99270988514663139     
  0.80800000000000005      -0.19023103399677729       0.99327950402714682     
  0.80900000000000005      -0.18923747428445881       0.99383836143534954     
  0.81000000000000005      -0.18824336107869483       0.99438649197249473     
  0.81100000000000005      -0.18724870508909786       0.99492393016993930     
  0.81200000000000006      -0.18625351699078385       0.99545071048924783     
  0.81300000000000006      -0.18525780742444198       0.99596686732229933     
  0.81400000000000006      -0.18426158699640427       0.99647243499139315     
  0.81500000000000006      -0.18326486627871516       0.99696744774935531     
  0.81600000000000006      -0.18226765580920090       0.99745193977964397     
  0.81700000000000006      -0.18126996609153881       0.99792594519645561     
  0.81800000000000006      -0.18027180759532660       0.99838949804483057     
  0.81900000000000006      -0.17927319075615136       0.99884263230075854     
  0.82000000000000006      -0.17827412597565867       0.99928538187128402     
  0.82100000000000006      -0.17727462362162139       0.99971778059461147     
  0.82200000000000006      -0.17627469402800847        1.0001398622402107     
  0.82300000000000006      -0.17527434749505372        1.0005516605089213     
  0.82400000000000007      -0.17427359428932432        1.0009532090330582     
  0.82500000000000007      -0.17327244464378924        1.0013445413765161     
  0.82600000000000007      -0.17227090875788770        1.0017256910348740     
  0.82700000000000007      -0.17126899679759738        1.0020966914355001     
  0.82800000000000007      -0.17026671889550263        1.0024575759376553     
  0.82900000000000007      -0.16926408515086247        1.0028083778325985     
  0.83000000000000007      -0.16826110562967855        1.0031491303436897     
  0.83100000000000007      -0.16725779036476304        1.0034798666264948     
  0.83200000000000007      -0.16625414935580632        1.0038006197688889     
  0.83299999999999996      -0.16525019256944465        1.0041114227911601     
  0.83399999999999996      -0.16424592993932768        1.0044123086461132     
  0.83499999999999996      -0.16324137136618594        1.0047033102191734     
  0.83599999999999997      -0.16223652671789807        1.0049844603284890     
  0.83699999999999997      -0.16123140582955814        1.0052557917250351     
  0.83799999999999997      -0.16022601850354276        1.0055173370927164     
  0.83899999999999997      -0.15922037450957802        1.0057691290484700     
  0.83999999999999997      -0.15821448358480647        1.0060112001423691     
  0.84099999999999997      -0.15720835543385392        1.0062435828577243     
  0.84199999999999997      -0.15620199972889620        1.0064663096111874     
  0.84299999999999997      -0.15519542610972567        1.0066794127528531     
  0.84399999999999997      -0.15418864418381781        1.0068829245663615     
  0.84499999999999997      -0.15318166352639759        1.0070768772690002     
  0.84599999999999997      -0.15217449368050576        1.0072613030118067     
  0.84699999999999998      -0.15116714415706506        1.0074362338796699     
  0.84799999999999998      -0.15015962443494632        1.0076017018914318     
  0.84899999999999998      -0.14915194396103448        1.0077577389999897     
  0.84999999999999998      -0.14814411215029447        1.0079043770923974     
  0.85099999999999998      -0.14713613838583695        1.0080416479899668     
  0.85199999999999998      -0.14612803201898408        1.0081695834483686     
  0.85299999999999998      -0.14511980236933508        1.0082882151577344     
  0.85399999999999998      -0.14411145872483169        1.0083975747427567     
  0.85499999999999998      -0.14310301034182360        1.0084976937627910     
  0.85599999999999998      -0.14209446644513371        1.0085886037119551     
  0.85699999999999998      -0.14108583622812337        1.0086703360192315     
  0.85799999999999998      -0.14007712885275739        1.0087429220485664     
  0.85899999999999999      -0.13906835344966906        1.0088063930989708     
  0.85999999999999999      -0.13805951911822503        1.0088607804046208     
  0.86099999999999999      -0.13705063492659014        1.0089061151349574     
  0.86199999999999999      -0.13604170991179204        1.0089424283947872     
  0.86299999999999999      -0.13503275307978579        1.0089697512243816     
  0.86399999999999999      -0.13402377340551838        1.0089881145995769     
  0.86499999999999999      -0.13301477983299309        1.0089975494318741     
  0.86599999999999999      -0.13200578127533377        1.0089980865685380     
  0.86699999999999999      -0.13099678661484904        1.0089897567926969     
  0.86799999999999999      -0.12998780470309634        1.0089725908234419     
  0.86899999999999999      -0.12897884436094600        1.0089466193159260     
  0.87000000000000000      -0.12796991437864508        1.0089118728614630     
  0.87100000000000000      -0.12696102351588109        1.0088683819876267     
  0.87200000000000000      -0.12595218050184584        1.0088161771583495     
  0.87300000000000000      -0.12494339403529886        1.0087552887740210     
  0.87400000000000000      -0.12393467278463104        1.0086857471715867     
  0.87500000000000000      -0.12292602538792792        1.0086075826246463     
  0.87600000000000000      -0.12191746045303305        1.0085208253435520     
  0.87700000000000000      -0.12090898655761115        1.0084255054755069     
  0.87800000000000000      -0.11990061224921124        1.0083216531046626     
  0.87900000000000000      -0.11889234604532961        1.0082092982522175     
  0.88000000000000000      -0.11788419643347277        1.0080884708765145     
  0.88100000000000001      -0.11687617187122022        1.0079592008731386     
  0.88200000000000001      -0.11586828078628716        1.0078215180750145     
  0.88300000000000001      -0.11486053157658713        1.0076754522525040     
  0.88400000000000001      -0.11385293261029447        1.0075210331135036     
  0.88500000000000001      -0.11284549222590683        1.0073582903035412     
  0.88600000000000001      -0.11183821873230737        1.0071872534058735     
  0.88700000000000001      -0.11083112040882710        1.0070079519415827     
  0.88800000000000001      -0.10982420550530693        1.0068204153696738     
  0.88900000000000001      -0.10881748224215972        1.0066246730871709     
  0.89000000000000001      -0.10781095881043221        1.0064207544292136     
  0.89100000000000001      -0.10680464337186688        1.0062086886691541     
  0.89200000000000002      -0.10579854405896363        1.0059885050186530     
  0.89300000000000002      -0.10479266897504153        1.0057602326277755     
  0.89400000000000002      -0.10378702619430023        1.0055239005850880     
  0.89500000000000002      -0.10278162376188153        1.0052795379177537     
  0.89600000000000002      -0.10177646969393069        1.0050271735916283     
  0.89700000000000002      -0.10077157197765764        1.0047668365113562     
  0.89800000000000002       -9.9766938571398234E-002   1.0044985555204657     
  0.89900000000000002       -9.8762577404675270E-002   1.0042223594014648     
  0.90000000000000002       -9.7758496378259466E-002   1.0039382768759362     
  0.90100000000000002       -9.6754703364230324E-002   1.0036463366046331     
  0.90200000000000002       -9.5751206206036957E-002   1.0033465671875736     
  0.90300000000000002       -9.4748012718558719E-002   1.0030389971641367     
  0.90400000000000003       -9.3745130688165854E-002   1.0027236550131564     
  0.90500000000000003       -9.2742567872779957E-002   1.0024005691530165     
  0.90600000000000003       -9.1740332001934377E-002   1.0020697679417456     
  0.90700000000000003       -9.0738430776834550E-002   1.0017312796771116     
  0.90800000000000003       -8.9736871870418178E-002   1.0013851325967158     
  0.90900000000000003       -8.8735662927415374E-002   1.0010313548780878     
  0.91000000000000003       -8.7734811564408682E-002   1.0006699746387788     
  0.91100000000000003       -8.6734325369893020E-002   1.0003010199364566     
  0.91200000000000003       -8.5734211904335486E-002  0.99992451876899890     
  0.91300000000000003       -8.4734478700235136E-002  0.99954049907458742     
  0.91400000000000003       -8.3735133262182584E-002  0.99914898873180136     
  0.91500000000000004       -8.2736183066919627E-002  0.99875001555971132     
  0.91600000000000004       -8.1737635563398650E-002  0.99834360731797245     
  0.91700000000000004       -8.0739498172842025E-002  0.99792979170691809     
  0.91800000000000004       -7.9741778288801371E-002  0.99750859636765277     
  0.91900000000000004       -7.8744483277216726E-002  0.99708004888214530     
  0.92000000000000004       -7.7747620476475682E-002  0.99664417677332218     
  0.92100000000000004       -7.6751197197472337E-002  0.99620100750515983     
  0.92200000000000004       -7.5755220723666208E-002  0.99575056848277799     
  0.92300000000000004       -7.4759698311141057E-002  0.99529288705253194     
  0.92400000000000004       -7.3764637188663593E-002  0.99482799050210524     
  0.92500000000000004       -7.2770044557742108E-002  0.99435590606060209     
  0.92600000000000005       -7.1775927592685002E-002  0.99387666089863946     
  0.92700000000000005       -7.0782293440659227E-002  0.99339028212843961     
  0.92800000000000005       -6.9789149221748642E-002  0.99289679680392173     
  0.92900000000000005       -6.8796502029012260E-002  0.99239623192079440     
  0.93000000000000005       -6.7804358928542419E-002  0.99188861441664700     
  0.93100000000000005       -6.6812726959522867E-002  0.99137397117104153     
  0.93200000000000005       -6.5821613134286708E-002  0.99085232900560416     
  0.93300000000000005       -6.4831024438374338E-002  0.99032371468411706     
  0.93400000000000005       -6.3840967830591205E-002  0.98978815491260919     
  0.93500000000000005       -6.2851450243065557E-002  0.98924567633944804     
  0.93600000000000005       -6.1862478581306002E-002  0.98869630555543042     
  0.93700000000000006       -6.0874059724259084E-002  0.98814006909387386     
  0.93800000000000006       -5.9886200524366696E-002  0.98757699343070704     
  0.93900000000000006       -5.8898907807623427E-002  0.98700710498456101     
  0.94000000000000006       -5.7912188373633808E-002  0.98643043011685949     
  0.94100000000000006       -5.6926048995669484E-002  0.98584699513190988     
  0.94200000000000006       -5.5940496420726286E-002  0.98525682627699307     
  0.94300000000000006       -5.4955537369581198E-002  0.98465994974245452     
  0.94400000000000006       -5.3971178536849254E-002  0.98405639166179382     
  0.94500000000000006       -5.2987426591040353E-002  0.98344617811175505     
  0.94600000000000006       -5.2004288174615956E-002  0.98282933511241699     
  0.94700000000000006       -5.1021769904045701E-002  0.98220588862728253     
  0.94800000000000006       -5.0039878369863948E-002  0.98157586456336876     
  0.94900000000000007       -4.9058620136726211E-002  0.98093928877129644     
  0.95000000000000007       -4.8078001743465520E-002  0.98029618704537980     
  0.95100000000000007       -4.7098029703148671E-002  0.97964658512371561     
  0.95200000000000007       -4.6118710503132397E-002  0.97899050868827253     
  0.95300000000000007       -4.5140050605119469E-002  0.97832798336498061     
  0.95400000000000007       -4.4162056445214676E-002  0.97765903472381999     
  0.95500000000000007       -4.3184734433980736E-002  0.97698368827891002     
  0.95600000000000007       -4.2208090956494103E-002  0.97630196948859815     
  0.95700000000000007       -4.1232132372400712E-002  0.97561390375554868     
  0.95800000000000007       -4.0256865015971609E-002  0.97491951642683117     
  0.95900000000000007       -3.9282295196158487E-002  0.97421883279400923     
  0.95999999999999996       -3.8308429196649174E-002  0.97351187809322870     
  0.96099999999999997       -3.7335273275922995E-002  0.97279867750530591     
  0.96199999999999997       -3.6362833667306055E-002  0.97207925615581614     
  0.96299999999999997       -3.5391116579026431E-002  0.97135363911518147     
  0.96399999999999997       -3.4420128194269296E-002  0.97062185139875867     
  0.96499999999999997       -3.3449874671231936E-002  0.96988391796692708     
  0.96599999999999997       -3.2480362143178676E-002  0.96913986372517635     
  0.96699999999999997       -3.1511596718495731E-002  0.96838971352419423     
  0.96799999999999997       -3.0543584480745962E-002  0.96763349215995376     
  0.96899999999999997       -2.9576331488723556E-002  0.96687122437380080     
  0.96999999999999997       -2.8609843776508596E-002  0.96610293485254117     
  0.97099999999999997       -2.7644127353521571E-002  0.96532864822852826     
  0.97199999999999998       -2.6679188204577771E-002  0.96454838907974949     
  0.97299999999999998       -2.5715032289941625E-002  0.96376218192991359     
  0.97399999999999998       -2.4751665545380924E-002  0.96297005124853741     
  0.97499999999999998       -2.3789093882220974E-002  0.96217202145103253     
  0.97599999999999998       -2.2827323187398663E-002  0.96136811689879209     
  0.97699999999999998       -2.1866359323516424E-002  0.96055836189927690     
  0.97799999999999998       -2.0906208128896139E-002  0.95974278070610208     
  0.97899999999999998       -1.9946875417632931E-002  0.95892139751912353     
  0.97999999999999998       -1.8988366979648886E-002  0.95809423648452363     
  0.98099999999999998       -1.8030688580746679E-002  0.95726132169489764     
  0.98199999999999998       -1.7073845962663120E-002  0.95642267718933949     
  0.98299999999999998       -1.6117844843122616E-002  0.95557832695352785     
  0.98399999999999999       -1.5162690915890540E-002  0.95472829491981148     
  0.98499999999999999       -1.4208389850826517E-002  0.95387260496729509     
  0.98599999999999999       -1.3254947293937631E-002  0.95301128092192489     
  0.98699999999999999       -1.2302368867431532E-002  0.95214434655657376     
  0.98799999999999999       -1.1350660169769478E-002  0.95127182559112688     
  0.98899999999999999       -1.0399826775719269E-002  0.95039374169256652     
  0.98999999999999999       -9.4498742364081158E-003  0.94951011847505729     
  0.99099999999999999       -8.5008080793754128E-003  0.94862097950003121     
  0.99199999999999999       -7.5526338086254249E-003  0.94772634827627233     
  0.99299999999999999       -6.6053569046798976E-003  0.94682624826000183     
  0.99399999999999999       -5.6589828246305764E-003  0.94592070285496221     
  0.99500000000000000       -4.7135170021916431E-003  0.94500973541250199     
  0.99600000000000000       -3.7689648477520670E-003  0.94409336923166032     
  0.99700000000000000       -2.8253317484278726E-003  0.94317162755925110     
  0.99800000000000000       -1.8826230681143236E-003  0.94224453358994720     
  0.99900000000000000       -9.4084414753802111E-004  0.94131211046636443     
   1.0000000000000000       -3.0430891964292051E-010  0.94037438127914585     
