   0.0000000000000000        1.0000000000000000       -1.4458005210118634     
   1.0000000000000000E-003  0.99879551462234784       -1.4447556032897031     
   2.0000000000000000E-003  0.99735110720607123       -1.4438486804358492     
   3.0000000000000001E-003  0.99590768747206204       -1.4428554883020899     
   4.0000000000000001E-003  0.99446529034538322       -1.4418407692514075     
   5.0000000000000001E-003  0.99302392328588085       -1.4408167598970438     
   6.0000000000000001E-003  0.99158358956934523       -1.4397878838748464     
   7.0000000000000001E-003  0.99014429094128242       -1.4387562004388581     
   8.0000000000000002E-003  0.98870602838695576       -1.4377228161599924     
   9.0000000000000011E-003  0.98726880245385318       -1.4366883849349172     
   1.0000000000000000E-002  0.98583261341423634       -1.4356533205162125     
   1.0999999999999999E-002  0.98439746135668604       -1.4346178986605205     
   1.2000000000000000E-002  0.98296334624166737       -1.4335823108317769     
   1.3000000000000001E-002  0.98153026793715870       -1.4325466944501031     
   1.4000000000000000E-002  0.98009822624249054       -1.4315111508914640     
   1.4999999999999999E-002  0.97866722090485181       -1.4304757566903696     
   1.6000000000000000E-002  0.97723725163104835       -1.4294405707786570     
   1.7000000000000001E-002  0.97580831809608359       -1.4284056393141884     
   1.8000000000000002E-002  0.97438041994954994       -1.4273709989912995     
   1.9000000000000000E-002  0.97295355682047624       -1.4263366793650982     
   2.0000000000000000E-002  0.97152772832106327       -1.4253027045179039     
   2.1000000000000001E-002  0.97010293404960246       -1.4242690942763938     
   2.1999999999999999E-002  0.96867917359278566       -1.4232358651154335     
   2.3000000000000000E-002  0.96725644652755360       -1.4222030308392988     
   2.4000000000000000E-002  0.96583475242259065       -1.4211706031020603     
   2.5000000000000001E-002  0.96441409083954410       -1.4201385918099860     
   2.6000000000000002E-002  0.96299446133402888       -1.4191070054361890     
   2.7000000000000000E-002  0.96157586345645996       -1.4180758512691813     
   2.8000000000000001E-002  0.96015829675274855       -1.4170451356110660     
   2.9000000000000001E-002  0.95874176076488737       -1.4160148639369428     
   2.9999999999999999E-002  0.95732625503144608       -1.4149850410241500     
   3.1000000000000000E-002  0.95591177908799341       -1.4139556710578329     
   3.2000000000000001E-002  0.95449833246745774       -1.4129267577177707     
   3.3000000000000002E-002  0.95308591470043791       -1.4118983042502558     
   3.4000000000000002E-002  0.95167452531547136       -1.4108703135279559     
   3.5000000000000003E-002  0.95026416383926704       -1.4098427881000544     
   3.6000000000000004E-002  0.94885482979690849       -1.4088157302344682     
   3.6999999999999998E-002  0.94744652271203145       -1.4077891419535775     
   3.7999999999999999E-002  0.94603924210697987       -1.4067630250646046     
   3.9000000000000000E-002  0.94463298750294322       -1.4057373811855598     
   4.0000000000000001E-002  0.94322775842007855       -1.4047122117674955     
   4.1000000000000002E-002  0.94182355437761767       -1.4036875181136692     
   4.2000000000000003E-002  0.94042037489396368       -1.4026633013961090     
   4.3000000000000003E-002  0.93901821948677622       -1.4016395626699831     
   4.3999999999999997E-002  0.93761708767304808       -1.4006163028861105     
   4.4999999999999998E-002  0.93621697896917400       -1.3995935229018854     
   4.5999999999999999E-002  0.93481789289101236       -1.3985712234908498     
   4.7000000000000000E-002  0.93341982895394093       -1.3975494053511033     
   4.8000000000000001E-002  0.93202278667290683       -1.3965280691127151     
   4.9000000000000002E-002  0.93062676556247237       -1.3955072153442727     
   5.0000000000000003E-002  0.92923176513685601       -1.3944868445586831     
   5.1000000000000004E-002  0.92783778490997026       -1.3934669572183258     
   5.2000000000000005E-002  0.92644482439545528       -1.3924475537396406     
   5.2999999999999999E-002  0.92505288310671052       -1.3914286344972193     
   5.3999999999999999E-002  0.92366196055692296       -1.3904101998274678     
   5.5000000000000000E-002  0.92227205625909314       -1.3893922500318860     
   5.6000000000000001E-002  0.92088316972605899       -1.3883747853800135     
   5.7000000000000002E-002  0.91949530047051808       -1.3873578061120808     
   5.8000000000000003E-002  0.91810844800504743       -1.3863413124413995     
   5.9000000000000004E-002  0.91672261184212223       -1.3853253045565199     
   5.9999999999999998E-002  0.91533779149413297       -1.3843097826231845     
   6.0999999999999999E-002  0.91395398647340109       -1.3832947467860979     
   6.2000000000000000E-002  0.91257119629219385       -1.3822801971705332     
   6.3000000000000000E-002  0.91118942046273788       -1.3812661338837933     
   6.4000000000000001E-002  0.90980865849723136       -1.3802525570165414     
   6.5000000000000002E-002  0.90842890990785607       -1.3792394666440142     
   6.6000000000000003E-002  0.90705017420678791       -1.3782268628271310     
   6.7000000000000004E-002  0.90567245090620729       -1.3772147456135064     
   6.8000000000000005E-002  0.90429573951830811       -1.3762031150383796     
   6.9000000000000006E-002  0.90292003955530686       -1.3751919711254654     
   7.0000000000000007E-002  0.90154535052945051       -1.3741813138877366     
   7.1000000000000008E-002  0.90017167195302417       -1.3731711433281422     
   7.2000000000000008E-002  0.89879900333835838       -1.3721614594402700     
   7.2999999999999995E-002  0.89742734419783543       -1.3711522622089560     
   7.3999999999999996E-002  0.89605669404389598       -1.3701435516108476     
   7.4999999999999997E-002  0.89468705238904456       -1.3691353276149223     
   7.5999999999999998E-002  0.89331841874585516       -1.3681275901829697     
   7.6999999999999999E-002  0.89195079262697652       -1.3671203392700353     
   7.8000000000000000E-002  0.89058417354513686       -1.3661135748248339     
   7.9000000000000001E-002  0.88921856101314822       -1.3651072967901305     
   8.0000000000000002E-002  0.88785395454391114       -1.3641015051030967     
   8.1000000000000003E-002  0.88649035365041828       -1.3630961996956397     
   8.2000000000000003E-002  0.88512775784575859       -1.3620913804947095     
   8.3000000000000004E-002  0.88376616664312058       -1.3610870474225845     
   8.4000000000000005E-002  0.88240557955579590       -1.3600832003971377     
   8.5000000000000006E-002  0.88104599609718226       -1.3590798393320851     
   8.6000000000000007E-002  0.87968741578078680       -1.3580769641372172     
   8.7000000000000008E-002  0.87832983812022869       -1.3570745747186155     
   8.7999999999999995E-002  0.87697326262924191       -1.3560726709788549     
   8.8999999999999996E-002  0.87561768882167779       -1.3550712528171933     
   8.9999999999999997E-002  0.87426311621150732       -1.3540703201297484     
   9.0999999999999998E-002  0.87290954431282353       -1.3530698728096637     
   9.1999999999999998E-002  0.87155697263984377       -1.3520699107472653     
   9.2999999999999999E-002  0.87020540070691166       -1.3510704338302071     
   9.4000000000000000E-002  0.86885482802849878       -1.3500714419436077     
   9.5000000000000001E-002  0.86750525411920709       -1.3490729349701809     
   9.6000000000000002E-002  0.86615667849377020       -1.3480749127903553     
   9.7000000000000003E-002  0.86480910066705519       -1.3470773752823897     
   9.8000000000000004E-002  0.86346252015406433       -1.3460803223224793     
   9.9000000000000005E-002  0.86211693646993648       -1.3450837537848581     
  0.10000000000000001       0.86077234912994838       -1.3440876695418933     
  0.10100000000000001       0.85942875764951643       -1.3430920694641761     
  0.10200000000000001       0.85808616154419748       -1.3420969534206060     
  0.10300000000000001       0.85674456032969049       -1.3411023212784710     
  0.10400000000000001       0.85540395352183751       -1.3401081729035238     
  0.10500000000000000       0.85406434063662484       -1.3391145081600533     
  0.10600000000000000       0.85272572119018419       -1.3381213269109520     
  0.10700000000000000       0.85138809469879362       -1.3371286290177806     
  0.10800000000000000       0.85005146067887860       -1.3361364143408283     
  0.10900000000000000       0.84871581864701273       -1.3351446827391704     
  0.11000000000000000       0.84738116811991904       -1.3341534340707231     
  0.11100000000000000       0.84604750861447031       -1.3331626681922950     
  0.11200000000000000       0.84471483964769045       -1.3321723849596359     
  0.11300000000000000       0.84338316073675490       -1.3311825842274838     
  0.11400000000000000       0.84205247139899153       -1.3301932658496087     
  0.11500000000000000       0.84072277115188121       -1.3292044296788552     
  0.11600000000000001       0.83939405951305879       -1.3282160755671815     
  0.11700000000000001       0.83806633600031333       -1.3272282033656984     
  0.11800000000000001       0.83673960013158910       -1.3262408129247043     
  0.11900000000000001       0.83541385142498603       -1.3252539040937210     
  0.12000000000000000       0.83408908939876036       -1.3242674767215250     
  0.12100000000000000       0.83276531357132499       -1.3232815306561796     
  0.12200000000000000       0.83144252346125014       -1.3222960657450642     
  0.12300000000000000       0.83012071858726399       -1.3213110818349028     
  0.12400000000000000       0.82879989846825297       -1.3203265787717910     
  0.12500000000000000       0.82748006262326224       -1.3193425564012218     
  0.12600000000000000       0.82616121057149616       -1.3183590145681097     
  0.12700000000000000       0.82484334183231889       -1.3173759531168150     
  0.12800000000000000       0.82352645592525442       -1.3163933718911658     
  0.12900000000000000       0.82221055236998741       -1.3154112707344794     
  0.13000000000000000       0.82089563068636318       -1.3144296494895829     
  0.13100000000000001       0.81958169039438833       -1.3134485079988327     
  0.13200000000000001       0.81826873101423092       -1.3124678461041333     
  0.13300000000000001       0.81695675206622087       -1.3114876636469552     
  0.13400000000000001       0.81564575307085041       -1.3105079604683523     
  0.13500000000000001       0.81433573354877409       -1.3095287364089776     
  0.13600000000000001       0.81302669302080932       -1.3085499913090999     
  0.13700000000000001       0.81171863100793662       -1.3075717250086181     
  0.13800000000000001       0.81041154703129981       -1.3065939373470759     
  0.13900000000000001       0.80910544061220624       -1.3056166281636759     
  0.14000000000000001       0.80780031127212715       -1.3046397972972925     
  0.14100000000000001       0.80649615853269785       -1.3036634445864850     
  0.14200000000000002       0.80519298191571798       -1.3026875698695093     
  0.14300000000000002       0.80389078094315181       -1.3017121729843302     
  0.14400000000000002       0.80258955513712826       -1.3007372537686324     
  0.14499999999999999       0.80128930401994114       -1.2997628120598312     
  0.14599999999999999       0.79999002711404943       -1.2987888476950833     
  0.14699999999999999       0.79869172394207755       -1.2978153605112961     
  0.14799999999999999       0.79739439402681545       -1.2968423503451381     
  0.14899999999999999       0.79609803689121861       -1.2958698170330474     
  0.14999999999999999       0.79480265205840839       -1.2948977604112410     
  0.15100000000000000       0.79350823905167223       -1.2939261803157234     
  0.15200000000000000       0.79221479739446377       -1.2929550765822941     
  0.15300000000000000       0.79092232661040285       -1.2919844490465568     
  0.15400000000000000       0.78963082622327585       -1.2910142975439258     
  0.15500000000000000       0.78834029575703568       -1.2900446219096338     
  0.15600000000000000       0.78705073473580189       -1.2890754219787388     
  0.15700000000000000       0.78576214268386102       -1.2881066975861315     
  0.15800000000000000       0.78447451912566657       -1.2871384485665409     
  0.15900000000000000       0.78318786358583892       -1.2861706747545412     
  0.16000000000000000       0.78190217558916586       -1.2852033759845578     
  0.16100000000000000       0.78061745466060228       -1.2842365520908732     
  0.16200000000000001       0.77933370032527050       -1.2832702029076324     
  0.16300000000000001       0.77805091210846045       -1.2823043282688489     
  0.16400000000000001       0.77676908953562940       -1.2813389280084091     
  0.16500000000000001       0.77548823213240248       -1.2803740019600784     
  0.16600000000000001       0.77420833942457234       -1.2794095499575053     
  0.16700000000000001       0.77292941093809975       -1.2784455718342265     
  0.16800000000000001       0.77165144619911308       -1.2774820674236715     
  0.16900000000000001       0.77037444473390881       -1.2765190365591668     
  0.17000000000000001       0.76909840606895152       -1.2755564790739404     
  0.17100000000000001       0.76782332973087375       -1.2745943948011258     
  0.17200000000000001       0.76654921524647623       -1.2736327835737660     
  0.17300000000000001       0.76527606214272792       -1.2726716452248172     
  0.17400000000000002       0.76400386994676617       -1.2717109795871531     
  0.17500000000000002       0.76273263818589643       -1.2707507864935679     
  0.17599999999999999       0.76146236638759279       -1.2697910657767799     
  0.17699999999999999       0.76019305407949767       -1.2688318172694351     
  0.17799999999999999       0.75892470078942198       -1.2678730408041099     
  0.17899999999999999       0.75765730604534509       -1.2669147362133153     
  0.17999999999999999       0.75639086937541489       -1.2659569033294991     
  0.18099999999999999       0.75512539030794812       -1.2649995419850490     
  0.18200000000000000       0.75386086837142985       -1.2640426520122956     
  0.18300000000000000       0.75259730309451400       -1.2630862332435151     
  0.18400000000000000       0.75133469400602326       -1.2621302855109322     
  0.18500000000000000       0.75007304063494884       -1.2611748086467223     
  0.18600000000000000       0.74881234251045081       -1.2602198024830145     
  0.18700000000000000       0.74755259916185812       -1.2592652668518933     
  0.18800000000000000       0.74629381011866835       -1.2583112015854023     
  0.18900000000000000       0.74503597491054807       -1.2573576065155450     
  0.19000000000000000       0.74377909306733259       -1.2564044814742876     
  0.19100000000000000       0.74252316411902608       -1.2554518262935619     
  0.19200000000000000       0.74126818759580182       -1.2544996408052664     
  0.19300000000000000       0.74001416302800171       -1.2535479248412686     
  0.19400000000000001       0.73876108994613665       -1.2525966782334070     
  0.19500000000000001       0.73750896788088660       -1.2516459008134935     
  0.19600000000000001       0.73625779636310029       -1.2506955924133141     
  0.19700000000000001       0.73500757492379554       -1.2497457528646323     
  0.19800000000000001       0.73375830309415901       -1.2487963819991892     
  0.19900000000000001       0.73250998040554638       -1.2478474796487065     
  0.20000000000000001       0.73126260638948226       -1.2468990456448874     
  0.20100000000000001       0.73001618057766027       -1.2459510798194187     
  0.20200000000000001       0.72877070250194298       -1.2450035820039718     
  0.20300000000000001       0.72752617169436196       -1.2440565520302045     
  0.20400000000000001       0.72628258768711773       -1.2431099897297626     
  0.20500000000000002       0.72503995001257981       -1.2421638949342813     
  0.20600000000000002       0.72379825820328669       -1.2412182674753860     
  0.20700000000000002       0.72255751179194583       -1.2402731071846949     
  0.20800000000000002       0.72131771031143366       -1.2393284138938188     
  0.20899999999999999       0.72007885329479548       -1.2383841874343637     
  0.20999999999999999       0.71884094027524570       -1.2374404276379312     
  0.21099999999999999       0.71760397078616767       -1.2364971343361200     
  0.21199999999999999       0.71636794436111351       -1.2355543073605268     
  0.21299999999999999       0.71513286053380432       -1.2346119465427483     
  0.21400000000000000       0.71389871883813028       -1.2336700517143810     
  0.21500000000000000       0.71266551880815032       -1.2327286227070235     
  0.21600000000000000       0.71143325997809237       -1.2317876593522770     
  0.21700000000000000       0.71020194188235319       -1.2308471614817458     
  0.21800000000000000       0.70897156405549844       -1.2299071289270394     
  0.21900000000000000       0.70774212603226250       -1.2289675615197726     
  0.22000000000000000       0.70651362734754886       -1.2280284590915669     
  0.22100000000000000       0.70528606753642964       -1.2270898214740513     
  0.22200000000000000       0.70405944613414584       -1.2261516484988630     
  0.22300000000000000       0.70283376267610720       -1.2252139399976487     
  0.22400000000000000       0.70160901669789233       -1.2242766958020650     
  0.22500000000000001       0.70038520773524859       -1.2233399157437794     
  0.22600000000000001       0.69916233532409200       -1.2224035996544713     
  0.22700000000000001       0.69794039900050731       -1.2214677473658324     
  0.22800000000000001       0.69671939830074803       -1.2205323587095676     
  0.22900000000000001       0.69549933276123643       -1.2195974335173960     
  0.23000000000000001       0.69428020191856332       -1.2186629716210515     
  0.23100000000000001       0.69306200530948803       -1.2177289728522833     
  0.23200000000000001       0.69184474247093874       -1.2167954370428569     
  0.23300000000000001       0.69062841294001220       -1.2158623640245541     
  0.23400000000000001       0.68941301625397367       -1.2149297536291748     
  0.23500000000000001       0.68819855195025681       -1.2139976056885367     
  0.23600000000000002       0.68698501956646407       -1.2130659200344762     
  0.23700000000000002       0.68577241864036620       -1.2121346964988493     
  0.23800000000000002       0.68456074870990247       -1.2112039349135317     
  0.23900000000000002       0.68335000931318068       -1.2102736351104195     
  0.23999999999999999       0.68214019998847697       -1.2093437969214300     
  0.24099999999999999       0.68093132027423586       -1.2084144201785023     
  0.24199999999999999       0.67972336970907021       -1.2074855047135973     
  0.24299999999999999       0.67851634783176140       -1.2065570503586989     
  0.24399999999999999       0.67731025418125890       -1.2056290569458139     
  0.24500000000000000       0.67610508829668059       -1.2047015243069732     
  0.24600000000000000       0.67490084971731246       -1.2037744522742315     
  0.24700000000000000       0.67369753798260890       -1.2028478406796685     
  0.24800000000000000       0.67249515263219239       -1.2019216893553886     
  0.24900000000000000       0.67129369320585364       -1.2009959981335221     
  0.25000000000000000       0.67009315924355151       -1.2000707668462252     
  0.25100000000000000       0.66889355028541275       -1.1991459953256807     
  0.25200000000000000       0.66769486587173243       -1.1982216834040980     
  0.25300000000000000       0.66649710554297359       -1.1972978309137139     
  0.25400000000000000       0.66530026883976723       -1.1963744376867931     
  0.25500000000000000       0.66410435530291234       -1.1954515035556281     
  0.25600000000000001       0.66290936447337589       -1.1945290283525403     
  0.25700000000000001       0.66171529589229272       -1.1936070119098792     
  0.25800000000000001       0.66052214910096563       -1.1926854540600242     
  0.25900000000000001       0.65932992364086518       -1.1917643546353840     
  0.26000000000000001       0.65813861905362969       -1.1908437134683971     
  0.26100000000000001       0.65694823488106546       -1.1899235303915325     
  0.26200000000000001       0.65575877066514632       -1.1890038052372895     
  0.26300000000000001       0.65457022594801384       -1.1880845378381988     
  0.26400000000000001       0.65338260027197748       -1.1871657280268220     
  0.26500000000000001       0.65219589317951410       -1.1862473756357521     
  0.26600000000000001       0.65101010421326821       -1.1853294804976144     
  0.26700000000000002       0.64982523291605199       -1.1844120424450661     
  0.26800000000000002       0.64864127883084510       -1.1834950613107971     
  0.26900000000000002       0.64745824150079467       -1.1825785369275295     
  0.27000000000000002       0.64627612046921545       -1.1816624691280189     
  0.27100000000000002       0.64509491527958940       -1.1807468577450542     
  0.27200000000000002       0.64391462547556588       -1.1798317026114575     
  0.27300000000000002       0.64273525060096182       -1.1789170035600851     
  0.27400000000000002       0.64155679019976120       -1.1780027604238270     
  0.27500000000000002       0.64037924381611555       -1.1770889730356078     
  0.27600000000000002       0.63920261099434339       -1.1761756412283866     
  0.27700000000000002       0.63802689127893064       -1.1752627648351575     
  0.27800000000000002       0.63685208421453032       -1.1743503436889491     
  0.27900000000000003       0.63567818934596254       -1.1734383776228259     
  0.28000000000000003       0.63450520621821449       -1.1725268664698876     
  0.28100000000000003       0.63333313437644057       -1.1716158100632696     
  0.28200000000000003       0.63216197336596203       -1.1707052082361433     
  0.28300000000000003       0.63099172273226711       -1.1697950608217162     
  0.28400000000000003       0.62982238202101115       -1.1688853676532323     
  0.28500000000000003       0.62865395077801622       -1.1679761285639716     
  0.28600000000000003       0.62748642854927128       -1.1670673433872516     
  0.28700000000000003       0.62631981488093225       -1.1661590119564262     
  0.28800000000000003       0.62515410931932158       -1.1652511341048866     
  0.28899999999999998       0.62398931141092873       -1.1643437096660614     
  0.28999999999999998       0.62282542070240965       -1.1634367384734166     
  0.29099999999999998       0.62166243674058708       -1.1625302203604557     
  0.29199999999999998       0.62050035907245038       -1.1616241551607205     
  0.29299999999999998       0.61933918724515546       -1.1607185427077904     
  0.29399999999999998       0.61817892080602488       -1.1598133828352830     
  0.29499999999999998       0.61701955930254748       -1.1589086753768545     
  0.29599999999999999       0.61586110228237878       -1.1580044201661992     
  0.29699999999999999       0.61470354929334059       -1.1571006170370504     
  0.29799999999999999       0.61354689988342115       -1.1561972658231801     
  0.29899999999999999       0.61239115360077501       -1.1552943663583992     
  0.29999999999999999       0.61123630999372314       -1.1543919184765576     
  0.30099999999999999       0.61008236861075260       -1.1534899220115449     
  0.30199999999999999       0.60892932900051688       -1.1525883767972895     
  0.30299999999999999       0.60777719071183545       -1.1516872826677598     
  0.30399999999999999       0.60662595329369406       -1.1507866394569635     
  0.30499999999999999       0.60547561629524438       -1.1498864469989483     
  0.30599999999999999       0.60432617926580434       -1.1489867051278015     
  0.30700000000000000       0.60317764175485777       -1.1480874136776511     
  0.30800000000000000       0.60203000331205447       -1.1471885724826647     
  0.30900000000000000       0.60088326348721022       -1.1462901813770503     
  0.31000000000000000       0.59973742183030665       -1.1453922401950563     
  0.31100000000000000       0.59859247789149128       -1.1444947487709718     
  0.31200000000000000       0.59744843122107738       -1.1435977069391265     
  0.31300000000000000       0.59630528136954397       -1.1427011145338908     
  0.31400000000000000       0.59516302788753583       -1.1418049713896756     
  0.31500000000000000       0.59402167032586339       -1.1409092773409335     
  0.31600000000000000       0.59288120823550283       -1.1400140322221577     
  0.31700000000000000       0.59174164116759576       -1.1391192358678826     
  0.31800000000000000       0.59060296867344941       -1.1382248881126837     
  0.31900000000000001       0.58946519030453648       -1.1373309887911787     
  0.32000000000000001       0.58832830561249516       -1.1364375377380256     
  0.32100000000000001       0.58719231414912920       -1.1355445347879249     
  0.32200000000000001       0.58605721546640743       -1.1346519797756185     
  0.32300000000000001       0.58492300911646433       -1.1337598725358897     
  0.32400000000000001       0.58378969465159936       -1.1328682129035641     
  0.32500000000000001       0.58265727162427750       -1.1319770007135090     
  0.32600000000000001       0.58152573958712883       -1.1310862358006339     
  0.32700000000000001       0.58039509809294865       -1.1301959179998904     
  0.32800000000000001       0.57926534669469720       -1.1293060471462719     
  0.32900000000000001       0.57813648494549996       -1.1284166230748145     
  0.33000000000000002       0.57700851239864748       -1.1275276456205963     
  0.33100000000000002       0.57588142860759517       -1.1266391146187382     
  0.33200000000000002       0.57475523312596344       -1.1257510299044033     
  0.33300000000000002       0.57362992550753755       -1.1248633913127974     
  0.33400000000000002       0.57250550530626776       -1.1239761986791690     
  0.33500000000000002       0.57138197207626906       -1.1230894518388090     
  0.33600000000000002       0.57025932537182122       -1.1222031506270518     
  0.33700000000000002       0.56913756474736865       -1.1213172948792738     
  0.33800000000000002       0.56801668975752051       -1.1204318844308949     
  0.33900000000000002       0.56689669995705072       -1.1195469191173777     
  0.34000000000000002       0.56577759490089763       -1.1186623987742281     
  0.34100000000000003       0.56465937414416412       -1.1177783232369949     
  0.34200000000000003       0.56354203724211771       -1.1168946923412701     
  0.34300000000000003       0.56242558375019036       -1.1160115059226894     
  0.34400000000000003       0.56131001322397844       -1.1151287638169312     
  0.34500000000000003       0.56019532521924265       -1.1142464658597173     
  0.34600000000000003       0.55908151929190808       -1.1133646118868135     
  0.34700000000000003       0.55796859499806395       -1.1124832017340283     
  0.34800000000000003       0.55685655189396399       -1.1116022352372144     
  0.34900000000000003       0.55574538953602592       -1.1107217122322677     
  0.35000000000000003       0.55463510748083167       -1.1098416325551279     
  0.35100000000000003       0.55352570528512723       -1.1089619960417785     
  0.35199999999999998       0.55241718250582283       -1.1080828025282463     
  0.35299999999999998       0.55130953869999255       -1.1072040518506023     
  0.35399999999999998       0.55020277342487445       -1.1063257438449614     
  0.35499999999999998       0.54909688623787056       -1.1054478783474819     
  0.35599999999999998       0.54799187669654681       -1.1045704551943667     
  0.35699999999999998       0.54688774435863297       -1.1036934742218620     
  0.35799999999999998       0.54578448878202268       -1.1028169352662587     
  0.35899999999999999       0.54468210952477314       -1.1019408381638913     
  0.35999999999999999       0.54358060614510539       -1.1010651827511386     
  0.36099999999999999       0.54247997820140414       -1.1001899688644234     
  0.36199999999999999       0.54138022525221774       -1.0993151963402130     
  0.36299999999999999       0.54028134685625795       -1.0984408650150186     
  0.36399999999999999       0.53918334257240019       -1.0975669747253960     
  0.36499999999999999       0.53808621195968342       -1.0966935253079451     
  0.36599999999999999       0.53698995457730991       -1.0958205165993102     
  0.36699999999999999       0.53589456998464535       -1.0949479484361802     
  0.36799999999999999       0.53480005774121886       -1.0940758206552881     
  0.36899999999999999       0.53370641740672264       -1.0932041330934115     
  0.37000000000000000       0.53261364854101245       -1.0923328855873726     
  0.37100000000000000       0.53152175070410712       -1.0914620779740383     
  0.37200000000000000       0.53043072345618858       -1.0905917100903195     
  0.37300000000000000       0.52934056635760196       -1.0897217817731724     
  0.37400000000000000       0.52825127896885549       -1.0888522928595972     
  0.37500000000000000       0.52716286085062025       -1.0879832431866392     
  0.37600000000000000       0.52607531156373066       -1.0871146325913885     
  0.37700000000000000       0.52498863066918378       -1.0862464609109794     
  0.37800000000000000       0.52390281772813962       -1.0853787279825915     
  0.37900000000000000       0.52281787230192112       -1.0845114336434489     
  0.38000000000000000       0.52173379395201391       -1.0836445777308206     
  0.38100000000000001       0.52065058224006655       -1.0827781600820203     
  0.38200000000000001       0.51956823672789010       -1.0819121805344070     
  0.38300000000000001       0.51848675697745850       -1.0810466389253841     
  0.38400000000000001       0.51740614255090811       -1.0801815350924002     
  0.38500000000000001       0.51632639301053807       -1.0793168688729491     
  0.38600000000000001       0.51524750791880991       -1.0784526401045689     
  0.38700000000000001       0.51416948683834773       -1.0775888486248433     
  0.38800000000000001       0.51309232933193805       -1.0767254942714009     
  0.38900000000000001       0.51201603496252968       -1.0758625768819152     
  0.39000000000000001       0.51094060329323387       -1.0750000962941049     
  0.39100000000000001       0.50986603388732421       -1.0741380523457338     
  0.39200000000000002       0.50879232630823656       -1.0732764448746106     
  0.39300000000000002       0.50771948011956891       -1.0724152737185895     
  0.39400000000000002       0.50664749488508143       -1.0715545387155698     
  0.39500000000000002       0.50557637016869639       -1.0706942397034958     
  0.39600000000000002       0.50450610553449826       -1.0698343765203571     
  0.39700000000000002       0.50343670054673340       -1.0689749490041884     
  0.39800000000000002       0.50236815476981023       -1.0681159569930698     
  0.39900000000000002       0.50130046776829917       -1.0672574003251267     
  0.40000000000000002       0.50023363910693242       -1.0663992788385297     
  0.40100000000000002       0.49916766835060400       -1.0655415923714948     
  0.40200000000000002       0.49810255506436985       -1.0646843407622832     
  0.40300000000000002       0.49703829881344758       -1.0638275238492014     
  0.40400000000000003       0.49597489916321658       -1.0629711414706013     
  0.40500000000000003       0.49491235567921787       -1.0621151934648803     
  0.40600000000000003       0.49385066792715410       -1.0612596796704807     
  0.40700000000000003       0.49278983547288946       -1.0604045999258911     
  0.40800000000000003       0.49172985788244972       -1.0595499540696447     
  0.40900000000000003       0.49067073472202205       -1.0586957419403202     
  0.41000000000000003       0.48961246555795518       -1.0578419633765423     
  0.41100000000000003       0.48855504995675914       -1.0569886182169808     
  0.41200000000000003       0.48749848748510527       -1.0561357063003507     
  0.41300000000000003       0.48644277770982630       -1.0552832274654129     
  0.41400000000000003       0.48538792019791621       -1.0544311815509739     
  0.41500000000000004       0.48433391451653013       -1.0535795683958853     
  0.41600000000000004       0.48328076023298433       -1.0527283878390443     
  0.41699999999999998       0.48222845691475630       -1.0518776397193939     
  0.41799999999999998       0.48117700412948450       -1.0510273238759222     
  0.41899999999999998       0.48012640144496849       -1.0501774401476636     
  0.41999999999999998       0.47907664842916875       -1.0493279883736972     
  0.42099999999999999       0.47802774465020670       -1.0484789683931484     
  0.42199999999999999       0.47697968967636462       -1.0476303800451876     
  0.42299999999999999       0.47593248307608571       -1.0467822231690311     
  0.42399999999999999       0.47488612441797395       -1.0459344976039411     
  0.42499999999999999       0.47384061327079402       -1.0450872031892249     
  0.42599999999999999       0.47279594920347129       -1.0442403397642355     
  0.42699999999999999       0.47175213178509184       -1.0433939071683718     
  0.42799999999999999       0.47070916058490231       -1.0425479052410782     
  0.42899999999999999       0.46966703517230995       -1.0417023338218450     
  0.42999999999999999       0.46862575511688254       -1.0408571927502077     
  0.43099999999999999       0.46758531998834824       -1.0400124818657479     
  0.43200000000000000       0.46654572935659572       -1.0391682010080925     
  0.43300000000000000       0.46550698279167402       -1.0383243500169144     
  0.43400000000000000       0.46446907986379249       -1.0374809287319320     
  0.43500000000000000       0.46343202014332080       -1.0366379369929097     
  0.43600000000000000       0.46239580320078882       -1.0357953746396573     
  0.43700000000000000       0.46136042860688670       -1.0349532415120302     
  0.43800000000000000       0.46032589593246459       -1.0341115374499299     
  0.43900000000000000       0.45929220474853288       -1.0332702622933034     
  0.44000000000000000       0.45825935462626199       -1.0324294158821437     
  0.44100000000000000       0.45722734513698232       -1.0315889980564890     
  0.44200000000000000       0.45619617585218425       -1.0307490086564237     
  0.44300000000000000       0.45516584634351803       -1.0299094475220778     
  0.44400000000000001       0.45413635618279391       -1.0290703144936271     
  0.44500000000000001       0.45310770494198188       -1.0282316094112931     
  0.44600000000000001       0.45207989219321171       -1.0273933321153430     
  0.44700000000000001       0.45105291750877291       -1.0265554824460901     
  0.44800000000000001       0.45002678046111477       -1.0257180602438929     
  0.44900000000000001       0.44900148062284606       -1.0248810653491562     
  0.45000000000000001       0.44797701756673530       -1.0240444976023304     
  0.45100000000000001       0.44695339086571045       -1.0232083568439116     
  0.45200000000000001       0.44593060009285906       -1.0223726429144417     
  0.45300000000000001       0.44490864482142811       -1.0215373556545086     
  0.45400000000000001       0.44388752462482400       -1.0207024949047458     
  0.45500000000000002       0.44286723907661246       -1.0198680605058326     
  0.45600000000000002       0.44184778775051858       -1.0190340522984940     
  0.45700000000000002       0.44082917022042672       -1.0182004701235010     
  0.45800000000000002       0.43981138606038050       -1.0173673138216703     
  0.45900000000000002       0.43879443484458264       -1.0165345832338646     
  0.46000000000000002       0.43777831614739510       -1.0157022782009921     
  0.46100000000000002       0.43676302954333884       -1.0148703985640071     
  0.46200000000000002       0.43574857460709393       -1.0140389441639093     
  0.46300000000000002       0.43473495091349945       -1.0132079148417446     
  0.46400000000000002       0.43372215803755337       -1.0123773104386045     
  0.46500000000000002       0.43271019555441259       -1.0115471307956263     
  0.46600000000000003       0.43169906303939293       -1.0107173757539936     
  0.46700000000000003       0.43068876006796891       -1.0098880451549350     
  0.46800000000000003       0.42967928621577395       -1.0090591388397256     
  0.46900000000000003       0.42867064105860014       -1.0082306566496859     
  0.47000000000000003       0.42766282417239826       -1.0074025984261825     
  0.47100000000000003       0.42665583513327765       -1.0065749640106274     
  0.47200000000000003       0.42564967351750632       -1.0057477532444790     
  0.47300000000000003       0.42464433890151082       -1.0049209659692411     
  0.47400000000000003       0.42363983086187612       -1.0040946020264634     
  0.47500000000000003       0.42263614897534568       -1.0032686612577415     
  0.47600000000000003       0.42163329281882145       -1.0024431435047167     
  0.47700000000000004       0.42063126196936357       -1.0016180486090764     
  0.47800000000000004       0.41963005600419062       -1.0007933764125534     
  0.47900000000000004       0.41862967450067934      -0.99996912675692662     
  0.47999999999999998       0.41763011703636482      -0.99914529948402053     
  0.48099999999999998       0.41663138318894022      -0.99832189443570574     
  0.48199999999999998       0.41563347253625682      -0.99749891145389835     
  0.48299999999999998       0.41463638465632408      -0.99667635038056057     
  0.48399999999999999       0.41364011912730941      -0.99585421105770011     
  0.48499999999999999       0.41264467552753820      -0.99503249332737076     
  0.48599999999999999       0.41165005343549382      -0.99421119703167193     
  0.48699999999999999       0.41065625242981757      -0.99339032201274891     
  0.48799999999999999       0.40966327208930853      -0.99256986811279280     
  0.48899999999999999       0.40867111199292361      -0.99174983517404047     
  0.48999999999999999       0.40767977171977748      -0.99093022303877465     
  0.49099999999999999       0.40668925084914254      -0.99011103154932378     
  0.49199999999999999       0.40569954896044880      -0.98929226054806207     
  0.49299999999999999       0.40471066563328395      -0.98847390987740957     
  0.49399999999999999       0.40372260044739328      -0.98765597937983218     
  0.49500000000000000       0.40273535298267948      -0.98683846889784155     
  0.49600000000000000       0.40174892281920288      -0.98602137827399505     
  0.49700000000000000       0.40076330953718114      -0.98520470735089583     
  0.49800000000000000       0.39977851271698939      -0.98438845597119295     
  0.49900000000000000       0.39879453193916004      -0.98357262397758105     
  0.50000000000000000       0.39781136678438284      -0.98275721121280069     
  0.50100000000000000       0.39682901683350474      -0.98194221751963817     
  0.50200000000000000       0.39584748166752992      -0.98112764274092557     
  0.50300000000000000       0.39486676086761979      -0.98031348671954055     
  0.50400000000000000       0.39388685401509277      -0.97949974929840677     
  0.50500000000000000       0.39290776069142441      -0.97868643032049352     
  0.50600000000000001       0.39192948047824733      -0.97787352962881591     
  0.50700000000000001       0.39095201295735099      -0.97706104706643471     
  0.50800000000000001       0.38997535771068192      -0.97624898247645653     
  0.50900000000000001       0.38899951432034346      -0.97543733570203350     
  0.51000000000000001       0.38802448236859582      -0.97462610658636384     
  0.51100000000000001       0.38705026143785598      -0.97381529497269115     
  0.51200000000000001       0.38607685111069773      -0.97300490070430501     
  0.51300000000000001       0.38510425096985146      -0.97219492362454063     
  0.51400000000000001       0.38413246059820433      -0.97138536357677896     
  0.51500000000000001       0.38316147957880003      -0.97057622040444658     
  0.51600000000000001       0.38219130749483882      -0.96976749395101580     
  0.51700000000000002       0.38122194392967751      -0.96895918406000470     
  0.51800000000000002       0.38025338846682943      -0.96815129057497706     
  0.51900000000000002       0.37928564068996423      -0.96734381333954234     
  0.52000000000000002       0.37831870018290803      -0.96653675219735558     
  0.52100000000000002       0.37735256652964322      -0.96573010699211770     
  0.52200000000000002       0.37638723931430851      -0.96492387756757525     
  0.52300000000000002       0.37542271812119887      -0.96411806376752029     
  0.52400000000000002       0.37445900253476544      -0.96331266543579075     
  0.52500000000000002       0.37349609213961554      -0.96250768241627005     
  0.52600000000000002       0.37253398652051262      -0.96170311455288748     
  0.52700000000000002       0.37157268526237613      -0.96089896168961786     
  0.52800000000000002       0.37061218795028156      -0.96009522367048161     
  0.52900000000000003       0.36965249416946039      -0.95929190033954492     
  0.53000000000000003       0.36869360350530000      -0.95848899154091960     
  0.53100000000000003       0.36773551554334366      -0.95768649711876297     
  0.53200000000000003       0.36677822986929048      -0.95688441691727810     
  0.53300000000000003       0.36582174606899537      -0.95608275078071359     
  0.53400000000000003       0.36486606372846891      -0.95528149855336386     
  0.53500000000000003       0.36391118243387749      -0.95448066007956867     
  0.53600000000000003       0.36295710177154300      -0.95368023520371348     
  0.53700000000000003       0.36200382132794312      -0.95288022377022952     
  0.53800000000000003       0.36105134068971090      -0.95208062562359341     
  0.53900000000000003       0.36009965944363503      -0.95128144060832742     
  0.54000000000000004       0.35914877717665966      -0.95048266856899943     
  0.54100000000000004       0.35819869347588429      -0.94968430935022285     
  0.54200000000000004       0.35724940792856386      -0.94888636279665661     
  0.54300000000000004       0.35630092012210862      -0.94808882875300537     
  0.54400000000000004       0.35535322964408411      -0.94729170706401922     
  0.54500000000000004       0.35440633608221112      -0.94649499757449385     
  0.54600000000000004       0.35346023902436557      -0.94569870012927060     
  0.54700000000000004       0.35251493805857859      -0.94490281457323611     
  0.54800000000000004       0.35157043277303640      -0.94410734075132263     
  0.54900000000000004       0.35062672275608026      -0.94331227850850807     
  0.55000000000000004       0.34968380759620643      -0.94251762768981573     
  0.55100000000000005       0.34874168688206625      -0.94172338814031453     
  0.55200000000000005       0.34780036020246580      -0.94092955970511882     
  0.55300000000000005       0.34685982714636615      -0.94013614222938846     
  0.55400000000000005       0.34592008730288321      -0.93934313555832871     
  0.55500000000000005       0.34498114026128757      -0.93855053953719048     
  0.55600000000000005       0.34404298561100466      -0.93775835401127017     
  0.55700000000000005       0.34310562294161456      -0.93696657882590950     
  0.55800000000000005       0.34216905184285201      -0.93617521382649571     
  0.55900000000000005       0.34123327190460634      -0.93538425885846155     
  0.56000000000000005       0.34029828271692142      -0.93459371376728517     
  0.56100000000000005       0.33936408386999567      -0.93380357839849026     
  0.56200000000000006       0.33843067495418194      -0.93301385259764580     
  0.56300000000000006       0.33749805555998752      -0.93222453621036638     
  0.56400000000000006       0.33656622527807406      -0.93143562908231181     
  0.56500000000000006       0.33563518369925754      -0.93064713105918750     
  0.56600000000000006       0.33470493041450822      -0.92985904198674418     
  0.56700000000000006       0.33377546501495059      -0.92907136171077787     
  0.56800000000000006       0.33284678709186333      -0.92828409007713020     
  0.56900000000000006       0.33191889623667931      -0.92749722693168812     
  0.57000000000000006       0.33099179204098544      -0.92671077212038400     
  0.57100000000000006       0.33006547409652276      -0.92592472548919547     
  0.57200000000000006       0.32913994199518620      -0.92513908688414548     
  0.57300000000000006       0.32821519532902477      -0.92435385615130250     
  0.57400000000000007       0.32729123369024138      -0.92356903313678029     
  0.57500000000000007       0.32636805667119273      -0.92278461768673803     
  0.57600000000000007       0.32544566386438945      -0.92200060964738006     
  0.57699999999999996       0.32452405486249586      -0.92121700886495617     
  0.57799999999999996       0.32360322925833013      -0.92043381518576151     
  0.57899999999999996       0.32268318664486401      -0.91965102845613644     
  0.57999999999999996       0.32176392661522296      -0.91886864852246664     
  0.58099999999999996       0.32084544876268606      -0.91808667523118315     
  0.58199999999999996       0.31992775268068585      -0.91730510842876223     
  0.58299999999999996       0.31901083796280849      -0.91652394796172543     
  0.58399999999999996       0.31809470420279351      -0.91574319367663970     
  0.58499999999999996       0.31717935099453393      -0.91496284542011708     
  0.58599999999999997       0.31626477793207614      -0.91418290303881500     
  0.58699999999999997       0.31535098460961980      -0.91340336637943598     
  0.58799999999999997       0.31443797062151790      -0.91262423528872794     
  0.58899999999999997       0.31352573556227670      -0.91184550961348410     
  0.58999999999999997       0.31261427902655559      -0.91106718920054264     
  0.59099999999999997       0.31170360060916708      -0.91028927389678715     
  0.59199999999999997       0.31079369990507688      -0.90951176354914642     
  0.59299999999999997       0.30988457650940371      -0.90873465800459452     
  0.59399999999999997       0.30897623001741931      -0.90795795711015048     
  0.59499999999999997       0.30806866002454836      -0.90718166071287865     
  0.59599999999999997       0.30716186612636848      -0.90640576865988853     
  0.59699999999999998       0.30625584791861021      -0.90563028079833485     
  0.59799999999999998       0.30535060499715683      -0.90485519697541750     
  0.59899999999999998       0.30444613695804446      -0.90408051703838155     
  0.59999999999999998       0.30354244339746195      -0.90330624083451705     
  0.60099999999999998       0.30263952391175086      -0.90253236821115934     
  0.60199999999999998       0.30173737809740542      -0.90175889901568884     
  0.60299999999999998       0.30083600555107237      -0.90098583309553104     
  0.60399999999999998       0.29993540586955114      -0.90021317029815662     
  0.60499999999999998       0.29903557864979358      -0.89944091047108132     
  0.60599999999999998       0.29813652348890402      -0.89866905346186610     
  0.60699999999999998       0.29723823998413929      -0.89789759911811684     
  0.60799999999999998       0.29634072773290848      -0.89712654728748453     
  0.60899999999999999       0.29544398633277313      -0.89635589781766523     
  0.60999999999999999       0.29454801538144698      -0.89558565055640016     
  0.61099999999999999       0.29365281447679603      -0.89481580535147554     
  0.61199999999999999       0.29275838321683856      -0.89404636205072263     
  0.61299999999999999       0.29186472119974488      -0.89327732050201769     
  0.61399999999999999       0.29097182802383753      -0.89250868055328203     
  0.61499999999999999       0.29007970328759103      -0.89174044205248193     
  0.61599999999999999       0.28918834658963194      -0.89097260484762875     
  0.61699999999999999       0.28829775752873876      -0.89020516878677891     
  0.61799999999999999       0.28740793570384204      -0.88943813371803371     
  0.61899999999999999       0.28651888071402404      -0.88867149948953938     
  0.62000000000000000       0.28563059215851899      -0.88790526594948738     
  0.62100000000000000       0.28474306963671286      -0.88713943294611386     
  0.62200000000000000       0.28385631274814338      -0.88637400032770008     
  0.62300000000000000       0.28297032109250003      -0.88560896794257216     
  0.62400000000000000       0.28208509426962386      -0.88484433563910125     
  0.62500000000000000       0.28120063187950756      -0.88408010326570341     
  0.62600000000000000       0.28031693352229536      -0.88331627067083962     
  0.62700000000000000       0.27943399879828312      -0.88255283770301562     
  0.62800000000000000       0.27855182730791811      -0.88178980421078235     
  0.62900000000000000       0.27767041865179903      -0.88102717004273545     
  0.63000000000000000       0.27678977243067598      -0.88026493504751546     
  0.63100000000000001       0.27590988824545043      -0.87950309907380775     
  0.63200000000000001       0.27503076569717505      -0.87874166197034276     
  0.63300000000000001       0.27415240438705385      -0.87798062358589557     
  0.63400000000000001       0.27327480391644204      -0.87721998376928623     
  0.63500000000000001       0.27239796388684601      -0.87645974236937962     
  0.63600000000000001       0.27152188389992321      -0.87569989923508551     
  0.63700000000000001       0.27064656355748223      -0.87494045421535827     
  0.63800000000000001       0.26977200246148264      -0.87418140715919734     
  0.63900000000000001       0.26889820021403504      -0.87342275791564683     
  0.64000000000000001       0.26802515641740088      -0.87266450633379578     
  0.64100000000000001       0.26715287067399263      -0.87190665226277775     
  0.64200000000000002       0.26628134258637354      -0.87114919555177139     
  0.64300000000000002       0.26541057175725763      -0.87039213604999988     
  0.64400000000000002       0.26454055778950974      -0.86963547360673132     
  0.64500000000000002       0.26367130028614544      -0.86887920807127850     
  0.64600000000000002       0.26280279885033092      -0.86812333929299890     
  0.64700000000000002       0.26193505308538301      -0.86736786712129488     
  0.64800000000000002       0.26106806259476911      -0.86661279140561331     
  0.64900000000000002       0.26020182698210720      -0.86585811199544604     
  0.65000000000000002       0.25933634585116572      -0.86510382874032932     
  0.65100000000000002       0.25847161880586356      -0.86434994148984434     
  0.65200000000000002       0.25760764545027004      -0.86359645009361685     
  0.65300000000000002       0.25674442538860481      -0.86284335440131743     
  0.65400000000000003       0.25588195822523779      -0.86209065426266107     
  0.65500000000000003       0.25502024356468928      -0.86133834952740762     
  0.65600000000000003       0.25415928101162971      -0.86058644004536156     
  0.65700000000000003       0.25329907017087971      -0.85983492566637199     
  0.65800000000000003       0.25243961064741005      -0.85908380624033265     
  0.65900000000000003       0.25158090204634159      -0.85833308161718180     
  0.66000000000000003       0.25072294397294520      -0.85758275164690245     
  0.66100000000000003       0.24986573603264184      -0.85683281617952212     
  0.66200000000000003       0.24900927783100235      -0.85608327506511295     
  0.66300000000000003       0.24815356897374752      -0.85533412815379173     
  0.66400000000000003       0.24729860906674797      -0.85458537529571976     
  0.66500000000000004       0.24644439771602419      -0.85383701634110287     
  0.66600000000000004       0.24559093452774639      -0.85308905114019151     
  0.66700000000000004       0.24473821910823454      -0.85234147954328066     
  0.66800000000000004       0.24388625106395831      -0.85159430140070980     
  0.66900000000000004       0.24303503000153701      -0.85084751656286306     
  0.67000000000000004       0.24218455552773951      -0.85010112488016887     
  0.67100000000000004       0.24133482724948430      -0.84935512620310039     
  0.67200000000000004       0.24048584477383933      -0.84860952038217519     
  0.67300000000000004       0.23963760770802203      -0.84786430726795536     
  0.67400000000000004       0.23879011565939925      -0.84711948671104731     
  0.67500000000000004       0.23794336823548723      -0.84637505856210216     
  0.67600000000000005       0.23709736504395154      -0.84563102267181534     
  0.67700000000000005       0.23625210569260699      -0.84488737889092680     
  0.67800000000000005       0.23540758978941770      -0.84414412707022091     
  0.67900000000000005       0.23456381694249695      -0.84340126706052643     
  0.68000000000000005       0.23372078676010719      -0.84265879871271654     
  0.68100000000000005       0.23287849885065995      -0.84191672187770894     
  0.68200000000000005       0.23203695282271586      -0.84117503640646574     
  0.68300000000000005       0.23119614828498455      -0.84043374214999322     
  0.68400000000000005       0.23035608484632467      -0.83969283895934232     
  0.68500000000000005       0.22951676211574373      -0.83895232668560815     
  0.68600000000000005       0.22867817970239818      -0.83821220517993023     
  0.68700000000000006       0.22784033721559327      -0.83747247429349259     
  0.68800000000000006       0.22700323426478311      -0.83673313387752335     
  0.68900000000000006       0.22616687045957051      -0.83599418378329515     
  0.69000000000000006       0.22533124540970700      -0.83525562386212493     
  0.69100000000000006       0.22449635872509280      -0.83451745396537402     
  0.69200000000000006       0.22366221001577671      -0.83377967394444785     
  0.69300000000000006       0.22282879889195617      -0.83304228365079624     
  0.69400000000000006       0.22199612496397711      -0.83230528293591344     
  0.69500000000000006       0.22116418784233394      -0.83156867165133774     
  0.69600000000000006       0.22033298713766952      -0.83083244964865188     
  0.69700000000000006       0.21950252246077512      -0.83009661677948277     
  0.69800000000000006       0.21867279342259036      -0.82936117289550149     
  0.69900000000000007       0.21784379963420319      -0.82862611784842366     
  0.70000000000000007       0.21701554070684981      -0.82789145149000876     
  0.70100000000000007       0.21618801625191464      -0.82715717367206076     
  0.70200000000000007       0.21536122588093026      -0.82642328424642775     
  0.70300000000000007       0.21453516920557744      -0.82568978306500196     
  0.70399999999999996       0.21370984583768499      -0.82495666997971984     
  0.70499999999999996       0.21288525538922975      -0.82422394484256212     
  0.70599999999999996       0.21206139747233665      -0.82349160750555361     
  0.70699999999999996       0.21123827169927847      -0.82275965782076332     
  0.70799999999999996       0.21041587768247599      -0.82202809564030432     
  0.70899999999999996       0.20959421503449782      -0.82129692081633388     
  0.70999999999999996       0.20877328336806036      -0.82056613320105343     
  0.71099999999999997       0.20795308229602785      -0.81983573264670850     
  0.71199999999999997       0.20713361143141226      -0.81910571900558871     
  0.71299999999999997       0.20631487038737323      -0.81837609213002782     
  0.71399999999999997       0.20549685877721804      -0.81764685187240371     
  0.71499999999999997       0.20467957621440161      -0.81691799808513832     
  0.71599999999999997       0.20386302231252637      -0.81618953062069755     
  0.71699999999999997       0.20304719668534232      -0.81546144933159148     
  0.71799999999999997       0.20223209894674690      -0.81473375407037429     
  0.71899999999999997       0.20141772871078498      -0.81400644468964400     
  0.71999999999999997       0.20060408559164883      -0.81327952104204293     
  0.72099999999999997       0.19979116920367804      -0.81255298298025713     
  0.72199999999999998       0.19897897916135948      -0.81182683035701697     
  0.72299999999999998       0.19816751507932734      -0.81110106302509655     
  0.72399999999999998       0.19735677657236295      -0.81037568083731415     
  0.72499999999999998       0.19654676325539483      -0.80965068364653203     
  0.72599999999999998       0.19573747474349862      -0.80892607130565630     
  0.72699999999999998       0.19492891065189702      -0.80820184366763703     
  0.72799999999999998       0.19412107059595979      -0.80747800058546837     
  0.72899999999999998       0.19331395419120365      -0.80675454191218843     
  0.72999999999999998       0.19250756105329228      -0.80603146750087906     
  0.73099999999999998       0.19170189079803626      -0.80530877720466620     
  0.73199999999999998       0.19089694304139301      -0.80458647087671964     
  0.73299999999999998       0.19009271739946679      -0.80386454837025312     
  0.73399999999999999       0.18928921348850858      -0.80314300953852424     
  0.73499999999999999       0.18848643092491613      -0.80242185423483448     
  0.73599999999999999       0.18768436932523386      -0.80170108231252923     
  0.73699999999999999       0.18688302830615280      -0.80098069362499769     
  0.73799999999999999       0.18608240748451063      -0.80026068802567285     
  0.73899999999999999       0.18528250647729153      -0.79954106536803171     
  0.73999999999999999       0.18448332490162619      -0.79882182550559511     
  0.74099999999999999       0.18368486237479176      -0.79810296829192751     
  0.74199999999999999       0.18288711851421183      -0.79738449358063734     
  0.74299999999999999       0.18209009293745634      -0.79666640122537691     
  0.74399999999999999       0.18129378526224157      -0.79594869107984201     
  0.74500000000000000       0.18049819510643009      -0.79523136299777253     
  0.74600000000000000       0.17970332208803069      -0.79451441683295210     
  0.74700000000000000       0.17890916582519836      -0.79379785243920797     
  0.74800000000000000       0.17811572593623429      -0.79308166967041116     
  0.74900000000000000       0.17732300203958573      -0.79236586838047651     
  0.75000000000000000       0.17653099375384601      -0.79165044842336263     
  0.75100000000000000       0.17573970069775449      -0.79093540965307174     
  0.75200000000000000       0.17494912249019651      -0.79022075192364982     
  0.75300000000000000       0.17415925875020336      -0.78950647508918659     
  0.75400000000000000       0.17337010909695216      -0.78879257900381539     
  0.75500000000000000       0.17258167314976594      -0.78807906352171331     
  0.75600000000000001       0.17179395052811353      -0.78736592849710119     
  0.75700000000000001       0.17100694085160950      -0.78665317378424326     
  0.75800000000000001       0.17022064374001414      -0.78594079923744775     
  0.75900000000000001       0.16943505881323340      -0.78522880471106626     
  0.76000000000000001       0.16865018569131890      -0.78451719005949416     
  0.76100000000000001       0.16786602399446779      -0.78380595513717044     
  0.76200000000000001       0.16708257334302282      -0.78309509979857761     
  0.76300000000000001       0.16629983335747223      -0.78238462389824182     
  0.76400000000000001       0.16551780365844965      -0.78167452729073295     
  0.76500000000000001       0.16473648386673420      -0.78096480983066430     
  0.76600000000000001       0.16395587360325034      -0.78025547137269280     
  0.76700000000000002       0.16317597248906784      -0.77954651177151890     
  0.76800000000000002       0.16239678014540176      -0.77883793088188669     
  0.76900000000000002       0.16161829619361243      -0.77812972855858376     
  0.77000000000000002       0.16084052025520532      -0.77742190465644123     
  0.77100000000000002       0.16006345195183105      -0.77671445903033376     
  0.77200000000000002       0.15928709090528542      -0.77600739153517939     
  0.77300000000000002       0.15851143673750920      -0.77530070202593993     
  0.77400000000000002       0.15773648907058824      -0.77459439035762045     
  0.77500000000000002       0.15696224752675336      -0.77388845638526960     
  0.77600000000000002       0.15618871172838028      -0.77318289996397938     
  0.77700000000000002       0.15541588129798964      -0.77247772094888545     
  0.77800000000000002       0.15464375585824694      -0.77177291919516688     
  0.77900000000000003       0.15387233503196243      -0.77106849455804605     
  0.78000000000000003       0.15310161844209114      -0.77036444689278882     
  0.78100000000000003       0.15233160571173285      -0.76966077605470451     
  0.78200000000000003       0.15156229646413197      -0.76895748189914592     
  0.78300000000000003       0.15079369032267753      -0.76825456428150918     
  0.78400000000000003       0.15002578691090321      -0.76755202305723369     
  0.78500000000000003       0.14925858585248716      -0.76684985808180239     
  0.78600000000000003       0.14849208677125206      -0.76614806921074152     
  0.78700000000000003       0.14772628929116505      -0.76544665629962083     
  0.78800000000000003       0.14696119303633765      -0.76474561920405315     
  0.78900000000000003       0.14619679763102580      -0.76404495777969483     
  0.79000000000000004       0.14543310269962972      -0.76334467188224553     
  0.79100000000000004       0.14467010786669393      -0.76264476136744830     
  0.79200000000000004       0.14390781275690720      -0.76194522609108928     
  0.79300000000000004       0.14314621699510247      -0.76124606590899813     
  0.79400000000000004       0.14238532020625683      -0.76054728067704769     
  0.79500000000000004       0.14162512201549149      -0.75984887025115411     
  0.79600000000000004       0.14086562204807174      -0.75915083448727683     
  0.79700000000000004       0.14010681992940688      -0.75845317324141848     
  0.79800000000000004       0.13934871528505016      -0.75775588636962499     
  0.79900000000000004       0.13859130774069883      -0.75705897372798547     
  0.80000000000000004       0.13783459692219396      -0.75636243517263246     
  0.80100000000000005       0.13707858245552051      -0.75566627055974145     
  0.80200000000000005       0.13632326396680725      -0.75497047974553122     
  0.80300000000000005       0.13556864108232666      -0.75427506258626387     
  0.80400000000000005       0.13481471342849499      -0.75358001893824456     
  0.80500000000000005       0.13406148063187218      -0.75288534865782164     
  0.80600000000000005       0.13330894231916174      -0.75219105160138677     
  0.80700000000000005       0.13255709811721081      -0.75149712762537457     
  0.80800000000000005       0.13180594765301007      -0.75080357658626284     
  0.80900000000000005       0.13105549055369373      -0.75011039834057269     
  0.81000000000000005       0.13030572644653940      -0.74941759274486808     
  0.81100000000000005       0.12955665495896815      -0.74872515965575637     
  0.81200000000000006       0.12880827571854442      -0.74803309892988790     
  0.81300000000000006       0.12806058835297596      -0.74734141042395597     
  0.81400000000000006       0.12731359249011384      -0.74665009399469717     
  0.81500000000000006       0.12656728775795234      -0.74595914949889119     
  0.81600000000000006       0.12582167378462897      -0.74526857679336056     
  0.81700000000000006       0.12507675019842437      -0.74457837573497110     
  0.81800000000000006       0.12433251662776233      -0.74388854618063149     
  0.81900000000000006       0.12358897270120968      -0.74319908798729351     
  0.82000000000000006       0.12284611804747629      -0.74251000101195197     
  0.82100000000000006       0.12210395229541503      -0.74182128511164480     
  0.82200000000000006       0.12136247507402169      -0.74113294014345277     
  0.82300000000000006       0.12062168601243498      -0.74044496596449971     
  0.82400000000000007       0.11988158473993643      -0.73975736243195256     
  0.82500000000000007       0.11914217088595044      -0.73907012940302097     
  0.82600000000000007       0.11840344408004415      -0.73838326673495769     
  0.82700000000000007       0.11766540395192741      -0.73769677428505853     
  0.82800000000000007       0.11692805013145280      -0.73701065191066206     
  0.82900000000000007       0.11619138224861550      -0.73632489946914992     
  0.83000000000000007       0.11545539993355332      -0.73563951681794659     
  0.83100000000000007       0.11472010281654660      -0.73495450381451943     
  0.83200000000000007       0.11398549052801822      -0.73426986031637886     
  0.83299999999999996       0.11325156269853351      -0.73358558618107805     
  0.83399999999999996       0.11251831895880023      -0.73290168126621302     
  0.83499999999999996       0.11178575893966852      -0.73221814542942287     
  0.83599999999999997       0.11105388227213089      -0.73153497852838933     
  0.83699999999999997       0.11032268858732214      -0.73085218042083711     
  0.83799999999999997       0.10959217751651928      -0.73016975096453374     
  0.83899999999999997       0.10886234869114160      -0.72948769001728964     
  0.83999999999999997       0.10813320174275051      -0.72880599743695784     
  0.84099999999999997       0.10740473630304957      -0.72812467308143447     
  0.84199999999999997       0.10667695200388443      -0.72744371680865816     
  0.84299999999999997       0.10594984847724276      -0.72676312847661062     
  0.84399999999999997       0.10522342535525425      -0.72608290794331609     
  0.84499999999999997       0.10449768227019055      -0.72540305506684177     
  0.84599999999999997       0.10377261885446519      -0.72472356970529750     
  0.84699999999999998       0.10304823474063361      -0.72404445171683585     
  0.84799999999999998       0.10232452956139305      -0.72336570095965225     
  0.84899999999999998       0.10160150294958256      -0.72268731729198488     
  0.84999999999999998       0.10087915453818291      -0.72200930057211443     
  0.85099999999999998       0.10015748396031658      -0.72133165065836446     
  0.85199999999999998        9.9436490849247702E-002 -0.72065436740910127     
  0.85299999999999998        9.8716174838382034E-002 -0.71997745068273367     
  0.85399999999999998        9.7996535561266890E-002 -0.71930090033771332     
  0.85499999999999998        9.7277572651591121E-002 -0.71862471623253443     
  0.85599999999999998        9.6559285743185064E-002 -0.71794889822573382     
  0.85699999999999998        9.5841674470020510E-002 -0.71727344617589117     
  0.85799999999999998        9.5124738466210640E-002 -0.71659835994162868     
  0.85899999999999999        9.4408477366009991E-002 -0.71592363938161108     
  0.85999999999999999        9.3692890803814419E-002 -0.71524928435454582     
  0.86099999999999999        9.2977978414161055E-002 -0.71457529471918302     
  0.86199999999999999        9.2263739831728253E-002 -0.71390167033431529     
  0.86299999999999999        9.1550174691335570E-002 -0.71322841105877788     
  0.86399999999999999        9.0837282627943702E-002 -0.71255551675144846     
  0.86499999999999999        9.0125063276654441E-002 -0.71188298727124755     
  0.86599999999999999        8.9413516272710644E-002 -0.71121082247713796     
  0.86699999999999999        8.8702641251496184E-002 -0.71053902222812515     
  0.86799999999999999        8.7992437848535901E-002 -0.70986758638325720     
  0.86899999999999999        8.7282905699495594E-002 -0.70919651480162460     
  0.87000000000000000        8.6574044440181921E-002 -0.70852580734236037     
  0.87100000000000000        8.5865853706542414E-002 -0.70785546386464004     
  0.87200000000000000        8.5158333134665393E-002 -0.70718548422768168     
  0.87300000000000000        8.4451482360779942E-002 -0.70651586829074575     
  0.87400000000000000        8.3745301021255880E-002 -0.70584661591313524     
  0.87500000000000000        8.3039788752603677E-002 -0.70517772695419567     
  0.87600000000000000        8.2334945191474454E-002 -0.70450920127331484     
  0.87700000000000000        8.1630769974659942E-002 -0.70384103872992321     
  0.87800000000000000        8.0927262739092384E-002 -0.70317323918349350     
  0.87900000000000000        8.0224423121844565E-002 -0.70250580249354089     
  0.88000000000000000        7.9522250760129712E-002 -0.70183872851962292     
  0.88100000000000001        7.8820745291301481E-002 -0.70117201712133970     
  0.88200000000000001        7.8119906352853916E-002 -0.70050566815833371     
  0.88300000000000001        7.7419733582421393E-002 -0.69983968149028963     
  0.88400000000000001        7.6720226617778595E-002 -0.69917405697693458     
  0.88500000000000001        7.6021385096840435E-002 -0.69850879447803815     
  0.88600000000000001        7.5323208657662066E-002 -0.69784389385341217     
  0.88700000000000001        7.4625696938438776E-002 -0.69717935496291084     
  0.88800000000000001        7.3928849577506006E-002 -0.69651517766643067     
  0.88900000000000001        7.3232666213339279E-002 -0.69585136182391050     
  0.89000000000000001        7.2537146484554144E-002 -0.69518790729533153     
  0.89100000000000001        7.1842290029906164E-002 -0.69452481394071730     
  0.89200000000000002        7.1148096488290860E-002 -0.69386208162013341     
  0.89300000000000002        7.0454565498743654E-002 -0.69319971019368798     
  0.89400000000000002        6.9761696700439857E-002 -0.69253769952153132     
  0.89500000000000002        6.9069489732694583E-002 -0.69187604946385595     
  0.89600000000000002        6.8377944234962768E-002 -0.69121475988089665     
  0.89700000000000002        6.7687059846839079E-002 -0.69055383063293052     
  0.89800000000000002        6.6996836208057881E-002 -0.68989326158027686     
  0.89900000000000002        6.6307272958493202E-002 -0.68923305258329703     
  0.90000000000000002        6.5618369738158697E-002 -0.68857320350239481     
  0.90100000000000002        6.4930126187207587E-002 -0.68791371419801606     
  0.90200000000000002        6.4242541945932638E-002 -0.68725458453064892     
  0.90300000000000002        6.3555616654766098E-002 -0.68659581436082351     
  0.90400000000000003        6.2869349954279674E-002 -0.68593740354911237     
  0.90500000000000003        6.2183741485184477E-002 -0.68527935195612999     
  0.90600000000000003        6.1498790888330983E-002 -0.68462165944253317     
  0.90700000000000003        6.0814497804708996E-002 -0.68396432586902067     
  0.90800000000000003        6.0130861875447604E-002 -0.68330735109633356     
  0.90900000000000003        5.9447882741815124E-002 -0.68265073498525486     
  0.91000000000000003        5.8765560045219080E-002 -0.68199447739660979     
  0.91100000000000003        5.8083893427206143E-002 -0.68133857819126564     
  0.91200000000000003        5.7402882529462101E-002 -0.68068303723013190     
  0.91300000000000003        5.6722526993811820E-002 -0.68002785437415991     
  0.91400000000000003        5.6042826462219184E-002 -0.67937302948434319     
  0.91500000000000004        5.5363780576787071E-002 -0.67871856242171735     
  0.91600000000000004        5.4685388979757305E-002 -0.67806445304735996     
  0.91700000000000004        5.4007651313510603E-002 -0.67741070122239067     
  0.91800000000000004        5.3330567220566553E-002 -0.67675730680797119     
  0.91900000000000004        5.2654136343583555E-002 -0.67610426966530524     
  0.92000000000000004        5.1978358325358791E-002 -0.67545158965563834     
  0.92100000000000004        5.1303232808828175E-002 -0.67479926664025836     
  0.92200000000000004        5.0628759437066316E-002 -0.67414730048049487     
  0.92300000000000004        4.9954937853286467E-002 -0.67349569103771945     
  0.92400000000000004        4.9281767700840501E-002 -0.67284443817334583     
  0.92500000000000004        4.8609248623218852E-002 -0.67219354174882939     
  0.92600000000000005        4.7937380264050478E-002 -0.67154300162566771     
  0.92700000000000005        4.7266162267102813E-002 -0.67089281766540021     
  0.92800000000000005        4.6595594276281752E-002 -0.67024298972960827     
  0.92900000000000005        4.5925675935631571E-002 -0.66959351767991515     
  0.93000000000000005        4.5256406889334910E-002 -0.66894440137798594     
  0.93100000000000005        4.4587786781712720E-002 -0.66829564068552760     
  0.93200000000000005        4.3919815257224236E-002 -0.66764723546428917     
  0.93300000000000005        4.3252491960466911E-002 -0.66699918557606142     
  0.93400000000000005        4.2585816536176400E-002 -0.66635149088267698     
  0.93500000000000005        4.1919788629226497E-002 -0.66570415124601034     
  0.93600000000000005        4.1254407884629106E-002 -0.66505716652797786     
  0.93700000000000006        4.0589673947534190E-002 -0.66441053659053773     
  0.93800000000000006        3.9925586463229738E-002 -0.66376426129568988     
  0.93900000000000006        3.9262145077141729E-002 -0.66311834050547613     
  0.94000000000000006        3.8599349434834063E-002 -0.66247277408198013     
  0.94100000000000006        3.7937199182008545E-002 -0.66182756188732716     
  0.94200000000000006        3.7275693964504843E-002 -0.66118270378368449     
  0.94300000000000006        3.6614833428300422E-002 -0.66053819963326088     
  0.94400000000000006        3.5954617219510536E-002 -0.65989404929830719     
  0.94500000000000006        3.5295044984388152E-002 -0.65925025264111581     
  0.94600000000000006        3.4636116369323934E-002 -0.65860680952402084     
  0.94700000000000006        3.3977831020846193E-002 -0.65796371980939827     
  0.94800000000000006        3.3320188585620844E-002 -0.65732098335966560     
  0.94900000000000007        3.2663188710451367E-002 -0.65667860003728229     
  0.95000000000000007        3.2006831042278749E-002 -0.65603656970474922     
  0.95100000000000007        3.1351115228181479E-002 -0.65539489222460923     
  0.95200000000000007        3.0696040915375464E-002 -0.65475356745944657     
  0.95300000000000007        3.0041607751214016E-002 -0.65411259527188736     
  0.95400000000000007        2.9387815383187802E-002 -0.65347197552459935     
  0.95500000000000007        2.8734663458924802E-002 -0.65283170808029178     
  0.95600000000000007        2.8082151626190259E-002 -0.65219179280171569     
  0.95700000000000007        2.7430279532886657E-002 -0.65155222955166370     
  0.95800000000000007        2.6779046827053662E-002 -0.65091301819296998     
  0.95900000000000007        2.6128453156868084E-002 -0.65027415858851045     
  0.95999999999999996        2.5478498170643842E-002 -0.64963565060120254     
  0.96099999999999997        2.4829181516831916E-002 -0.64899749409400509     
  0.96199999999999997        2.4180502844020308E-002 -0.64835968892991880     
  0.96299999999999997        2.3532461800934001E-002 -0.64772223497198589     
  0.96399999999999997        2.2885058036434914E-002 -0.64708513208328988     
  0.96499999999999997        2.2238291199521861E-002 -0.64644838012695616     
  0.96599999999999997        2.1592160939330515E-002 -0.64581197896615150     
  0.96699999999999997        2.0946666905133363E-002 -0.64517592846408411     
  0.96799999999999997        2.0301808746339665E-002 -0.64454022848400383     
  0.96899999999999997        1.9657586112495403E-002 -0.64390487888920200     
  0.96999999999999997        1.9013998653283258E-002 -0.64326987954301151     
  0.97099999999999997        1.8371046018522557E-002 -0.64263523030880654     
  0.97199999999999998        1.7728727858169230E-002 -0.64200093105000289     
  0.97299999999999998        1.7087043822315771E-002 -0.64136698163005779     
  0.97399999999999998        1.6445993561191200E-002 -0.64073338191246987     
  0.97499999999999998        1.5805576725161016E-002 -0.64010013176077929     
  0.97599999999999998        1.5165792964727164E-002 -0.63946723103856762     
  0.97699999999999998        1.4526641930527981E-002 -0.63883467960945783     
  0.97799999999999998        1.3888123273338167E-002 -0.63820247733711433     
  0.97899999999999998        1.3250236644068734E-002 -0.63757062408524290     
  0.97999999999999998        1.2612981693766971E-002 -0.63693911971759065     
  0.98099999999999998        1.1976358073616399E-002 -0.63630796409794621     
  0.98199999999999998        1.1340365434936732E-002 -0.63567715709013950     
  0.98299999999999998        1.0705003429183834E-002 -0.63504669855804186     
  0.98399999999999999        1.0070271707949677E-002 -0.63441658836556591     
  0.98499999999999999        9.4361699229623015E-003 -0.63378682637666561     
  0.98599999999999999        8.8026977260857765E-003 -0.63315741245533630     
  0.98699999999999999        8.1698547693201534E-003 -0.63252834646561451     
  0.98799999999999999        7.5376407048014290E-003 -0.63189962827157831     
  0.98899999999999999        6.9060551848015017E-003 -0.63127125773734694     
  0.98999999999999999        6.2750978617281319E-003 -0.63064323472708084     
  0.99099999999999999        5.6447683881248999E-003 -0.63001555910498186     
  0.99199999999999999        5.0150664166711632E-003 -0.62938823073529315     
  0.99299999999999999        4.3859916001820183E-003 -0.62876124948229895     
  0.99399999999999999        3.7575435916082575E-003 -0.62813461521032499     
  0.99500000000000000        3.1297220440363272E-003 -0.62750832778373800     
  0.99600000000000000        2.5025266106882883E-003 -0.62688238706694599     
  0.99700000000000000        1.8759569449217734E-003 -0.62625679292439840     
  0.99800000000000000        1.2500127002299469E-003 -0.62563154522058562     
  0.99900000000000000        6.2469353024146277E-004 -0.62500664382003934     
   1.0000000000000000       -9.1127957632143597E-010 -0.62438208858733246     
