   0.0000000000000000        1.0000000000000000       -55.747429526658081     
   1.0000000000000000E-003  0.95406177137758985       -54.207979120401944     
   2.0000000000000000E-003  0.90036020291377383       -52.893454567821458     
   3.0000000000000001E-003  0.84807984175226181       -51.477985428786255     
   4.0000000000000001E-003  0.79724569736210671       -50.056778029240718     
   5.0000000000000001E-003  0.74784259579353951       -48.647876158601662     
   6.0000000000000001E-003  0.69984936088477123       -47.257630207713873     
   7.0000000000000001E-003  0.65324280923772826       -45.888825279271714     
   8.0000000000000002E-003  0.60799892636990061       -44.542802731458629     
   9.0000000000000011E-003  0.56409336370454433       -43.220215646394898     
   1.0000000000000000E-002  0.52150169015209469       -41.921351498500059     
   1.0999999999999999E-002  0.48019953367221763       -40.646287968922792     
   1.2000000000000000E-002  0.44016266659466208       -39.394975247968631     
   1.3000000000000001E-002  0.40136705952371782       -38.167282610316065     
   1.4000000000000000E-002  0.36378891652058110       -36.963026258578608     
   1.4999999999999999E-002  0.32740469855870441       -35.781986731424645     
   1.6000000000000000E-002  0.29219113933507423       -34.623920200976542     
   1.7000000000000001E-002  0.25812525593303243       -33.488566039321839     
   1.8000000000000002E-002  0.22518435592116037       -32.375652024676597     
   1.9000000000000000E-002  0.19334604192706603       -31.284898007750712     
   2.0000000000000000E-002  0.16258821438616314       -30.216018546365550     
   2.1000000000000001E-002  0.13288907294867464       -29.168724832264186     
   2.1999999999999999E-002  0.10422711688550838       -28.142726122086607     
   2.3000000000000000E-002   7.6581144737668791E-002  -27.137730814450745     
   2.4000000000000000E-002   4.9930253387891171E-002  -26.153447270169021     
   2.5000000000000001E-002   2.4253836686976876E-002  -25.189584443175455     
   2.6000000000000002E-002  -4.6841626560699401E-004  -24.245852370025617     
   2.7000000000000000E-002  -2.4256523111105793E-002  -23.321962552394279     
   2.8000000000000001E-002  -4.7130210432536970E-002  -22.417628257681077     
   2.9000000000000001E-002  -6.9108916122106331E-002  -21.532564756278067     
   2.9999999999999999E-002  -9.0211791879406950E-002  -20.666489509372585     
   3.1000000000000000E-002 -0.11045770581223613       -19.819122317773694     
   3.2000000000000001E-002 -0.12986524511755379       -18.990185439772596     
   3.3000000000000002E-002 -0.14845271882451158       -18.179403684213270     
   3.4000000000000002E-002 -0.16623816058492699       -17.386504483577646     
   3.5000000000000003E-002 -0.18323933149928948       -16.611217950853455     
   3.6000000000000004E-002 -0.19947372296854129       -15.853276923163200     
   3.6999999999999998E-002 -0.21495855956359783       -15.112416994525598     
   3.7999999999999999E-002 -0.22971080190595963       -14.388376539650480     
   3.9000000000000000E-002 -0.24374714955389207       -13.680896730300866     
   4.0000000000000001E-002 -0.25708404388956407       -12.989721545467130     
   4.1000000000000002E-002 -0.26973767100328805       -12.314597776369641     
   4.2000000000000003E-002 -0.28172396457162108       -11.655275027124050     
   4.3000000000000003E-002 -0.29305860872660017       -11.011505711757529     
   4.3999999999999997E-002 -0.30375704091380956       -10.383045048146519     
   4.4999999999999998E-002 -0.31383445473733440       -9.7696510493512623     
   4.5999999999999999E-002 -0.32330580278995419       -9.1710845127446508     
   4.7000000000000000E-002 -0.33218579946718052       -8.5871090072693459     
   4.8000000000000001E-002 -0.34048892376395762       -8.0174908591048162     
   4.9000000000000002E-002 -0.34822942205302393       -7.4619991359826736     
   5.0000000000000003E-002 -0.35542131084408801       -6.9204056303528727     
   5.1000000000000004E-002 -0.36207837952310340       -6.3924848415734035     
   5.2000000000000005E-002 -0.36821419307103981       -5.8780139572711194     
   5.2999999999999999E-002 -0.37384209476164565       -5.3767728340003691     
   5.3999999999999999E-002 -0.37897520883778030       -4.8885439773083714     
   5.5000000000000000E-002 -0.38362644316596706       -4.4131125213013505     
   5.6000000000000001E-002 -0.38780849186888044       -3.9502662077927213     
   5.7000000000000002E-002 -0.39153383793553637       -3.4997953651038416     
   5.8000000000000003E-002 -0.39481475580900088       -3.0614928865785958     
   5.9000000000000004E-002 -0.39766331395147470       -2.6351542088651918     
   5.9999999999999998E-002 -0.40009137738664746       -2.2205772900117622     
   6.0999999999999999E-002 -0.40211061021924638       -1.8175625874165175     
   6.2000000000000000E-002 -0.40373247813173307       -1.4259130356681611     
   6.3000000000000000E-002 -0.40496825085812588       -1.0454340243078961     
   6.4000000000000001E-002 -0.40582900463494703      -0.67593337554057964     
   6.5000000000000002E-002 -0.40632562462931249      -0.31722132191926894     
   6.6000000000000003E-002 -0.40646880734419999        3.0889515975459247E-002
   6.7000000000000004E-002 -0.40626906300094434       0.36858415184255278     
   6.8000000000000005E-002 -0.40573671789902305       0.69604525593722633     
   6.9000000000000006E-002 -0.40488191675320634        1.0134531773026656     
   7.0000000000000007E-002 -0.40371462500815636        1.3209859659436554     
   7.1000000000000008E-002 -0.40224463113056880        1.6188193949305871     
   7.2000000000000008E-002 -0.40048154887895832        1.9071269824236241     
   7.2999999999999995E-002 -0.39843481955119653        2.1860800136079654     
   7.3999999999999996E-002 -0.39611371420991737        2.4558475625321865     
   7.4999999999999997E-002 -0.39352733588590982        2.7165965138425485     
   7.5999999999999998E-002 -0.39068462175962354        2.9684915844069879     
   7.6999999999999999E-002 -0.38759434532091636        3.2116953448232151     
   7.8000000000000000E-002 -0.38426511850717737        3.4463682408060086     
   7.9000000000000001E-002 -0.38070539381996171        3.6726686144493588     
   8.0000000000000002E-002 -0.37692346642027669        3.8907527253596350     
   8.1000000000000003E-002 -0.37292747620266092        4.1007747716564138     
   8.2000000000000003E-002 -0.36872540984820107        4.3028869108380183     
   8.3000000000000004E-002 -0.36432510285663150        4.4972392805091861     
   8.4000000000000005E-002 -0.35973424155766520        4.6839800189686303     
   8.5000000000000006E-002 -0.35496036510170431        4.8632552856545388     
   8.6000000000000007E-002 -0.35001086743008097        5.0352092814463463     
   8.7000000000000008E-002 -0.34489299922497946        5.1999842688213471     
   8.7999999999999995E-002 -0.33961386983919112        5.3577205918649380     
   8.8999999999999996E-002 -0.33418044920585532        5.5085566961334846     
   8.9999999999999997E-002 -0.32859956972833892        5.6526291483689732     
   9.0999999999999998E-002 -0.32287792815040789        5.7900726560647877     
   9.1999999999999998E-002 -0.31702208740684445        5.9210200868820868     
   9.2999999999999999E-002 -0.31103847845466359        6.0456024879163941     
   9.4000000000000000E-002 -0.30493340208508285        6.1639491048141313     
   9.5000000000000001E-002 -0.29871303071639843        6.2761874007389471     
   9.6000000000000002E-002 -0.29238341016792196        6.3824430751877745     
   9.7000000000000003E-002 -0.28595046141513047        6.4828400826566552     
   9.8000000000000004E-002 -0.27941998232618298        6.5775006511564449     
   9.9000000000000005E-002 -0.27279764937995615        6.6665453005785906     
  0.10000000000000001      -0.26608901936575141        6.7500928609112414     
  0.10100000000000001      -0.25929953106482501        6.8282604903060022     
  0.10200000000000001      -0.25243450691389269        6.9011636929957243     
  0.10300000000000001      -0.24549915465075914        6.9689163370637406     
  0.10400000000000001      -0.23849856894222310        7.0316306720650363     
  0.10500000000000000      -0.23143773299440679        7.0894173464998600     
  0.10600000000000000      -0.22432152014565931        7.1423854251403371     
  0.10700000000000000      -0.21715469544218163        7.1906424062106717     
  0.10800000000000000      -0.20994191719652094        7.2342942384215574     
  0.10900000000000000      -0.20268773852908109        7.2734453378594521     
  0.11000000000000000      -0.19539660889279514        7.3081986047313894     
  0.11100000000000000      -0.18807287558110519        7.3386554399660282     
  0.11200000000000000      -0.18072078521939394        7.3649157616716607     
  0.11300000000000000      -0.17334448524001198        7.3870780214519227     
  0.11400000000000000      -0.16594802534104308        7.4052392205799640     
  0.11500000000000000      -0.15853535892895013        7.4194949260318497     
  0.11600000000000001      -0.15111034454524244        7.4299392863799865     
  0.11700000000000001      -0.14367674727730517        7.4366650475473728     
  0.11800000000000001      -0.13623824015353000        7.4397635684234835     
  0.11900000000000001      -0.12879840552288596        7.4393248363426165     
  0.12000000000000000      -0.12136073641906812        7.4354374824255283     
  0.12100000000000000      -0.11392863790936095        7.4281887967852054     
  0.12200000000000000      -0.10650542842835249        7.4176647435976086     
  0.12300000000000000       -9.9094341096634453E-002   7.4039499760382510     
  0.12400000000000000       -9.1698525024622390E-002   7.3871278510854683     
  0.12500000000000000       -8.4321046601629479E-002   7.3672804441912358     
  0.12600000000000000       -7.6964890770326172E-002   7.3444885638204109     
  0.12700000000000000       -6.9632962286717531E-002   7.3188317658592581     
  0.12800000000000000       -6.2328086965768713E-002   7.2903883678941419     
  0.12900000000000000       -5.5053012912808542E-002   7.2592354633612493     
  0.13000000000000000       -4.7810411740839984E-002   7.2254489355682265     
  0.13100000000000001       -4.0602879773885513E-002   7.1891034715886057     
  0.13200000000000001       -3.3432939236494541E-002   7.1502725760298951     
  0.13300000000000001       -2.6303039429539040E-002   7.1090285846762127     
  0.13400000000000001       -1.9215557892422682E-002   7.0654426780063426     
  0.13500000000000001       -1.2172801551827952E-002   7.0195848945880899     
  0.13600000000000001       -5.1770078571247158E-003   6.9715241443498055     
  0.13700000000000001        1.7696540974370756E-003   6.9213282217299659     
  0.13800000000000001        8.6650824636288412E-003   6.8690638187056692     
  0.13900000000000001        1.5507241543118087E-002   6.8147965377009312     
  0.14000000000000001        2.2294160704196393E-002   6.7585909043756391     
  0.14100000000000001        2.9023933311241607E-002   6.7005103802960440     
  0.14200000000000002        3.5694715666795961E-002   6.6406173754876425     
  0.14300000000000002        4.2304725966142799E-002   6.5789732608713241     
  0.14400000000000002        4.8852243264265419E-002   6.5156383805836349     
  0.14499999999999999        5.5335606455072392E-002   6.4506720641820197     
  0.14599999999999999        6.1753213262774637E-002   6.3841326387358937     
  0.14699999999999999        6.8103519245300323E-002   6.3160774408043956     
  0.14799999999999999        7.4385036809634597E-002   6.2465628283016708     
  0.14899999999999999        8.0596334238971917E-002   6.1756441922505276     
  0.14999999999999999        8.6736034731569697E-002   6.1033759684253095     
  0.15100000000000000        9.2802815451192705E-002   6.0298116488848148     
  0.15200000000000000        9.8795406589038640E-002   5.9550037933961022     
  0.15300000000000000       0.10471259043703601        5.8790040407500133     
  0.15400000000000000       0.11055320047240644        5.8018631199692292     
  0.15500000000000000       0.11631612045338401        5.7236308614096938     
  0.15600000000000000       0.12200028352598566        5.6443562077562097     
  0.15700000000000000       0.12760467134172684        5.5640872249130338     
  0.15800000000000000       0.13312831318617782        5.4828711127902672     
  0.15900000000000000       0.13857028511825686        5.4007542159868578     
  0.16000000000000000       0.14392970912015701        5.3177820343710094     
  0.16100000000000000       0.14920575225780447        5.2339992335587935     
  0.16200000000000001       0.15439762585174677        5.1494496552917592     
  0.16300000000000001       0.15950458465837036        5.0641763277143292     
  0.16400000000000001       0.16452592606134753        4.9782214755517655     
  0.16500000000000001       0.16946098927321365        4.8916265301894812     
  0.16600000000000001       0.17430915454697635        4.8044321396544749     
  0.16700000000000001       0.17906984239765913        4.7166781784996621     
  0.16800000000000001       0.18374251283368265        4.6284037575918626     
  0.16900000000000001       0.18832666459798744        4.5396472338042120     
  0.17000000000000001       0.19282183441880327        4.4504462196137480     
  0.17100000000000001       0.19722759626997013        4.3608375926049296     
  0.17200000000000001       0.20154356064071752        4.2708575048798352     
  0.17300000000000001       0.20576937381480864        4.1805413923757788     
  0.17400000000000002       0.20990471715895773        4.0899239840910946     
  0.17500000000000002       0.21394930642042856        3.9990393112198088     
  0.17599999999999999       0.21790289103372359        3.9079207161959442     
  0.17699999999999999       0.22176525343627365        3.8166008616481695     
  0.17799999999999999       0.22553620839303873        3.7251117392655257     
  0.17899999999999999       0.22921560232993154        3.6334846785749373     
  0.17999999999999999       0.23280331267597562        3.5417503556312231     
  0.18099999999999999       0.23629924721411102        3.4499388016203176     
  0.18200000000000000       0.23970334344056107        3.3580794113763992     
  0.18300000000000000       0.24301556793267437        3.2662009518136292     
  0.18400000000000000       0.24623591572515702        3.1743315702731922     
  0.18500000000000000       0.24936440969461066        3.0824988027863274     
  0.18600000000000000       0.25240109995229260        2.9907295822540387     
  0.18700000000000000       0.25534606324501524        2.8990502465441601     
  0.18800000000000000       0.25819940236410194        2.8074865465064547     
  0.18900000000000000       0.26096124556231842        2.7160636539064189     
  0.19000000000000000       0.26363174597869804        2.6248061692784583     
  0.19100000000000000       0.26621108107118102        2.5337381296990973     
  0.19200000000000000       0.26869945205698775        2.4428830164808821     
  0.19300000000000000       0.27109708336064736        2.3522637627876319     
  0.19400000000000001       0.27340422206960308        2.2619027611716844     
  0.19500000000000001       0.27562113739731664        2.1718218710337842     
  0.19600000000000001       0.27774812015379491        2.0820424260062538     
  0.19700000000000001       0.27978548222346200        1.9925852412600837     
  0.19800000000000001       0.28173355605030137        1.9034706207365746     
  0.19900000000000001       0.28359269413019256        1.8147183643041580     
  0.20000000000000001       0.28536326851036808        1.7263477748410214     
  0.20100000000000001       0.28704567029591677        1.6383776652441562     
  0.20200000000000001       0.28864030916325989        1.5508263653654428     
  0.20300000000000001       0.29014761288052782        1.4637117288753863     
  0.20400000000000001       0.29156802683476485        1.3770511400551069     
  0.20500000000000002       0.29290201356589085        1.2908615205171907     
  0.20600000000000002       0.29415005230734875        1.2051593358559967     
  0.20700000000000002       0.29531263853336803        1.1199606022280157     
  0.20800000000000002       0.29639028351277397        1.0352808928628729     
  0.20899999999999999       0.29738351386927392       0.95113534450555670     
  0.20999999999999999       0.29829287114815223       0.86753866379045919     
  0.21099999999999999       0.29911891138930535       0.78450513354780538     
  0.21199999999999999       0.29986220470655062       0.70204861904304494     
  0.21299999999999999       0.30052333487314098       0.62018257414977618     
  0.21400000000000000       0.30110289891342051       0.53892004745676947     
  0.21500000000000000       0.30160150670055424       0.45827368830965109     
  0.21600000000000000       0.30201978056026757       0.37825575278780632     
  0.21700000000000000       0.30235835488053087       0.29887810961705547     
  0.21800000000000000       0.30261787572712495       0.22015224601865344     
  0.21900000000000000       0.30279900046502450       0.14208927349515915     
  0.22000000000000000       0.30290239738553620        6.4699933553717268E-002
  0.22100000000000000       0.30292874533912917       -1.2005396632709123E-002
  0.22200000000000000       0.30287873337389637       -8.8016698625619907E-002
  0.22300000000000000       0.30275306037958533      -0.16332430718224245     
  0.22400000000000000       0.30255243473713750      -0.23791890477725205     
  0.22500000000000001       0.30227757397367638      -0.31179151618442480     
  0.22600000000000001       0.30192920442288423      -0.38493350311770308     
  0.22700000000000001       0.30150806089070842      -0.45733655893115771     
  0.22800000000000001       0.30101488632633910      -0.52899270337733462     
  0.22900000000000001       0.30045043149839956      -0.59989427742347701     
  0.23000000000000001       0.29981545467629184      -0.67003393812511858     
  0.23100000000000001       0.29911072131664046      -0.73940465355654617     
  0.23200000000000001       0.29833700375477790      -0.80799969779763403     
  0.23300000000000001       0.29749508090121518      -0.87581264597655606     
  0.23400000000000001       0.29658573794304216      -0.94283736936788509     
  0.23500000000000001       0.29560976605020284       -1.0090680305455924     
  0.23600000000000002       0.29456796208659003       -1.0744990785904638     
  0.23700000000000002       0.29346112832590626       -1.1391252443514535     
  0.23800000000000002       0.29229007217223640       -1.2029415357604971     
  0.23900000000000002       0.29105560588527923       -1.2659432332003140     
  0.23999999999999999       0.28975854631018522       -1.3281258849247257     
  0.24099999999999999       0.28839971461194769       -1.3894853025310283     
  0.24199999999999999       0.28697993601429633       -1.4500175564839530     
  0.24299999999999999       0.28550003954304115       -1.5097189716907577     
  0.24399999999999999       0.28396085777381597       -1.5685861231269924     
  0.24500000000000000       0.28236322658417123       -1.6266158315124868     
  0.24600000000000000       0.28070798490996629       -1.6838051590371104     
  0.24700000000000000       0.27899597450601094       -1.7401514051358602     
  0.24800000000000000       0.27722803971090765       -1.7956521023128313     
  0.24900000000000000       0.27540502721604604       -1.8503050120136342     
  0.25000000000000000       0.27352778583870047       -1.9041081205458192     
  0.25100000000000000       0.27159716629918390       -1.9570596350468792     
  0.25200000000000000       0.26961402100201010       -2.0091579794993972     
  0.25300000000000000       0.26757920382101746       -2.0604017907929149     
  0.25400000000000000       0.26549356988840778       -2.1107899148320985     
  0.25500000000000000       0.26335797538765415       -2.1603214026907809     
  0.25600000000000001       0.26117327735023216       -2.2089955068114651     
  0.25700000000000001       0.25894033345612888       -2.2568116772498712     
  0.25800000000000001       0.25666000183808546       -2.3037695579641229     
  0.25900000000000001       0.25433314088952808       -2.3498689831481583     
  0.26000000000000001       0.25196060907614393       -2.3951099736089656     
  0.26100000000000001       0.24954326475105806       -2.4394927331872416     
  0.26200000000000001       0.24708196597356841       -2.4830176452210706     
  0.26300000000000001       0.24457757033139560       -2.5256852690522349     
  0.26400000000000001       0.24203093476640558       -2.5674963365747572     
  0.26500000000000001       0.23944291540376272       -2.6084517488252907     
  0.26600000000000001       0.23681436738447190       -2.6485525726149679     
  0.26700000000000002       0.23414614470126824       -2.6878000372023236     
  0.26800000000000002       0.23143910003781357       -2.7261955310069155     
  0.26900000000000002       0.22869408461115920       -2.7637405983632575     
  0.27000000000000002       0.22591194801743489       -2.8004369363146990     
  0.27100000000000002       0.22309353808072405       -2.8362863914468703     
  0.27200000000000002       0.22023970070508603       -2.8712909567603302     
  0.27300000000000002       0.21735127972968643       -2.9054527685820464     
  0.27400000000000002       0.21442911678699658       -2.9387741035153474     
  0.27500000000000002       0.21147405116402415       -2.9712573754279816     
  0.27600000000000002       0.20848691966653693       -3.0029051324779288     
  0.27700000000000002       0.20546855648624190       -3.0337200541766070     
  0.27800000000000002       0.20241979307088287       -3.0637049484891206     
  0.27900000000000003       0.19934145799721933       -3.0928627489712039     
  0.28000000000000003       0.19623437684685041       -3.1211965119425091     
  0.28100000000000003       0.19309937208484740       -3.1487094136958942     
  0.28200000000000003       0.18993726294115926       -3.1754047477423724     
  0.28300000000000003       0.18674886529475559       -3.2012859220913787     
  0.28400000000000003       0.18353499156047182       -3.2263564565660214     
  0.28500000000000003       0.18029645057852173       -3.2506199801529814     
  0.28600000000000003       0.17703404750664320       -3.2740802283867301     
  0.28700000000000003       0.17374858371484250       -3.2967410407677353     
  0.28800000000000003       0.17044085668270370       -3.3186063582143293     
  0.28899999999999998       0.16711165989922958       -3.3396802205479155     
  0.28999999999999998       0.16376178276518075       -3.3599667640111930     
  0.29099999999999998       0.16039201049788027       -3.3794702188190771     
  0.29199999999999998       0.15700312403845115       -3.3981949067420061     
  0.29299999999999998       0.15359589996145459       -3.4161452387213118     
  0.29399999999999998       0.15017111038689684       -3.4333257125163508     
  0.29499999999999998       0.14672952289457342       -3.4497409103830807     
  0.29599999999999999       0.14327190044071897       -3.4653954967837799     
  0.29699999999999999       0.13979900127693221       -3.4802942161276045     
  0.29799999999999999       0.13631157887134490       -3.4944418905416796     
  0.29899999999999999       0.13281038183200475       -3.5078434176724298     
  0.29999999999999999       0.12929615383244186       -3.5205037685168459     
  0.30099999999999999       0.12576963353938925       -3.5324279852833991     
  0.30199999999999999       0.12223155454262774       -3.5436211792823071     
  0.30299999999999999       0.11868264528692603       -3.5540885288448614     
  0.30399999999999999       0.11512362900604704       -3.5638352772715329     
  0.30499999999999999       0.11155522365879204       -3.5728667308085647     
  0.30599999999999999       0.10797814186705391       -3.5811882566527711     
  0.30700000000000000       0.10439309085585179       -3.5888052809842650     
  0.30800000000000000       0.10080077239531905       -3.5957232870268303     
  0.30900000000000000        9.7201882744617413E-002  -3.6019478131356655     
  0.31000000000000000        9.3597112597749513E-002  -3.6074844509122244     
  0.31100000000000000        8.9987147031243442E-002  -3.6123388433458818     
  0.31200000000000000        8.6372665453682232E-002  -3.6165166829821529     
  0.31300000000000000        8.2754341557052025E-002  -3.6200237101172013     
  0.31400000000000000        7.9132843269882652E-002  -3.6228657110183673     
  0.31500000000000000        7.5508832712154958E-002  -3.6250485161704566     
  0.31600000000000000        7.1882966151948904E-002  -3.6265779985475244     
  0.31700000000000000        6.8255893963807421E-002  -3.6274600719098991     
  0.31800000000000000        6.4628260588790648E-002  -3.6277006891261858     
  0.31900000000000001        6.1000704496195851E-002  -3.6273058405199983     
  0.32000000000000001        5.7373858146918380E-002  -3.6262815522411609     
  0.32100000000000001        5.3748347958429296E-002  -3.6246338846611357     
  0.32200000000000001        5.0124794271345550E-002  -3.6223689307924234     
  0.32300000000000001        4.6503811317568970E-002  -3.6194928147316898     
  0.32400000000000001        4.2886007189970314E-002  -3.6160116901263755     
  0.32500000000000001        3.9271983813595125E-002  -3.6119317386645449     
  0.32600000000000001        3.5662336918368218E-002  -3.6072591685877331     
  0.32700000000000001        3.2057656013273955E-002  -3.6020002132265554     
  0.32800000000000001        2.8458524361989628E-002  -3.5961611295588374     
  0.32900000000000001        2.4865518959949581E-002  -3.5897481967900338     
  0.33000000000000002        2.1279210512817868E-002  -3.5827677149557031     
  0.33100000000000002        1.7700163416347527E-002  -3.5752260035458074     
  0.33200000000000002        1.4128935737604756E-002  -3.5671294001506046     
  0.33300000000000002        1.0566079197536502E-002  -3.5584842591279111     
  0.33400000000000002        7.0121391548602207E-003  -3.5492969502915059     
  0.33500000000000002        3.4676545912547536E-003  -3.5395738576204536     
  0.33600000000000002       -6.6841902168456035E-005  -3.5293213779891248     
  0.33700000000000002       -3.5908241371344182E-003  -3.5185459199176941     
  0.33800000000000002       -7.1037723392342877E-003  -3.5072539023428968     
  0.33900000000000002       -1.0605173157735830E-002  -3.4954517534088305     
  0.34000000000000002       -1.4094519674194618E-002  -3.4831459092775838     
  0.34100000000000003       -1.7571311409885666E-002  -3.4703428129594824     
  0.34200000000000003       -2.1035054332075018E-002  -3.4570489131627404     
  0.34300000000000003       -2.4485260859150589E-002  -3.4432706631623073     
  0.34400000000000003       -2.7921449864631374E-002  -3.4290145196877058     
  0.34500000000000003       -3.1343146680073854E-002  -3.4142869418296504     
  0.34600000000000003       -3.4749883096894363E-002  -3.3990943899652497     
  0.34700000000000003       -3.8141197367125811E-002  -3.3834433247015818     
  0.34800000000000003       -4.1516634203127109E-002  -3.3673402058374493     
  0.34900000000000003       -4.4875744776263320E-002  -3.3507914913431125     
  0.35000000000000003       -4.8218086714574455E-002  -3.3338036363578039     
  0.35100000000000003       -5.1543224099450606E-002  -3.3163830922048274     
  0.35199999999999998       -5.4850727461330816E-002  -3.2985363054240526     
  0.35299999999999998       -5.8140173774443124E-002  -3.2802697168216053     
  0.35399999999999998       -6.1411146450602763E-002  -3.2615897605365705     
  0.35499999999999998       -6.4663235332085497E-002  -3.2425028631245150     
  0.35599999999999998       -6.7896036683592828E-002  -3.2230154426576445     
  0.35699999999999998       -7.1109153183325544E-002  -3.2031339078414081     
  0.35799999999999998       -7.4302193913182019E-002  -3.1828646571473653     
  0.35899999999999999       -7.7474774348097492E-002  -3.1622140779621377     
  0.35999999999999999       -8.0626516344540169E-002  -3.1411885457522586     
  0.36099999999999999       -8.3757048128180092E-002  -3.1197944232447439     
  0.36199999999999999       -8.6866004280746381E-002  -3.0980380596232071     
  0.36299999999999999       -8.9953025726088195E-002  -3.0759257897393431     
  0.36399999999999999       -9.3017759715454867E-002  -3.0534639333396001     
  0.36499999999999999       -9.6059859812010220E-002  -3.0306587943068748     
  0.36599999999999999       -9.9078985874595946E-002  -3.0075166599170520     
  0.36699999999999999      -0.10207480404075894       -2.9840438001102232     
  0.36799999999999999      -0.10504698670905711       -2.9602464667764132     
  0.36899999999999999      -0.10799521252065801       -2.9361308930556471     
  0.37000000000000000      -0.11091916634024476       -2.9117032926521911     
  0.37100000000000000      -0.11381853923624313       -2.8869698591628081     
  0.37200000000000000      -0.11669302846038385       -2.8619367654188577     
  0.37300000000000000      -0.11954233742661383       -2.8366101628420819     
  0.37400000000000000      -0.12236617568937004       -2.8109961808139201     
  0.37500000000000000      -0.12516425892122926       -2.7851009260581896     
  0.37600000000000000      -0.12793630888994723       -2.7589304820369742     
  0.37700000000000000      -0.13068205343490016       -2.7324909083595719     
  0.37800000000000000      -0.13340122644294172       -2.7057882402043361     
  0.37900000000000000      -0.13609356782368814       -2.6788284877532678     
  0.38000000000000000      -0.13875882348424431       -2.6516176356392003     
  0.38100000000000001      -0.14139674530338325       -2.6241616424054279     
  0.38200000000000001      -0.14400709110519141       -2.5964664399776298     
  0.38300000000000001      -0.14658962463219186       -2.5685379331479399     
  0.38400000000000001      -0.14914411551795770       -2.5403819990710184     
  0.38500000000000001      -0.15167033925922740       -2.5120044867719780     
  0.38600000000000001      -0.15416807718753398       -2.4834112166660214     
  0.38700000000000001      -0.15663711644035952       -2.4546079800896474     
  0.38800000000000001      -0.15907724993182673       -2.4256005388432844     
  0.38900000000000001      -0.16148827632293872       -2.3963946247452101     
  0.39000000000000001      -0.16386999999137825       -2.3669959391966215     
  0.39100000000000001      -0.16622223100087768       -2.3374101527577142     
  0.39200000000000002      -0.16854478507017037       -2.3076429047346365     
  0.39300000000000002      -0.17083748354153436       -2.2776998027771831     
  0.39400000000000002      -0.17310015334893916       -2.2475864224870943     
  0.39500000000000002      -0.17533262698580604       -2.2173083070368276     
  0.39600000000000002      -0.17753474247239220       -2.1868709667986712     
  0.39700000000000002      -0.17970634332280933       -2.1562798789840683     
  0.39800000000000002      -0.18184727851168639       -2.1255404872930228     
  0.39900000000000002      -0.18395740244048686       -2.0946582015734614     
  0.40000000000000002      -0.18603657490349026       -2.0636383974904202     
  0.40100000000000002      -0.18808466105344770       -2.0324864162049350     
  0.40200000000000002      -0.19010153136692115       -2.0012075640625082     
  0.40300000000000002      -0.19208706160931585       -1.9698071122910308     
  0.40400000000000003      -0.19404113279961541       -1.9382902967080358     
  0.40500000000000003      -0.19596363117482871       -1.9066623174371629     
  0.40600000000000003      -0.19785444815415781       -1.8749283386337141     
  0.40700000000000003      -0.19971348030289596       -1.8430934882191821     
  0.40800000000000003      -0.20154062929606456       -1.8111628576246330     
  0.40900000000000003      -0.20333580188179787       -1.7791415015428282     
  0.41000000000000003      -0.20509890984448412       -1.7470344376889675     
  0.41100000000000003      -0.20682986996767169       -1.7148466465699419     
  0.41200000000000003      -0.20852860399674877       -1.6825830712619805     
  0.41300000000000003      -0.21019503860140473       -1.6502486171965802     
  0.41400000000000003      -0.21182910533788155       -1.6178481519546080     
  0.41500000000000004      -0.21343074061102341       -1.5853865050684623     
  0.41600000000000004      -0.21499988563613245       -1.5528684678321889     
  0.41699999999999998      -0.21653648640063849       -1.5202987931194389     
  0.41799999999999998      -0.21804049362559064       -1.4876821952091659     
  0.41899999999999998      -0.21951186272697848       -1.4550233496189513     
  0.41999999999999998      -0.22095055377689021       -1.4223268929458581     
  0.42099999999999999      -0.22235653146451551       -1.3895974227147052     
  0.42199999999999999      -0.22372976505700021       -1.3568394972336602     
  0.42299999999999999      -0.22507022836016030       -1.3240576354570492     
  0.42399999999999999      -0.22637789967906224       -1.2912563168552835     
  0.42499999999999999      -0.22765276177847668       -1.2584399812917988     
  0.42599999999999999      -0.22889480184321268       -1.2256130289069131     
  0.42699999999999999      -0.23010401143833911       -1.1927798200085022     
  0.42799999999999999      -0.23128038646930019       -1.1599446749693951     
  0.42899999999999999      -0.23242392714193166       -1.1271118741313941     
  0.42999999999999999      -0.23353463792238430       -1.0942856577158249     
  0.43099999999999999      -0.23461252749696115       -1.0614702257405200     
  0.43200000000000000      -0.23565760873187500       -1.0286697379431438     
  0.43300000000000000      -0.23666989863293228      -0.99588831371076603     
  0.43400000000000000      -0.23764941830514955      -0.96313003201559177     
  0.43500000000000000      -0.23859619291230888      -0.93039893135675711     
  0.43600000000000000      -0.23951025163645795      -0.89769900970810079     
  0.43700000000000000      -0.24039162763736088      -0.86503422447182299     
  0.43800000000000000      -0.24124035801190560      -0.83240849243794190     
  0.43900000000000000      -0.24205648375347361      -0.79982568974946278     
  0.44000000000000000      -0.24284004971127768      -0.76728965187317066     
  0.44100000000000000      -0.24359110454967309      -0.73480417357596339     
  0.44200000000000000      -0.24430970070744806      -0.70237300890663845     
  0.44300000000000000      -0.24499589435709848      -0.66999987118305060     
  0.44400000000000001      -0.24564974536409259      -0.63768843298455768     
  0.44500000000000001      -0.24627131724613066      -0.60544232614967064     
  0.44600000000000001      -0.24686067713240495      -0.57326514177882881     
  0.44700000000000001      -0.24741789572286482      -0.54116043024221727     
  0.44800000000000001      -0.24794304724749233      -0.50913170119254880     
  0.44900000000000001      -0.24843620942559297      -0.47718242358273000     
  0.45000000000000001      -0.24889746342510649      -0.44531602568833384     
  0.45100000000000001      -0.24932689382194254      -0.41353589513480155     
  0.45200000000000001      -0.24972458855934590      -0.38184537892929649     
  0.45300000000000001      -0.25009063890729588      -0.35024778349713526     
  0.45400000000000001      -0.25042513942194422      -0.31874637472272010     
  0.45500000000000002      -0.25072818790509649      -0.28734437799489865     
  0.45600000000000002      -0.25099988536374063      -0.25604497825667771     
  0.45700000000000002      -0.25124033596962775      -0.22485132005921790     
  0.45800000000000002      -0.25144964701890865      -0.19376650762003766     
  0.45900000000000002      -0.25162792889183089      -0.16279360488535485     
  0.46000000000000002      -0.25177529501250018      -0.13193563559649579     
  0.46100000000000002      -0.25189186180871009      -0.10119558336030175     
  0.46200000000000002      -0.25197774867184436       -7.0576391723463971E-002
  0.46300000000000002      -0.25203307791685514       -4.0080964250718762E-002
  0.46400000000000002      -0.25205797474232161       -9.7121646068350359E-003
  0.46500000000000002      -0.25205256719059238        2.0527183357672497E-002
  0.46600000000000003      -0.25201698610801537        5.0634295517170837E-002
  0.46700000000000003      -0.25195136510525901        8.0606427377942394E-002
  0.46800000000000003      -0.25185584051772802       0.11044087398168964     
  0.46900000000000003      -0.25173055136607747       0.14013496980557491     
  0.47000000000000003      -0.25157563931682864       0.16968608865885884     
  0.47100000000000003      -0.25139124864308959       0.19909164357620013     
  0.47200000000000003      -0.25117752618538453       0.22834908670767887     
  0.47300000000000003      -0.25093462131259436       0.25745590920560474     
  0.47400000000000003      -0.25066268588301233       0.28640964110817102     
  0.47500000000000003      -0.25036187420551731       0.31520785122001443     
  0.47600000000000003      -0.25003234300086813       0.34384814698974037     
  0.47700000000000004      -0.24967425136312199       0.37232817438447247     
  0.47800000000000004      -0.24928776072117967       0.40064561776148422     
  0.47900000000000004      -0.24887303480046055       0.42879819973697114     
  0.47999999999999998      -0.24843023958471031       0.45678368105201939     
  0.48099999999999998      -0.24795954327794403       0.48459986043582792     
  0.48199999999999998      -0.24746111626652739       0.51224457446623961     
  0.48299999999999998      -0.24693513108139867       0.53971569742763637     
  0.48399999999999999      -0.24638176236043419       0.56701114116625284     
  0.48499999999999999      -0.24580118681095967       0.59412885494296286     
  0.48599999999999999      -0.24519358317241005       0.62106682528359114     
  0.48699999999999999      -0.24455913217914019       0.64782307582680376     
  0.48799999999999999      -0.24389801652338894       0.67439566716962907     
  0.48899999999999999      -0.24321042081839880       0.70078269671066074     
  0.48999999999999999      -0.24249653156169354       0.72698229849099416     
  0.49099999999999999      -0.24175653709851594       0.75299264303294566     
  0.49199999999999999      -0.24099062758542794       0.77881193717660513     
  0.49299999999999999      -0.24019899495407537       0.80443842391427167     
  0.49399999999999999      -0.23938183287511916       0.82987038222281972     
  0.49500000000000000      -0.23853933672233529       0.85510612689404486     
  0.49600000000000000      -0.23767170353688535       0.88014400836303619     
  0.49700000000000000      -0.23677913199175965       0.90498241253462330     
  0.49800000000000000      -0.23586182235639494       0.92961976060794271     
  0.49900000000000000      -0.23491997646146839       0.95405450889917154     
  0.50000000000000000      -0.23395379766386978       0.97828514866247251     
  0.50100000000000000      -0.23296349081185358        1.0023102059091962     
  0.50200000000000000      -0.23194926221037274        1.0261282412253836     
  0.50300000000000000      -0.23091131958659575        1.0497378495876144     
  0.50400000000000000      -0.22984987205560875        1.0731376601772435     
  0.50500000000000000      -0.22876513008630406        1.0963263361930686     
  0.50600000000000001      -0.22765730546745694        1.1193025746624707     
  0.50700000000000001      -0.22652661127399187        1.1420651062510716     
  0.50800000000000001      -0.22537326183343992        1.1646126950709459     
  0.50900000000000001      -0.22419747269258869        1.1869441384874331     
  0.51000000000000001      -0.22299946058432596        1.2090582669245853     
  0.51100000000000001      -0.22177944339467870        1.2309539436692944     
  0.51200000000000001      -0.22053764013004859        1.2526300646741355     
  0.51300000000000001      -0.21927427088464524        1.2740855583589668     
  0.51400000000000001      -0.21798955680811849        1.2953193854113245     
  0.51500000000000001      -0.21668372007339079        1.3163305385856496     
  0.51600000000000001      -0.21535698384469115        1.3371180425013856     
  0.51700000000000002      -0.21400957224579129        1.3576809534399821     
  0.51800000000000002      -0.21264171032844548        1.3780183591408446     
  0.51900000000000002      -0.21125362404103484        1.3981293785962612     
  0.52000000000000002      -0.20984554019741736        1.4180131618453473     
  0.52100000000000002      -0.20841768644598427        1.4376688897670409     
  0.52200000000000002      -0.20697029123892399        1.4570957738721826     
  0.52300000000000002      -0.20550358380169439        1.4762930560947169     
  0.52400000000000002      -0.20401779410270440        1.4952600085820476     
  0.52500000000000002      -0.20251315282320545        1.5139959334845794     
  0.52600000000000002      -0.20098989132739392        1.5325001627444830     
  0.52700000000000002      -0.19944824163272526        1.5507720578837114     
  0.52800000000000002      -0.19788843638044026        1.5688110097913028     
  0.52900000000000003      -0.19631070880630450        1.5866164385100017     
  0.53000000000000003      -0.19471529271156149        1.6041877930222279     
  0.53100000000000003      -0.19310242243410011        1.6215245510354270     
  0.53200000000000003      -0.19147233281983708        1.6386262187668303     
  0.53300000000000003      -0.18982525919431481        1.6554923307276574     
  0.53400000000000003      -0.18816143733451551        1.6721224495067881     
  0.53500000000000003      -0.18648110344089169        1.6885161655539356     
  0.53600000000000003      -0.18478449410961389        1.7046730969623491     
  0.53700000000000003      -0.18307184630503576        1.7205928892510747     
  0.53800000000000003      -0.18134339733237725        1.7362752151468017     
  0.53900000000000003      -0.17959938481062609        1.7517197743653248     
  0.54000000000000004      -0.17784004664565795        1.7669262933926468     
  0.54100000000000004      -0.17606562100357567        1.7818945252657519     
  0.54200000000000004      -0.17427634628426802        1.7966242493530737     
  0.54300000000000004      -0.17247246109518788        1.8111152711346867     
  0.54400000000000004      -0.17065420422535052        1.8253674219822449     
  0.54500000000000004      -0.16882181461955212        1.8393805589386962     
  0.54600000000000004      -0.16697553135280849        1.8531545644977956     
  0.54700000000000004      -0.16511559360501452        1.8666893463834429     
  0.54800000000000004      -0.16324224063582429        1.8799848373288703     
  0.54900000000000004      -0.16135571175975211        1.8930409948557043     
  0.55000000000000004      -0.15945624632149447        1.9058578010529230     
  0.55100000000000005      -0.15754408367147321        1.9184352623557372     
  0.55200000000000005      -0.15561946314159975        1.9307734093244153     
  0.55300000000000005      -0.15368262402126043        1.9428722964230758     
  0.55400000000000005      -0.15173380553352328        1.9547320017984697     
  0.55500000000000005      -0.14977324681156584        1.9663526270587770     
  0.55600000000000005      -0.14780118687532423        1.9777342970524363     
  0.55700000000000005      -0.14581786460836330        1.9888771596470323     
  0.55800000000000005      -0.14382351873496793        1.9997813855082598     
  0.55900000000000005      -0.14181838779745534        2.0104471678789873     
  0.56000000000000005      -0.13980271013370818        2.0208747223584407     
  0.56100000000000005      -0.13777672385492845        2.0310642866815254     
  0.56200000000000006      -0.13574066682361197        2.0410161204983108     
  0.56300000000000006      -0.13369477663174331        2.0507305051536933     
  0.56400000000000006      -0.13163929057921098        2.0602077434672585     
  0.56500000000000006      -0.12957444565244258        2.0694481595133656     
  0.56600000000000006      -0.12750047850325982        2.0784520984014647     
  0.56700000000000006      -0.12541762542795307        2.0872199260566737     
  0.56800000000000006      -0.12332612234657515        2.0957520290006308     
  0.56900000000000006      -0.12122620478245424        2.1040488141326366     
  0.57000000000000006      -0.11911810784192536        2.1121107085111102     
  0.57100000000000006      -0.11700206619428034        2.1199381591353714     
  0.57200000000000006      -0.11487831405193578        2.1275316327277705     
  0.57300000000000006      -0.11274708515081872        2.1348916155161781     
  0.57400000000000007      -0.11060861273096959        2.1420186130168561     
  0.57500000000000007      -0.10846312951736220        2.1489131498177243     
  0.57600000000000007      -0.10631086770094016        2.1555757693620365     
  0.57699999999999996      -0.10415205891986941        2.1620070337324875     
  0.57799999999999996      -0.10198693424100651        2.1682075234357607     
  0.57899999999999996       -9.9815724141582060E-002   2.1741778371875373     
  0.57999999999999996       -9.7638658491098970E-002   2.1799185916979766     
  0.58099999999999996       -9.5455966533444875E-002   2.1854304214576858     
  0.58199999999999996       -9.3267876869218502E-002   2.1907139785241947     
  0.58299999999999996       -9.1074617438269154E-002   2.1957699323089463     
  0.58399999999999996       -8.8876415502448999E-002   2.2005989693648202     
  0.58499999999999996       -8.6673497628577623E-002   2.2052017931742016     
  0.58599999999999997       -8.4466089671618116E-002   2.2095791239376092     
  0.58699999999999997       -8.2254416758064330E-002   2.2137316983628965     
  0.58799999999999997       -8.0038703269538644E-002   2.2176602694550396     
  0.58899999999999997       -7.7819172826599586E-002   2.2213656063065215     
  0.58999999999999997       -7.5596048272758842E-002   2.2248484938883313     
  0.59099999999999997       -7.3369551658706900E-002   2.2281097328415846     
  0.59199999999999997       -7.1139904226746750E-002   2.2311501392697832     
  0.59299999999999997       -6.8907326395435078E-002   2.2339705445317186     
  0.59399999999999997       -6.6672037744430118E-002   2.2365717950350410     
  0.59499999999999997       -6.4434256999545719E-002   2.2389547520304958     
  0.59599999999999997       -6.2194202018010743E-002   2.2411202914068458     
  0.59699999999999998       -5.9952089773933223E-002   2.2430693034864850     
  0.59799999999999998       -5.7708136343968583E-002   2.2448026928217608     
  0.59899999999999998       -5.5462556893191142E-002   2.2463213779920093     
  0.59999999999999998       -5.3215565661168251E-002   2.2476262914013181     
  0.60099999999999998       -5.0967375948236276E-002   2.2487183790770255     
  0.60199999999999998       -4.8718200101977721E-002   2.2495986004689668     
  0.60299999999999998       -4.6468249503898745E-002   2.2502679282494764     
  0.60399999999999998       -4.4217734556306260E-002   2.2507273481141579     
  0.60499999999999998       -4.1966864669383895E-002   2.2509778585834272     
  0.60599999999999998       -3.9715848248466037E-002   2.2510204708048440     
  0.60699999999999998       -3.7464892681509106E-002   2.2508562083562351     
  0.60799999999999998       -3.5214204326759348E-002   2.2504861070496216     
  0.60899999999999999       -3.2963988500616270E-002   2.2499112147359579     
  0.60999999999999999       -3.0714449465690945E-002   2.2491325911106914     
  0.61099999999999999       -2.8465790419058321E-002   2.2481513075201507     
  0.61199999999999999       -2.6218213480702753E-002   2.2469684467687698     
  0.61299999999999999       -2.3971919682155868E-002   2.2455851029271585     
  0.61399999999999999       -2.1727108955325945E-002   2.2440023811410255     
  0.61499999999999999       -1.9483980121517940E-002   2.2422213974409591     
  0.61599999999999999       -1.7242730880643299E-002   2.2402432785530797     
  0.61699999999999999       -1.5003557800618683E-002   2.2380691617105639     
  0.61799999999999999       -1.2766656306952725E-002   2.2357001944660517     
  0.61899999999999999       -1.0532220672519939E-002   2.2331375345049440     
  0.62000000000000000       -8.3004440075208873E-003   2.2303823494595929     
  0.62100000000000000       -6.0715182496277054E-003   2.2274358167243977     
  0.62200000000000000       -3.8456341543140781E-003   2.2242991232718068     
  0.62300000000000000       -1.6229812853687554E-003   2.2209734654692359     
  0.62400000000000000        5.9625199440830820E-004   2.2174600488969074     
  0.62500000000000000        2.8118785323281116E-003   2.2137600881666160     
  0.62600000000000000        5.0237123947540025E-003   2.2098748067414280     
  0.62700000000000000        7.2315688758632368E-003   2.2058054367563180     
  0.62800000000000000        9.4352645062296472E-003   2.2015532188397500     
  0.62900000000000000        1.1634617061228361E-002   2.1971194019362077     
  0.63000000000000000        1.3829445569263535E-002   2.1925052431296792     
  0.63100000000000001        1.6019570319820042E-002   2.1877120074681007     
  0.63200000000000001        1.8204812871340095E-002   2.1827409677887637     
  0.63300000000000001        2.0384996058925742E-002   2.1775934045446927     
  0.63400000000000001        2.2559944001868247E-002   2.1722706056319958     
  0.63500000000000001        2.4729482111005296E-002   2.1667738662181919     
  0.63600000000000001        2.6893437095907021E-002   2.1611044885715223     
  0.63700000000000001        2.9051636971891840E-002   2.1552637818912461     
  0.63800000000000001        3.1203911066873063E-002   2.1492530621389285     
  0.63900000000000001        3.3350090028037307E-002   2.1430736518707216     
  0.64000000000000001        3.5490005828355681E-002   2.1367268800706429     
  0.64100000000000001        3.7623491772928737E-002   2.1302140819848572     
  0.64200000000000002        3.9750382505166222E-002   2.1235365989569606     
  0.64300000000000002        4.1870514012802618E-002   2.1166957782642766     
  0.64400000000000002        4.3983723633749458E-002   2.1096929729551599     
  0.64500000000000002        4.6089850061785488E-002   2.1025295416873182     
  0.64600000000000002        4.8188733352085629E-002   2.0952068485671487     
  0.64700000000000002        5.0280214926589809E-002   2.0877262629900968     
  0.64800000000000002        5.2364137579212634E-002   2.0800891594820379     
  0.64900000000000002        5.4440345480894985E-002   2.0722969175416837     
  0.65000000000000002        5.6508684184498524E-002   2.0643509214840181     
  0.65100000000000002        5.8569000629544135E-002   2.0562525602847632     
  0.65200000000000002        6.0621143146795370E-002   2.0480032274258777     
  0.65300000000000002        6.2664961462687893E-002   2.0396043207420900     
  0.65400000000000003        6.4700306703605978E-002   2.0310572422684694     
  0.65500000000000003        6.6727031400007103E-002   2.0223633980890345     
  0.65600000000000003        6.8744989490395689E-002   2.0135241981864045     
  0.65700000000000003        7.0754036325146957E-002   2.0045410562924895     
  0.65800000000000003        7.2754028670182047E-002   1.9954153897402271     
  0.65900000000000003        7.4744824710495386E-002   1.9861486193163644     
  0.66000000000000003        7.6726284053535335E-002   1.9767421691152844     
  0.66100000000000003        7.8698267732439223E-002   1.9671974663938827     
  0.66200000000000003        8.0660638209123753E-002   1.9575159414274914     
  0.66300000000000003        8.2613259377231865E-002   1.9476990273668540     
  0.66400000000000003        8.4555996564937119E-002   1.9377481600961515     
  0.66500000000000004        8.6488716537606578E-002   1.9276647780920790     
  0.66600000000000004        8.8411287500323357E-002   1.9174503222839765     
  0.66700000000000004        9.0323579100269794E-002   1.9071062359150117     
  0.66800000000000004        9.2225462428972296E-002   1.8966339644044172     
  0.66900000000000004        9.4116810024409039E-002   1.8860349552107816     
  0.67000000000000004        9.5997495872981412E-002   1.8753106576963947     
  0.67100000000000004        9.7867395411350339E-002   1.8644625229926495     
  0.67200000000000004        9.9726385528138575E-002   1.8534920038664959     
  0.67300000000000004       0.10157434456549994        1.8424005545879529     
  0.67400000000000004       0.10341115232055660        1.8311896307986739     
  0.67500000000000004       0.10523669004670547        1.8198606893815672     
  0.67600000000000005       0.10705084045479470        1.8084151883314719     
  0.67700000000000005       0.10885348771417144        1.7968545866268881     
  0.67800000000000005       0.11064451745360183        1.7851803441027618     
  0.67900000000000005       0.11242381676206427        1.7733939213243222     
  0.68000000000000005       0.11419127418941710        1.7614967794619740     
  0.68100000000000005       0.11594677974694167        1.7494903801672419     
  0.68200000000000005       0.11769022490776193        1.7373761854497662     
  0.68300000000000005       0.11942150260714142        1.7251556575553517     
  0.68400000000000005       0.12114050724265900        1.7128302588450646     
  0.68500000000000005       0.12284713467426406        1.7004014516753809     
  0.68600000000000005       0.12454128222421249        1.6878706982793834     
  0.68700000000000006       0.12622284867688432        1.6752394606490049     
  0.68800000000000006       0.12789173427848416        1.6625092004183188     
  0.68900000000000006       0.12954784073662545        1.6496813787478759     
  0.69000000000000006       0.13119107121979950        1.6367574562100828     
  0.69100000000000006       0.13282133035673055        1.6237388926756253     
  0.69200000000000006       0.13443852423561770        1.6106271472009324     
  0.69300000000000006       0.13604256040326479        1.5974236779166788     
  0.69400000000000006       0.13763334786409942        1.5841299419173285     
  0.69500000000000006       0.13921079707908185        1.5707473951517119     
  0.69600000000000006       0.14077481996450522        1.5572774923146406     
  0.69700000000000006       0.14232532989068772        1.5437216867395540     
  0.69800000000000006       0.14386224168055795        1.5300814302921977     
  0.69900000000000007       0.14538547160813461        1.5163581732653317     
  0.70000000000000007       0.14689493739690121        1.5025533642744673     
  0.70100000000000007       0.14839055821807717        1.4886684501546275     
  0.70200000000000007       0.14987225468878621        1.4747048758581334     
  0.70300000000000007       0.15133994887012284        1.4606640843534113     
  0.70399999999999996       0.15279356426511842        1.4465475165248192     
  0.70499999999999996       0.15423302581660744        1.4323566110734911     
  0.70599999999999996       0.15565825990499507        1.4180928044191963     
  0.70699999999999996       0.15706919434592725        1.4037575306032106     
  0.70799999999999996       0.15846575838786398        1.3893522211921994     
  0.70899999999999996       0.15984788270955713        1.3748783051831075     
  0.70999999999999996       0.16121549941743363        1.3603372089090553     
  0.71099999999999997       0.16256854204288490        1.3457303559462370     
  0.71199999999999997       0.16390694553946397        1.3310591670218204     
  0.71299999999999997       0.16523064627999065        1.3163250599228429     
  0.71399999999999997       0.16653958205356639        1.3015294494061049     
  0.71499999999999997       0.16783369206249940        1.2866737471090532     
  0.71599999999999997       0.16911291691914110        1.2717593614616558     
  0.71699999999999997       0.17037719864263504        1.2567876975992625     
  0.71799999999999997       0.17162648065557914        1.2417601572764501     
  0.71899999999999997       0.17286070778060225        1.2266781387818479     
  0.71999999999999997       0.17407982623685597        1.2115430368539428     
  0.72099999999999997       0.17528378363642291        1.1963562425978580     
  0.72199999999999998       0.17647252898064208        1.1811191434031041     
  0.72299999999999998       0.17764601265635258        1.1658331228623002     
  0.72399999999999998       0.17880418643205645        1.1504995606908603     
  0.72499999999999998       0.17994700345400177        1.1351198326476422     
  0.72599999999999998       0.18107441824218679        1.1196953104565561     
  0.72699999999999998       0.18218638668628617        1.1042273617291307     
  0.72799999999999998       0.18328286604150035        1.0887173498880303     
  0.72899999999999998       0.18436381492432877        1.0731666340915238     
  0.72999999999999998       0.18542919330826818        1.0575765691588985     
  0.73099999999999998       0.18647896251943674        1.0419485054968185     
  0.73199999999999998       0.18751308523212490        1.0262837890266214     
  0.73299999999999998       0.18853152546427421        1.0105837611125521     
  0.73399999999999999       0.18953424857288473       0.99484975849092883     
  0.73499999999999999       0.19052122124935200       0.97908311320023889     
  0.73599999999999999       0.19149241151473476       0.96328515251216007     
  0.73699999999999999       0.19244778871495388       0.94745719886350344     
  0.73799999999999999       0.19338732351592403       0.93160056978907579     
  0.73899999999999999       0.19431098789861834       0.91571657785545602     
  0.73999999999999999       0.19521875515406756       0.89980653059568316     
  0.74099999999999999       0.19611059987829416       0.88387173044485201     
  0.74199999999999999       0.19698649796718259       0.86791347467661228     
  0.74299999999999999       0.19784642661128649       0.85193305534056807     
  0.74399999999999999       0.19869036429057363       0.83593175920057328     
  0.74500000000000000       0.19951829076910982       0.81991086767391985     
  0.74600000000000000       0.20033018708968220       0.80387165677141448     
  0.74700000000000000       0.20112603556836317       0.78781539703834025     
  0.74800000000000000       0.20190581978901581       0.77174335349629863     
  0.74900000000000000       0.20266952459774137       0.75565678558592941     
  0.75000000000000000       0.20341713609727011       0.73955694711050268     
  0.75100000000000000       0.20414864164129601       0.72344508618038095     
  0.75200000000000000       0.20486402982875657       0.70732244515834541     
  0.75300000000000000       0.20556329049805810       0.69119026060578415     
  0.75400000000000000       0.20624641472124797       0.67504976322973698     
  0.75500000000000000       0.20691339479813392       0.65890217783079397     
  0.75600000000000001       0.20756422425035209       0.64274872325184218     
  0.75700000000000001       0.20819889781538398       0.62659061232765800     
  0.75800000000000001       0.20881741144052340       0.61042905183534024     
  0.75900000000000001       0.20941976227679451       0.59426524244557977     
  0.76000000000000001       0.21000594867282130       0.57810037867476216     
  0.76100000000000001       0.21057597016864968       0.56193564883789826     
  0.76200000000000001       0.21112982748952294       0.54577223500237959     
  0.76300000000000001       0.21166752253961132       0.52961131294255359     
  0.76400000000000001       0.21218905839569663       0.51345405209511485     
  0.76500000000000001       0.21269443930081258       0.49730161551530799     
  0.76600000000000001       0.21318367065784180       0.48115515983393820     
  0.76700000000000002       0.21365675902307021       0.46501583521518480     
  0.76800000000000002       0.21411371209969970       0.44888478531521397     
  0.76900000000000002       0.21455453873131966       0.43276314724158599     
  0.77000000000000002       0.21497924889533845       0.41665205151345291     
  0.77100000000000002       0.21538785369637542       0.40055262202254266     
  0.77200000000000002       0.21578036535961426       0.38446597599492449     
  0.77300000000000002       0.21615679722411860       0.36839322395355217     
  0.77400000000000002       0.21651716373611046       0.35233546968158047     
  0.77500000000000002       0.21686148044221240       0.33629381018645005     
  0.77600000000000002       0.21718976398265422       0.32026933566473709     
  0.77700000000000002       0.21750203208444474       0.30426312946776307     
  0.77800000000000002       0.21779830355450977       0.28827626806796003     
  0.77900000000000003       0.21807859827279666       0.27230982102598722     
  0.78000000000000003       0.21834293718534639       0.25636485095859479     
  0.78100000000000003       0.21859134229733387       0.24044241350723003     
  0.78200000000000003       0.21882383666607733       0.22454355730738151     
  0.78300000000000003       0.21904044439401721       0.20866932395865725     
  0.78400000000000003       0.21924119062166572       0.19282074799559187     
  0.78500000000000003       0.21942610152052744       0.17699885685917882     
  0.78600000000000003       0.21959520428599180       0.16120467086912293     
  0.78700000000000003       0.21974852713019830       0.14543920319680895     
  0.78800000000000003       0.21988609927487485       0.12970345983898163     
  0.78900000000000003       0.22000795094415032       0.11399843959213291     
  0.79000000000000004       0.22011411335734180        9.8325134027591660E-002
  0.79100000000000004       0.22020461872171720        8.2684527467311641E-002
  0.79200000000000004       0.22027950022523413        6.7077596960353120E-002
  0.79300000000000004       0.22033879202925538        5.1505312260053698E-002
  0.79400000000000004       0.22038252926124227        3.5968635801883947E-002
  0.79500000000000004       0.22041074800742583        2.0468522681983251E-002
  0.79600000000000004       0.22042348530545705        5.0059206363714855E-003
  0.79700000000000004       0.22042077913703670       -1.0418229979168029E-002
  0.79800000000000004       0.22040266842052522       -2.5802996208538723E-002
  0.79900000000000004       0.22036919300353361       -4.1147452514118617E-002
  0.80000000000000004       0.22032039365549586       -5.6450680794890344E-002
  0.80100000000000005       0.22025631206022347       -7.1711770403917768E-002
  0.80200000000000005       0.22017699080844302       -8.6929818165173728E-002
  0.80300000000000005       0.22008247339031700      -0.10210392838972342     
  0.80400000000000005       0.21997280418794887      -0.11723321289126779     
  0.80500000000000005       0.21984802846787302      -0.13231679100105165     
  0.80600000000000005       0.21970819237352995      -0.14735378958214068     
  0.80700000000000005       0.21955334291772757      -0.16234334304307219     
  0.80800000000000005       0.21938352797508914      -0.17728459335088373     
  0.80900000000000005       0.21919879627448857      -0.19217669004352439     
  0.81000000000000005       0.21899919739147350      -0.20701879024165298     
  0.81100000000000005       0.21878478174067692      -0.22181005865982778     
  0.81200000000000006       0.21855560056821796      -0.23654966761709223     
  0.81300000000000006       0.21831170594409238      -0.25123679704696106     
  0.81400000000000006       0.21805315075455325      -0.26587063450681125     
  0.81500000000000006       0.21777998869448270      -0.28045037518668259     
  0.81600000000000006       0.21749227425975509      -0.29497522191749181     
  0.81700000000000006       0.21719006273959224      -0.30944438517866529     
  0.81800000000000006       0.21687341020891135      -0.32385708310519423     
  0.81900000000000006       0.21654237352066613      -0.33821254149411739     
  0.82000000000000006       0.21619701029818172      -0.35250999381043513     
  0.82100000000000006       0.21583737892748409      -0.36674868119245985     
  0.82200000000000006       0.21546353854962413      -0.38092785245660693     
  0.82300000000000006       0.21507554905299750      -0.39504676410163048     
  0.82400000000000007       0.21467347106566032      -0.40910468031230862     
  0.82500000000000007       0.21425736594764153      -0.42310087296258281     
  0.82600000000000007       0.21382729578325246      -0.43703462161815487     
  0.82700000000000007       0.21338332337339386      -0.45090521353854740     
  0.82800000000000007       0.21292551222786135      -0.46471194367863056     
  0.82900000000000007       0.21245392655764947      -0.47845411468962085     
  0.83000000000000007       0.21196863126725507      -0.49213103691955534     
  0.83100000000000007       0.21146969194698045      -0.50574202841324645     
  0.83200000000000007       0.21095717486523685      -0.51928641491172134     
  0.83299999999999996       0.21043114696084864      -0.53276352985114983     
  0.83399999999999996       0.20989167583535900      -0.54617271436126613     
  0.83499999999999996       0.20933882974533730      -0.55951331726328846     
  0.83599999999999997       0.20877267759468882      -0.57278469506733987     
  0.83699999999999997       0.20819328892696742      -0.58598621196937617     
  0.83799999999999997       0.20760073391769140      -0.59911723984762444     
  0.83899999999999997       0.20699508336666314      -0.61217715825853625     
  0.83999999999999997       0.20637640869029317      -0.62516535443226073     
  0.84099999999999997       0.20574478191392892      -0.63808122326764061     
  0.84199999999999997       0.20510027566418865      -0.65092416732673675     
  0.84299999999999997       0.20444296316130123      -0.66369359682888462     
  0.84399999999999997       0.20377291821145196      -0.67638892964428743     
  0.84499999999999997       0.20309021519913517      -0.68900959128714967     
  0.84599999999999997       0.20239492907951370      -0.70155501490835592     
  0.84699999999999998       0.20168713537078620      -0.71402464128769916     
  0.84799999999999998       0.20096691014656221      -0.72641791882566165     
  0.84899999999999998       0.20023433002824573      -0.73873430353475456     
  0.84999999999999998       0.19948947217742774      -0.75097325903041889     
  0.85099999999999998       0.19873241428828803      -0.76313425652149236     
  0.85199999999999998       0.19796323458000661      -0.77521677480024720     
  0.85299999999999998       0.19718201178918560      -0.78722030023200185     
  0.85399999999999998       0.19638882516228134      -0.79914432674431157     
  0.85499999999999998       0.19558375444804790      -0.81098835581574169     
  0.85599999999999998       0.19476687988999175      -0.82275189646422797     
  0.85699999999999998       0.19393828221883841      -0.83443446523502784     
  0.85799999999999998       0.19309804264501129      -0.84603558618826691     
  0.85899999999999999       0.19224624285112318      -0.85755479088608466     
  0.85999999999999999       0.19138296498448090      -0.86899161837938377     
  0.86099999999999999       0.19050829164960323      -0.88034561519418664     
  0.86199999999999999       0.18962230590075282      -0.89161633531760354     
  0.86299999999999999       0.18872509123448222      -0.90280334018341646     
  0.86399999999999999       0.18781673158219464      -0.91390619865728240     
  0.86499999999999999       0.18689731130271950      -0.92492448702156049     
  0.86599999999999999       0.18596691517490360      -0.93585778895976657     
  0.86699999999999999       0.18502562839021780      -0.94670569554065997     
  0.86799999999999999       0.18407353654537983      -0.95746780520196528     
  0.86899999999999999       0.18311072563499375      -0.96814372373373436     
  0.87000000000000000       0.18213728204420590      -0.97873306426135154     
  0.87100000000000000       0.18115329254137835      -0.98923544722818690     
  0.87200000000000000       0.18015884427077966      -0.99965050037790049     
  0.87300000000000000       0.17915402474529354       -1.0099778587364026     
  0.87400000000000000       0.17813892183914584       -1.0202171645934726     
  0.87500000000000000       0.17711362378064988       -1.0303680674840419     
  0.87600000000000000       0.17607821914497090       -1.0404302241691437     
  0.87700000000000000       0.17503279684690959       -1.0504032986165333     
  0.87800000000000000       0.17397744613370508       -1.0602869619809838     
  0.87900000000000000       0.17291225657785805       -1.0700808925842609     
  0.88000000000000000       0.17183731806997377       -1.0797847758947783     
  0.88100000000000001       0.17075272081162574       -1.0893983045069420     
  0.88200000000000001       0.16965855530824023       -1.0989211781201831     
  0.88300000000000001       0.16855491236200176       -1.1083531035176850     
  0.88400000000000001       0.16744188306478017       -1.1176937945448078     
  0.88500000000000001       0.16631955879107929       -1.1269429720872148     
  0.88600000000000001       0.16518803119100775       -1.1361003640487040     
  0.88700000000000001       0.16404739218327200       -1.1451657053287474     
  0.88800000000000001       0.16289773394819193       -1.1541387377997452     
  0.88900000000000001       0.16173914892073954       -1.1630192102839938     
  0.89000000000000001       0.16057172978360054       -1.1718068785303748     
  0.89100000000000001       0.15939556946025965       -1.1805015051907684     
  0.89200000000000002       0.15821076110810939       -1.1891028597961921     
  0.89300000000000002       0.15701739811158300       -1.1976107187326726     
  0.89400000000000002       0.15581557407531166       -1.2060248652168499     
  0.89500000000000002       0.15460538281730610       -1.2143450892713215     
  0.89600000000000002       0.15338691836216309       -1.2225711876997263     
  0.89700000000000002       0.15216027493429701       -1.2307029640615756     
  0.89800000000000002       0.15092554695119653       -1.2387402286468321     
  0.89900000000000002       0.14968282901670710       -1.2466827984502404     
  0.90000000000000002       0.14843221591433897       -1.2545304971454143     
  0.90100000000000002       0.14717380260060151       -1.2622831550586835     
  0.90200000000000002       0.14590768419836350       -1.2699406091427023     
  0.90300000000000002       0.14463395599024023       -1.2775027029498258     
  0.90400000000000003       0.14335271341200706       -1.2849692866052540     
  0.90500000000000003       0.14206405204604025       -1.2923402167799509     
  0.90600000000000003       0.14076806761478466       -1.2996153566633390     
  0.90700000000000003       0.13946485597424912       -1.3067945759357749     
  0.90800000000000003       0.13815451310752933       -1.3138777507408064     
  0.90900000000000003       0.13683713511835860       -1.3208647636572186     
  0.91000000000000003       0.13551281822468664       -1.3277555036708684     
  0.91100000000000003       0.13418165875228674       -1.3345498661463129     
  0.91200000000000003       0.13284375312839120       -1.3412477527982354     
  0.91300000000000003       0.13149919787535569       -1.3478490716626697     
  0.91400000000000003       0.13014808960435226       -1.3543537370680296     
  0.91500000000000004       0.12879052500909161       -1.3607616696059437     
  0.91600000000000004       0.12742660085957441       -1.3670727961019007     
  0.91700000000000004       0.12605641399587231       -1.3732870495857075     
  0.91800000000000004       0.12468006132193836       -1.3794043692617635     
  0.91900000000000004       0.12329763979944741       -1.3854247004791553     
  0.92000000000000004       0.12190924644166642       -1.3913479947015730     
  0.92100000000000004       0.12051497830735494       -1.3971742094770525     
  0.92200000000000004       0.11911493249469599       -1.4029033084075477     
  0.92300000000000004       0.11770920613525736       -1.4085352611183342     
  0.92400000000000004       0.11629789638798373       -1.4140700432272479     
  0.92500000000000004       0.11488110043321949       -1.4195076363137631     
  0.92600000000000005       0.11345891546676261       -1.4248480278879110     
  0.92700000000000005       0.11203143869394973       -1.4300912113590429     
  0.92800000000000005       0.11059876732377245       -1.4352371860044417     
  0.92900000000000005       0.10916099856302520       -1.4402859569377833     
  0.93000000000000005       0.10771822961048465       -1.4452375350774513     
  0.93100000000000005       0.10627055765112085       -1.4500919371147101     
  0.93200000000000005       0.10481807985034042       -1.4548491854817349     
  0.93300000000000005       0.10336089334826154       -1.4595093083195065     
  0.93400000000000005       0.10189909525402134       -1.4640723394455708     
  0.93500000000000005       0.10043278264011546       -1.4685383183216663     
  0.93600000000000005        9.8962052536770095E-002  -1.4729072900212239     
  0.93700000000000006        9.7487001926346600E-002  -1.4771793051967399     
  0.93800000000000006        9.6007727737778770E-002  -1.4813544200470274     
  0.93900000000000006        9.4524326841042963E-002  -1.4854326962843460     
  0.94000000000000006        9.3036896041661099E-002  -1.4894142011014162     
  0.94100000000000006        9.1545532075236732E-002  -1.4932990071383174     
  0.94200000000000006        9.0050331602024303E-002  -1.4970871924492770     
  0.94300000000000006        8.8551391201531618E-002  -1.5007788404693476     
  0.94400000000000006        8.7048807367155728E-002  -1.5043740399809813     
  0.94500000000000006        8.5542676500852247E-002  -1.5078728850804979     
  0.94600000000000006        8.4033094907838321E-002  -1.5112754751444553     
  0.94700000000000006        8.2520158791329221E-002  -1.5145819147959203     
  0.94800000000000006        8.1003964247308727E-002  -1.5177923138706451     
  0.94900000000000007        7.9484607259333373E-002  -1.5209067873831510     
  0.95000000000000007        7.7962183693370699E-002  -1.5239254554927231     
  0.95100000000000007        7.6436789292671489E-002  -1.5268484434693173     
  0.95200000000000007        7.4908519672676172E-002  -1.5296758816593834     
  0.95300000000000007        7.3377470315955443E-002  -1.5324079054516058     
  0.95400000000000007        7.1843736567185207E-002  -1.5350446552425656     
  0.95500000000000007        7.0307413628155846E-002  -1.5375862764023260     
  0.95600000000000007        6.8768596552815989E-002  -1.5400329192399433     
  0.95700000000000007        6.7227380242350740E-002  -1.5423847389689072     
  0.95800000000000007        6.5683859440294617E-002  -1.5446418956725110     
  0.95900000000000007        6.4138128727679003E-002  -1.5468045542691562     
  0.95999999999999996        6.2590282518214468E-002  -1.5488728844775934     
  0.96099999999999997        6.1040415053507782E-002  -1.5508470607821010     
  0.96199999999999997        5.9488620398313818E-002  -1.5527272623976049     
  0.96299999999999997        5.7934992435822369E-002  -1.5545136732347431     
  0.96399999999999997        5.6379624862979913E-002  -1.5562064818648740     
  0.96499999999999997        5.4822611185846401E-002  -1.5578058814850346     
  0.96599999999999997        5.3264044714987108E-002  -1.5593120698828493     
  0.96699999999999997        5.1704018560899609E-002  -1.5607252494013908     
  0.96799999999999997        5.0142625629475905E-002  -1.5620456269039971     
  0.96899999999999997        4.8579958617499766E-002  -1.5632734137390469     
  0.96999999999999997        4.7016110008179304E-002  -1.5644088257046942     
  0.97099999999999997        4.5451172066714833E-002  -1.5654520830135652     
  0.97199999999999998        4.3885236835902071E-002  -1.5664034102574209     
  0.97299999999999998        4.2318396131770665E-002  -1.5672630363717863     
  0.97399999999999998        4.0750741539258117E-002  -1.5680311946005481     
  0.97499999999999998        3.9182364407919147E-002  -1.5687081224605253     
  0.97599999999999998        3.7613355847670449E-002  -1.5692940617060120     
  0.97699999999999998        3.6043806724570963E-002  -1.5697892582932980     
  0.97799999999999998        3.4473807656637628E-002  -1.5701939623451655     
  0.97899999999999998        3.2903449009696627E-002  -1.5705084281153681     
  0.97999999999999998        3.1332820893270177E-002  -1.5707329139530906     
  0.98099999999999998        2.9762013156498870E-002  -1.5708676822673946     
  0.98199999999999998        2.8191115384099571E-002  -1.5709129994916502     
  0.98299999999999998        2.6620216892358894E-002  -1.5708691360479570     
  0.98399999999999999        2.5049406725162249E-002  -1.5707363663115557     
  0.98499999999999999        2.3478773650058501E-002  -1.5705149685752333     
  0.98599999999999999        2.1908406154360207E-002  -1.5702052250137226     
  0.98699999999999999        2.0338392441279465E-002  -1.5698074216480995     
  0.98799999999999999        1.8768820426099370E-002  -1.5693218483101792     
  0.98899999999999999        1.7199777732381065E-002  -1.5687487986069140     
  0.98999999999999999        1.5631351688206393E-002  -1.5680885698847935     
  0.99099999999999999        1.4063629322456160E-002  -1.5673414631942508     
  0.99199999999999999        1.2496697361123967E-002  -1.5665077832540752     
  0.99299999999999999        1.0930642223665641E-002  -1.5655878384158346     
  0.99399999999999999        9.3655500193842341E-003  -1.5645819406283081     
  0.99500000000000000        7.8015065438505841E-003  -1.5634904054019327     
  0.99600000000000000        6.2385972753594143E-003  -1.5623135517732634     
  0.99700000000000000        4.6769073714209774E-003  -1.5610517022694508     
  0.99800000000000000        3.1165216652882027E-003  -1.5597051828727382     
  0.99900000000000000        1.5575246625193398E-003  -1.5582743229849769     
   1.0000000000000000        5.3757607653553974E-010  -1.5567594553921660     
