   0.0000000000000000        1.0000000000000000       -34.765303914188117     
   1.0000000000000000E-003  0.97123035113088418       -34.164492257947984     
   2.0000000000000000E-003  0.93726448776357585       -33.648212252884584     
   3.0000000000000001E-003  0.90385837962248672       -33.088630363559346     
   4.0000000000000001E-003  0.87102572247637988       -32.522960024167787     
   5.0000000000000001E-003  0.83876445577107561       -31.958272851568633     
   6.0000000000000001E-003  0.80707011991587452       -31.397104333445906     
   7.0000000000000001E-003  0.77593740282342172       -30.840610544218507     
   8.0000000000000002E-003  0.74536059305257285       -30.289389731945260     
   9.0000000000000011E-003  0.71533377093523376       -29.743774270184346     
   1.0000000000000000E-002  0.68585090543704885       -29.203955119926153     
   1.0999999999999999E-002  0.65690590891412537       -28.670041822745663     
   1.2000000000000000E-002  0.62849267041729795       -28.142094133501576     
   1.3000000000000001E-002  0.60060507704864463       -27.620139890577846     
   1.4000000000000000E-002  0.57323702821695388       -27.104185681637624     
   1.4999999999999999E-002  0.54638244545566839       -26.594223502079402     
   1.6000000000000000E-002  0.52003527935386862       -26.090235070723256     
   1.7000000000000001E-002  0.49418951454557686       -25.592194717493715     
   1.8000000000000002E-002  0.46883917335600661       -25.100071369203480     
   1.9000000000000000E-002  0.44397831849622033       -24.613829947985291     
   2.0000000000000000E-002  0.41960105506933593       -24.133432376851506     
   2.1000000000000001E-002  0.39570153206945458       -23.658838316204942     
   2.1999999999999999E-002  0.37227394350070814       -23.190005712205956     
   2.3000000000000000E-002  0.34931252920770384       -22.726891211089406     
   2.4000000000000000E-002  0.32681157548387163       -22.269450476352667     
   2.5000000000000001E-002  0.30476541550690850       -21.817638434487520     
   2.6000000000000002E-002  0.28316842963821026       -21.371409467410651     
   2.7000000000000000E-002  0.26201504561430378       -20.930717564629251     
   2.8000000000000001E-002  0.24129973865179427       -20.495516444635342     
   2.9000000000000001E-002  0.22101703148252774       -20.065759652531813     
   2.9999999999999999E-002  0.20116149433205546       -19.641400639117862     
   3.1000000000000000E-002  0.18172774485175064       -19.222392825379117     
   3.2000000000000001E-002  0.16271044801282922       -18.808689655390587     
   3.3000000000000002E-002  0.14410431596890633       -18.400244639947697     
   3.4000000000000002E-002  0.12590410789245557       -17.997011392723323     
   3.5000000000000003E-002  0.10810462978954472       -17.598943660358465     
   3.6000000000000004E-002   9.0700734296434146E-002  -17.205995347597312     
   3.6999999999999998E-002   7.3687320460996256E-002  -16.818120538349444     
   3.7999999999999999E-002   5.7059333511409627E-002  -16.435273513385624     
   3.9000000000000000E-002   4.0811764614173907E-002  -16.057408765236211     
   4.0000000000000001E-002   2.4939650623159632E-002  -15.684481010753181     
   4.1000000000000002E-002   9.4380738211362596E-003  -15.316445201711606     
   4.2000000000000003E-002  -5.6978383450015831E-003  -14.953256533758456     
   4.3000000000000003E-002  -2.0472913534273697E-002  -14.594870453962416     
   4.3999999999999997E-002  -3.4891934786036985E-002  -14.241242667174639     
   4.4999999999999998E-002  -4.8959640798035949E-002  -13.892329141375050     
   4.5999999999999999E-002  -6.2680726207432827E-002  -13.548086112150068     
   4.7000000000000000E-002  -7.6059841874259113E-002  -13.208470086424070     
   4.8000000000000001E-002  -8.9101595166806200E-002  -12.873437845547681     
   4.9000000000000002E-002 -0.10181055024853740       -12.542946447830012     
   5.0000000000000003E-002 -0.11419122836615833       -12.216953230588803     
   5.1000000000000004E-002 -0.12624810813852971       -11.895415811781449     
   5.2000000000000005E-002 -0.13798562584614640       -11.578292091270738     
   5.2999999999999999E-002 -0.14940817572094145       -11.265540251771435     
   5.3999999999999999E-002 -0.16052011023620313       -10.957118759517410     
   5.5000000000000000E-002 -0.17132574039641929       -10.652986364683528     
   5.6000000000000001E-002 -0.18182933602688495       -10.353102101591926     
   5.7000000000000002E-002 -0.19203512606292911       -10.057425288728352     
   5.8000000000000003E-002 -0.20194729883863322       -9.7659155285909218     
   5.9000000000000004E-002 -0.21157000237492854       -9.4785327073907748     
   5.9999999999999998E-002 -0.22090734466697304       -9.1952369946216415     
   6.0999999999999999E-002 -0.22996339397071908       -8.9159888425132792     
   6.2000000000000000E-002 -0.23874217908859374       -8.6407489853818458     
   6.3000000000000000E-002 -0.24724768965422242       -8.3694784388887786     
   6.4000000000000001E-002 -0.25548387641613363       -8.1021384992183307     
   6.5000000000000002E-002 -0.26345465152039055       -7.8386907421827656     
   6.6000000000000003E-002 -0.27116388879210035       -7.5790970222631815     
   6.7000000000000004E-002 -0.27861542401575812       -7.3233194715930203     
   6.8000000000000005E-002 -0.28581305521438716       -7.0713204988905503     
   6.9000000000000006E-002 -0.29276054292744141       -6.8230627883459123     
   7.0000000000000007E-002 -0.29946161048743980       -6.5785092984677283     
   7.1000000000000008E-002 -0.30591994429530595       -6.3376232608937189     
   7.2000000000000008E-002 -0.31213919409438934       -6.1003681791693305     
   7.2999999999999995E-002 -0.31812297324314720       -5.8667078274979483     
   7.3999999999999996E-002 -0.32387485898646906       -5.6366062494658982     
   7.4999999999999997E-002 -0.32939839272562721       -5.4100277567451354     
   7.5999999999999998E-002 -0.33469708028683975       -5.1869369277762098     
   7.6999999999999999E-002 -0.33977439218843336       -4.9672986064338582     
   7.8000000000000000E-002 -0.34463376390659567       -4.7510779006773287     
   7.9000000000000001E-002 -0.34927859613970796       -4.5382401811873603     
   8.0000000000000002E-002 -0.35371225507125048       -4.3287510799915356     
   8.1000000000000003E-002 -0.35793807263127403       -4.1225764890795791     
   8.2000000000000003E-002 -0.36195934675643215       -3.9196825590100199     
   8.3000000000000004E-002 -0.36577934164857007       -3.7200356975095081     
   8.4000000000000005E-002 -0.36940128803186639       -3.5236025680659568     
   8.5000000000000006E-002 -0.37282838340852559       -3.3303500885165764     
   8.6000000000000007E-002 -0.37606379231301884       -3.1402454296317703     
   8.7000000000000008E-002 -0.37911064656487270       -2.9532560136957766     
   8.7999999999999995E-002 -0.38197204552000463       -2.7693495130848622     
   8.8999999999999996E-002 -0.38465105632060592       -2.5884938488438074     
   8.9999999999999997E-002 -0.38715071414357233       -2.4106571892613506     
   9.0999999999999998E-002 -0.38947402244748369       -2.2358079484452076     
   9.1999999999999998E-002 -0.39162395321813420       -2.0639147848972308     
   9.2999999999999999E-002 -0.39360344721261514       -1.8949466000892203     
   9.4000000000000000E-002 -0.39541541420195248       -1.7288725370398574     
   9.5000000000000001E-002 -0.39706273321230218       -1.5656619788931938     
   9.6000000000000002E-002 -0.39854825276470612       -1.4052845474990923     
   9.7000000000000003E-002 -0.39987479111341184       -1.2477101019959791     
   9.8000000000000004E-002 -0.40104513648275980       -1.0929087373962445     
   9.9000000000000005E-002 -0.40206204730264200      -0.94085078317459359     
  0.10000000000000001      -0.40292825244253599      -0.79150680185962918     
  0.10100000000000001      -0.40364645144411831      -0.64484758762892391     
  0.10200000000000001      -0.40421931475246181      -0.50084416490781758     
  0.10300000000000001      -0.40464948394582195      -0.35946778697215664     
  0.10400000000000001      -0.40493957196401609      -0.22068993455517436     
  0.10500000000000000      -0.40509216333540099       -8.4482314458695418E-002
  0.10600000000000000      -0.40510981440245381        4.9183141831168314E-002
  0.10700000000000000      -0.40499505354596121       0.18033427952367620     
  0.10800000000000000      -0.40475038140782232       0.30899872189833083     
  0.10900000000000000      -0.40437827111247049       0.43520387167483376     
  0.11000000000000000      -0.40388116848691963       0.55897691237800662     
  0.11100000000000000      -0.40326149227944053       0.68034480969756916     
  0.11200000000000000      -0.40252163437687266       0.79933431284267442     
  0.11300000000000000      -0.40166396002057730       0.91597195589111069     
  0.11400000000000000      -0.40069080802103757        1.0302840591330868     
  0.11500000000000000      -0.39960449097111134        1.1422967304095268     
  0.11600000000000001      -0.39840729545794273        1.2520358664448019     
  0.11700000000000001      -0.39710148227353820        1.3595271541738418     
  0.11800000000000001      -0.39568928662401293        1.4647960720635642     
  0.11900000000000001      -0.39417291833751383        1.5678678914285742     
  0.12000000000000000      -0.39255456207082490        1.6687676777410867     
  0.12100000000000000      -0.39083637751466110        1.7675202919350292     
  0.12200000000000000      -0.38902049959765667        1.8641503917042896     
  0.12300000000000000      -0.38710903868905416        1.9586824327950738     
  0.12400000000000000      -0.38510408080010011        2.0511406702923449     
  0.12500000000000000      -0.38300768778415367        2.1415491599003182     
  0.12600000000000000      -0.38082189753551404        2.2299317592169894     
  0.12700000000000000      -0.37854872418697316        2.3163121290026747     
  0.12800000000000000      -0.37619015830609970        2.4007137344425473     
  0.12900000000000000      -0.37374816709026015        2.4831598464031579     
  0.13000000000000000      -0.37122469456038409        2.5636735426829227     
  0.13100000000000001      -0.36862166175347855        2.6422777092565752     
  0.13200000000000001      -0.36594096691389882        2.7189950415135700     
  0.13300000000000001      -0.36318448568338113        2.7938480454904351     
  0.13400000000000001      -0.36035407128984365        2.8668590390970703     
  0.13500000000000001      -0.35745155473496182        2.9380501533369876     
  0.13600000000000001      -0.35447874498052451        3.0074433335214961     
  0.13700000000000001      -0.35143742913357662        3.0750603404778309     
  0.13800000000000001      -0.34832937263035474        3.1409227517512304     
  0.13900000000000001      -0.34515631941902181        3.2050519628009648     
  0.14000000000000001      -0.34191999214120694        3.2674691881903231     
  0.14100000000000001      -0.33862209231235652        3.3281954627705641     
  0.14200000000000002      -0.33526430050090250        3.3872516428588382     
  0.14300000000000002      -0.33184827650625454        3.4446584074100914     
  0.14400000000000002      -0.32837565953562126        3.5004362591829596     
  0.14499999999999999      -0.32484806837966751        3.5546055258996638     
  0.14599999999999999      -0.32126710158701310        3.6071863613999171     
  0.14699999999999999      -0.31763433763757914        3.6581987467888584     
  0.14799999999999999      -0.31395133511478845        3.7076624915790228     
  0.14899999999999999      -0.31021963287662546        3.7555972348263640     
  0.14999999999999999      -0.30644075022556189        3.8020224462603420     
  0.15100000000000000      -0.30261618707735422        3.8469574274080935     
  0.15200000000000000      -0.29874742412871869        3.8904213127126974     
  0.15300000000000000      -0.29483592302389022        3.9324330706455521     
  0.15400000000000000      -0.29088312652007042        3.9730115048128831     
  0.15500000000000000      -0.28689045865177143        4.0121752550563965     
  0.15600000000000000      -0.28285932489406074        4.0499427985480958     
  0.15700000000000000      -0.27879111232471349        4.0863324508792775     
  0.15800000000000000      -0.27468718978527773        4.1213623671437318     
  0.15900000000000000      -0.27054890804105830        4.1550505430151539     
  0.16000000000000000      -0.26637759994002563        4.1874148158187996     
  0.16100000000000000      -0.26217458057065490        4.2184728655973895     
  0.16200000000000001      -0.25794114741870133        4.2482422161712963     
  0.16300000000000001      -0.25367858052291753        4.2767402361930209     
  0.16400000000000001      -0.24938814262971842        4.3039841401959880     
  0.16500000000000001      -0.24507107934679961        4.3299909896376718     
  0.16600000000000001      -0.24072861929571471        4.3547776939370868     
  0.16700000000000001      -0.23636197426341740        4.3783610115066436     
  0.16800000000000001      -0.23197233935277395        4.4007575507784118     
  0.16900000000000001      -0.22756089313205144        4.4219837712247934     
  0.17000000000000001      -0.22312879778338782        4.4420559843736411     
  0.17100000000000001      -0.21867719925024881        4.4609903548178353     
  0.17200000000000001      -0.21420722738387768        4.4788029012193400     
  0.17300000000000001      -0.20971999608874303        4.4955094973077667     
  0.17400000000000002      -0.20521660346699050        4.5111258728734613     
  0.17500000000000002      -0.20069813196190336        4.5256676147551378     
  0.17599999999999999      -0.19616564850037799        4.5391501678220783     
  0.17699999999999999      -0.19162020463441920        4.5515888359509296     
  0.17799999999999999      -0.18706283668166127        4.5629987829971048     
  0.17899999999999999      -0.18249456586491966        4.5733950337608240     
  0.17999999999999999      -0.17791639845077908        4.5827924749478113     
  0.18099999999999999      -0.17332932588722302        4.5912058561246658     
  0.18200000000000000      -0.16873432494031035        4.5986497906689419     
  0.18300000000000000      -0.16413235782990401        4.6051387567139432     
  0.18400000000000000      -0.15952437236445721        4.6106870980882677     
  0.18500000000000000      -0.15491130207486237        4.6153090252501192     
  0.18600000000000000      -0.15029406634736808        4.6190186162164073     
  0.18700000000000000      -0.14567357055556918        4.6218298174866614     
  0.18800000000000000      -0.14105070619147519        4.6237564449617752     
  0.18900000000000000      -0.13642635099566244        4.6248121848576140     
  0.19000000000000000      -0.13180136908651457        4.6250105946134950     
  0.19100000000000000      -0.12717661108855718        4.6243651037955731     
  0.19200000000000000      -0.12255291425989107        4.6228890149951480     
  0.19300000000000000      -0.11793110261872958        4.6205955047219183     
  0.19400000000000001      -0.11331198706904497        4.6174976242922048     
  0.19500000000000001      -0.10869636552532878        4.6136083007121602     
  0.19600000000000001      -0.10408502303647126        4.6089403375559970     
  0.19700000000000001       -9.9478731908764800E-002   4.6035064158392478     
  0.19800000000000001       -9.4878251828036428E-002   4.5973190948870801     
  0.19900000000000001       -9.0284329980914138E-002   4.5903908131976960     
  0.20000000000000001       -8.5697701175232177E-002   4.5827338893008296     
  0.20100000000000001       -8.1119087959579964E-002   4.5743605226113679     
  0.20200000000000001       -7.6549200741999682E-002   4.5652827942781196     
  0.20300000000000001       -7.1988737907837344E-002   4.5555126680277489     
  0.20400000000000001       -6.7438385936752068E-002   4.5450619910039007     
  0.20500000000000002       -6.2898819518888566E-002   4.5339424946015390     
  0.20600000000000002       -5.8370701670217386E-002   4.5221657952965124     
  0.20700000000000002       -5.3854683847047870E-002   4.5097433954703838     
  0.20800000000000002       -4.9351406059718439E-002   4.4966866842305304     
  0.20899999999999999       -4.4861496985469020E-002   4.4830069382255457     
  0.20999999999999999       -4.0385574080500211E-002   4.4687153224559610     
  0.21099999999999999       -3.5924243691223927E-002   4.4538228910803115     
  0.21199999999999999       -3.1478101164710150E-002   4.4383405882165610     
  0.21299999999999999       -2.7047730958334425E-002   4.4222792487389198     
  0.21400000000000000       -2.2633706748630703E-002   4.4056495990700606     
  0.21500000000000000       -1.8236591539354106E-002   4.3884622579687713     
  0.21600000000000000       -1.3856937768758201E-002   4.3707277373130529     
  0.21700000000000000       -9.4952874160913157E-003   4.3524564428786867     
  0.21800000000000000       -5.1521721073164092E-003   4.3336586751133002     
  0.21900000000000000       -8.2811322005901800E-004   4.3143446299059383     
  0.22000000000000000        3.4763780122122690E-003   4.2945243993521789     
  0.22100000000000000        7.7608003967683213E-003   4.2742079725147937     
  0.22200000000000000        1.2024662678960549E-002   4.2534052361799937     
  0.22300000000000000        1.6267483440316133E-002   4.2321259756092706     
  0.22400000000000000        2.0488790997382995E-002   4.2103798752868524     
  0.22500000000000001        2.4688123301320159E-002   4.1881765196628056     
  0.22600000000000001        2.8865027838229133E-002   4.1655253938917900     
  0.22700000000000001        3.3019061530221973E-002   4.1424358845675009     
  0.22800000000000001        3.7149790637221757E-002   4.1189172804528091     
  0.22900000000000001        4.1256790659491116E-002   4.0949787732056233     
  0.23000000000000001        4.5339646240884608E-002   4.0706294581004947     
  0.23100000000000001        4.9397951072820655E-002   4.0458783347459875     
  0.23200000000000001        5.3431307798968819E-002   4.0207343077978264     
  0.23300000000000001        5.7439327920648237E-002   3.9952061876678555     
  0.23400000000000001        6.1421631702932938E-002   3.9693026912288145     
  0.23500000000000001        6.5377848081460022E-002   3.9430324425149603     
  0.23600000000000002        6.9307614569936379E-002   3.9164039734185558     
  0.23700000000000002        7.3210577168339994E-002   3.8894257243822374     
  0.23800000000000002        7.7086390271811564E-002   3.8621060450872911     
  0.23900000000000002        8.0934716580232491E-002   3.8344531951378484     
  0.23999999999999999        8.4755227008485048E-002   3.8064753447410280     
  0.24099999999999999        8.8547600597390766E-002   3.7781805753830406     
  0.24199999999999999        9.2311524425322977E-002   3.7495768805012748     
  0.24299999999999999        9.6046693520489515E-002   3.7206721661523869     
  0.24399999999999999        9.9752810773881553E-002   3.6914742516764121     
  0.24500000000000000       0.10342958685288466        3.6619908703569166     
  0.24600000000000000       0.10707674011554803        3.6322296700772116     
  0.24700000000000000       0.11069399652550815        3.6021982139726454     
  0.24800000000000000       0.11428108956756274        3.5719039810789956     
  0.24900000000000000       0.11783776016389119        3.5413543669769796     
  0.25000000000000000       0.12136375659091782        3.5105566844329013     
  0.25100000000000000       0.12485883439681361        3.4795181640354569     
  0.25200000000000000       0.12832275631963319        3.4482459548287121     
  0.25300000000000000       0.13175529220608267        3.4167471249412764     
  0.25400000000000000       0.13515621893091501        3.3850286622116887     
  0.25500000000000000       0.13852532031694881        3.3530974748100340     
  0.25600000000000001       0.14186238705570695        3.3209603918558117     
  0.25700000000000001       0.14516721662867124        3.2886241640320728     
  0.25800000000000001       0.14843961322914945        3.2560954641958415     
  0.25900000000000001       0.15167938768475084        3.2233808879848449     
  0.26000000000000001       0.15488635738046677        3.1904869544205670     
  0.26100000000000001       0.15806034618235246        3.1574201065076419     
  0.26200000000000001       0.16120118436180636        3.1241867118296112     
  0.26300000000000001       0.16430870852044366        3.0907930631410570     
  0.26400000000000001       0.16738276151555992        3.0572453789561322     
  0.26500000000000001       0.17042319238618173        3.0235498041335060     
  0.26600000000000001       0.17342985627970034        2.9897124104577411     
  0.26700000000000002       0.17640261437908511        2.9557391972171216     
  0.26800000000000002       0.17934133383067291        2.9216360917779487     
  0.26900000000000002       0.18224588767253017        2.8874089501553217     
  0.27000000000000002       0.18511615476338403        2.8530635575804233     
  0.27100000000000002       0.18795201971211892        2.8186056290643240     
  0.27200000000000002       0.19075337280783544        2.7840408099583271     
  0.27300000000000002       0.19352010995046776        2.7493746765108678     
  0.27400000000000002       0.19625213258195620        2.7146127364209862     
  0.27500000000000002       0.19894934761797176        2.6797604293883897     
  0.27600000000000002       0.20161166738018890        2.6448231276601235     
  0.27700000000000002       0.20423900952910345        2.6098061365738667     
  0.27800000000000002       0.20683129699739200        2.5747146950978674     
  0.27900000000000003       0.20938845792380975        2.5395539763675394     
  0.28000000000000003       0.21191042558762324        2.5043290882187326     
  0.28100000000000003       0.21439713834357474        2.4690450737176968     
  0.28200000000000003       0.21684853955737490        2.4337069116877541     
  0.28300000000000003       0.21926457754172060        2.3983195172326965     
  0.28400000000000003       0.22164520549283453        2.3628877422569281     
  0.28500000000000003       0.22399038142752328        2.3274163759823638     
  0.28600000000000003       0.22630006812075074        2.2919101454621056     
  0.28700000000000003       0.22857423304372362        2.2563737160909101     
  0.28800000000000003       0.23081284830248591        2.2208116921124637     
  0.28899999999999998       0.23301589057701899        2.1852286171234834     
  0.28999999999999998       0.23518334106084424        2.1496289745746573     
  0.29099999999999998       0.23731518540112512        2.1140171882684435     
  0.29199999999999998       0.23941141363926546        2.0783976228537409     
  0.29299999999999998       0.24147202015200092        2.0427745843174496     
  0.29399999999999998       0.24349700359298043        2.0071523204729353     
  0.29499999999999998       0.24548636683483460        1.9715350214454168     
  0.29599999999999999       0.24744011691172804        1.9359268201542872     
  0.29699999999999999       0.24935826496239244        1.9003317927923900     
  0.29799999999999999       0.25124082617363735        1.8647539593022617     
  0.29899999999999999       0.25308781972433603        1.8291972838493595     
  0.29999999999999999       0.25489926872988256        1.7936656752922866     
  0.30099999999999999       0.25667520018711809        1.7581629876500335     
  0.30199999999999999       0.25841564491972280        1.7226930205662492     
  0.30299999999999999       0.26012063752407044        1.6872595197705567     
  0.30399999999999999       0.26179021631554295        1.6518661775369310     
  0.30499999999999999       0.26342442327530197        1.6165166331391521     
  0.30599999999999999       0.26502330399751434        1.5812144733033484     
  0.30700000000000000       0.26658690763702864        1.5459632326576482     
  0.30800000000000000       0.26811528685750019        1.5107663941789502     
  0.30900000000000000       0.26960849777996099        1.4756273896368317     
  0.31000000000000000       0.27106659993183269        1.4405496000346067     
  0.31100000000000000       0.27248965619637866        1.4055363560475513     
  0.31200000000000000       0.27387773276259331        1.3705909384583077     
  0.31300000000000000       0.27523089907552528        1.3357165785894849     
  0.31400000000000000       0.27654922778703173        1.3009164587334696     
  0.31500000000000000       0.27783279470696126        1.2661937125794600     
  0.31600000000000000       0.27908167875476242        1.2315514256377398     
  0.31700000000000000       0.28029596191151501        1.1969926356612055     
  0.31800000000000000       0.28147572917238178        1.1625203330641611     
  0.31900000000000001       0.28262106849947732        1.1281374613383952     
  0.32000000000000001       0.28373207077515200        1.0938469174665544     
  0.32100000000000001       0.28480882975568761        1.0596515523328267     
  0.32200000000000001       0.28585144202540258        1.0255541711309508     
  0.32300000000000001       0.28686000695116387       0.99155753376956279     
  0.32400000000000001       0.28783462663730275       0.95766435527489646     
  0.32500000000000001       0.28877540588093215       0.92387730619084985     
  0.32600000000000001       0.28968245212766264       0.89019901297643245     
  0.32700000000000001       0.29055587542771466       0.85663205840060686     
  0.32800000000000001       0.29139578839242425       0.82317898193453842     
  0.32900000000000001       0.29220230615113973       0.78984228014126701     
  0.33000000000000002       0.29297554630850692       0.75662440706281375     
  0.33100000000000002       0.29371562890213992       0.72352777460473716     
  0.33200000000000002       0.29442267636067548       0.69055475291815172     
  0.33300000000000002       0.29509681346220795       0.65770767077922254     
  0.33400000000000002       0.29573816729310265       0.62498881596614919     
  0.33500000000000002       0.29634686720718467       0.59240043563365252     
  0.33600000000000002       0.29692304478530129       0.55994473668497768     
  0.33700000000000002       0.29746683379525490       0.52762388614142575     
  0.33800000000000002       0.29797837015210449       0.49544001150942818     
  0.33900000000000002       0.29845779187883265       0.46339520114517690     
  0.34000000000000002       0.29890523906737626       0.43149150461682267     
  0.34100000000000003       0.29932085384001822       0.39973093306425495     
  0.34200000000000003       0.29970478031113745       0.36811545955647651     
  0.34300000000000003       0.30005716454931536       0.33664701944658509     
  0.34400000000000003       0.30037815453979616       0.30532751072437536     
  0.34500000000000003       0.30066790014729822       0.27415879436657359     
  0.34600000000000003       0.30092655307917487       0.24314269468471825     
  0.34700000000000003       0.30115426684892183       0.21228099967069849     
  0.34800000000000003       0.30135119674002880       0.18157546133996366     
  0.34900000000000003       0.30151749977017350       0.15102779607241607     
  0.35000000000000003       0.30165333465575506       0.12063968495099961     
  0.35100000000000003       0.30175886177676514        9.0412774097996709E-002
  0.35199999999999998       0.30183424314199403        6.0348675009045644E-002
  0.35299999999999998       0.30187964235456971        3.0448964884890971E-002
  0.35399999999999998       0.30189522457782764        7.1518696087903566E-004
  0.35499999999999998       0.30188115650150871       -2.8851149165789208E-002
  0.35599999999999998       0.30183760630828355       -5.8248567211035843E-002
  0.35699999999999998       0.30176474364060063       -8.7475623881102124E-002
  0.35799999999999998       0.30166273956785611      -0.11653090855195095     
  0.35899999999999999       0.30153176655388314      -0.14541304295086382     
  0.35999999999999999       0.30137199842475854      -0.17412068084022028     
  0.36099999999999999       0.30118361033692453      -0.20265250770344800     
  0.36199999999999999       0.30096677874562372      -0.23100724043313170     
  0.36299999999999999       0.30072168137364447      -0.25918362702126913     
  0.36399999999999999       0.30044849718037525      -0.28718044625166239     
  0.36499999999999999       0.30014740633116549      -0.31499650739443302     
  0.36599999999999999       0.29981859016699086      -0.34263064990264924     
  0.36699999999999999       0.29946223117442072      -0.37008174311105346     
  0.36799999999999999       0.29907851295588606      -0.39734868593687928     
  0.36899999999999999       0.29866762020024551      -0.42443040658274589     
  0.37000000000000000       0.29822973865364721      -0.45132586224161864     
  0.37100000000000000       0.29776505509068502      -0.47803403880382467     
  0.37200000000000000       0.29727375728584643      -0.50455395056611207     
  0.37300000000000000       0.29675603398525063      -0.53088463994274149     
  0.37400000000000000       0.29621207487867429      -0.55702517717859856     
  0.37500000000000000       0.29564207057186320      -0.58297466006431731     
  0.37600000000000000       0.29504621255912816      -0.60873221365340124     
  0.37700000000000000       0.29442469319622216      -0.63429698998133366     
  0.37800000000000000       0.29377770567349804      -0.65966816778666404     
  0.37900000000000000       0.29310544398934374      -0.68484495223406083     
  0.38000000000000000       0.29240810292389352      -0.70982657463931953     
  0.38100000000000001       0.29168587801301354      -0.73461229219631463     
  0.38200000000000001       0.29093896552255905      -0.75920138770588574     
  0.38300000000000001       0.29016756242290204      -0.78359316930664591     
  0.38400000000000001       0.28937186636372714      -0.80778697020770263     
  0.38500000000000001       0.28855207564909369      -0.83178214842328002     
  0.38600000000000001       0.28770838921276226      -0.85557808650923206     
  0.38700000000000001       0.28684100659378398      -0.87917419130143615     
  0.38800000000000001       0.28595012791235008      -0.90256989365605667     
  0.38900000000000001       0.28503595384590075      -0.92576464819166804     
  0.39000000000000001       0.28409868560549056      -0.94875793303322675     
  0.39100000000000001       0.28313852491240921      -0.97154924955788224     
  0.39200000000000002       0.28215567397505542      -0.99413812214261621     
  0.39300000000000002       0.28115033546606244       -1.0165240979137002     
  0.39400000000000002       0.28012271249967297       -1.0387067464979609     
  0.39500000000000002       0.27907300860936218       -1.0606856597758441     
  0.39600000000000002       0.27800142772570663       -1.0824604516362653     
  0.39700000000000002       0.27690817415449737       -1.1040307577332387     
  0.39800000000000002       0.27579345255509563       -1.1253962352442743     
  0.39900000000000002       0.27465746791902940       -1.1465565626305323     
  0.40000000000000002       0.27350042554882859       -1.1675114393987240     
  0.40100000000000002       0.27232253103709786       -1.1882605858647539     
  0.40200000000000002       0.27112399024582456       -1.2088037429190863     
  0.40300000000000002       0.26990500928592071       -1.2291406717938334     
  0.40400000000000003       0.26866579449699690       -1.2492711538315491     
  0.40500000000000003       0.26740655242736666       -1.2691949902557249     
  0.40600000000000003       0.26612748981427942       -1.2889120019429723     
  0.40700000000000003       0.26482881356438037       -1.3084220291968864     
  0.40800000000000003       0.26351073073439579       -1.3277249315235797     
  0.40900000000000003       0.26217344851204188       -1.3468205874088757     
  0.41000000000000003       0.26081717419715572       -1.3657088940971545     
  0.41100000000000003       0.25944211518304644       -1.3843897673718397     
  0.41200000000000003       0.25804847893806510       -1.4028631413375185     
  0.41300000000000003       0.25663647298739156       -1.4211289682036836     
  0.41400000000000003       0.25520630489503721       -1.4391872180700898     
  0.41500000000000004       0.25375818224606084       -1.4570378787137150     
  0.41600000000000004       0.25229231262899748       -1.4746809553773172     
  0.41699999999999998       0.25080890361849745       -1.4921164705595760     
  0.41799999999999998       0.24930816275817452       -1.5093444638068128     
  0.41899999999999998       0.24779029754366172       -1.5263649915062785     
  0.41999999999999998       0.24625551540587301       -1.5431781266810003     
  0.42099999999999999       0.24470402369446925       -1.5597839587861781     
  0.42199999999999999       0.24313602966152720       -1.5761825935071232     
  0.42299999999999999       0.24155174044540953       -1.5923741525587269     
  0.42399999999999999       0.23995136305483494       -1.6083587734864555     
  0.42499999999999999       0.23833510435314628       -1.6241366094688570     
  0.42599999999999999       0.23670317104277541       -1.6397078291215759     
  0.42699999999999999       0.23505576964990346       -1.6550726163028631     
  0.42799999999999999       0.23339310650931477       -1.6702311699205752     
  0.42899999999999999       0.23171538774944303       -1.6851837037406538     
  0.42999999999999999       0.23002281927760820       -1.6999304461970750     
  0.43099999999999999       0.22831560676544294       -1.7144716402032618     
  0.43200000000000000       0.22659395563450657       -1.7288075429649510     
  0.43300000000000000       0.22485807104208580       -1.7429384257945046     
  0.43400000000000000       0.22310815786718019       -1.7568645739266597     
  0.43500000000000000       0.22134442069667121       -1.7705862863357058     
  0.43600000000000000       0.21956706381167343       -1.7841038755540830     
  0.43700000000000000       0.21777629117406641       -1.7974176674923925     
  0.43800000000000000       0.21597230641320589       -1.8105280012608103     
  0.43900000000000000       0.21415531281281278       -1.8234352289918963     
  0.44000000000000000       0.21232551329803875       -1.8361397156647918     
  0.44100000000000000       0.21048311042270693       -1.8486418389307950     
  0.44200000000000000       0.20862830635672627       -1.8609419889403076     
  0.44300000000000000       0.20676130287367836       -1.8730405681711448     
  0.44400000000000001       0.20488230133857518       -1.8849379912582001     
  0.44500000000000001       0.20299150269578661       -1.8966346848244564     
  0.44600000000000001       0.20108910745713615       -1.9081310873133375     
  0.44700000000000001       0.19917531569016370       -1.9194276488223885     
  0.44800000000000001       0.19725032700655398       -1.9305248309382810     
  0.44900000000000001       0.19531434055072933       -1.9414231065731327     
  0.45000000000000001       0.19336755498860542       -1.9521229598021343     
  0.45100000000000001       0.19141016849650880       -1.9626248857024775     
  0.45200000000000001       0.18944237875025483       -1.9729293901935725     
  0.45300000000000001       0.18746438291438475       -1.9830369898785518     
  0.45400000000000001       0.18547637763156061       -1.9929482118870496     
  0.45500000000000002       0.18347855901211679       -2.0026635937192503     
  0.45600000000000002       0.18147112262376688       -2.0121836830911981     
  0.45700000000000002       0.17945426348146451       -2.0215090377813612     
  0.45800000000000002       0.17742817603741709       -2.0306402254784408     
  0.45900000000000002       0.17539305417125117       -2.0395778236304212     
  0.46000000000000002       0.17334909118032801       -2.0483224192948484     
  0.46100000000000002       0.17129647977020829       -2.0568746089903347     
  0.46200000000000002       0.16923541204526477       -2.0652349985492791     
  0.46300000000000002       0.16716607949944157       -2.0734042029717972     
  0.46400000000000002       0.16508867300715899       -2.0813828462808526     
  0.46500000000000002       0.16300338281436247       -2.0891715613785844     
  0.46600000000000003       0.16091039852971475       -2.0967709899038192     
  0.46700000000000003       0.15880990911592990       -2.1041817820907660     
  0.46800000000000003       0.15670210288124800       -2.1114045966288844     
  0.46900000000000003       0.15458716747104950       -2.1184401005239164     
  0.47000000000000003       0.15246528985960783       -2.1252889689600787     
  0.47100000000000003       0.15033665634197932       -2.1319518851634069     
  0.47200000000000003       0.14820145252602923       -2.1384295402662445     
  0.47300000000000003       0.14605986332459261       -2.1447226331728690     
  0.47400000000000003       0.14391207294776912       -2.1508318704262490     
  0.47500000000000003       0.14175826489535037       -2.1567579660759266     
  0.47600000000000003       0.13959862194937900       -2.1625016415470149     
  0.47700000000000004       0.13743332616683798       -2.1680636255103076     
  0.47800000000000004       0.13526255887246949       -2.1734446537534904     
  0.47900000000000004       0.13308650065172190       -2.1786454690534511     
  0.47999999999999998       0.13090533134382384       -2.1836668210496772     
  0.48099999999999998       0.12871923003498456       -2.1885094661187381     
  0.48199999999999998       0.12652837505171902       -2.1931741672498446     
  0.48299999999999998       0.12433294395429699       -2.1976616939214764     
  0.48399999999999999       0.12213311353031504       -2.2019728219790737     
  0.48499999999999999       0.11992905978839023       -2.2061083335137868     
  0.48599999999999999       0.11772095795197456       -2.2100690167422727     
  0.48699999999999999       0.11550898245328908       -2.2138556658875395     
  0.48799999999999999       0.11329330692737671       -2.2174690810608233     
  0.48899999999999999       0.11107410420627256       -2.2209100681445011     
  0.48999999999999999       0.10885154631329089       -2.2241794386760225     
  0.49099999999999999       0.10662580445742761       -2.2272780097328631     
  0.49199999999999999       0.10439704902787737       -2.2302066038184885     
  0.49299999999999999       0.10216544958866410       -2.2329660487493230     
  0.49399999999999999        9.9931174873384113E-002  -2.2355571775427179     
  0.49500000000000000        9.7694392780060813E-002  -2.2379808283059108     
  0.49600000000000000        9.5455270366109832E-002  -2.2402378441259740     
  0.49700000000000000        9.3213973843413817E-002  -2.2423290729607421     
  0.49800000000000000        9.0970668573505761E-002  -2.2442553675307124     
  0.49900000000000000        8.8725519062859984E-002  -2.2460175852119146     
  0.50000000000000000        8.6478688958289709E-002  -2.2476165879297429     
  0.50100000000000000        8.4230341042450405E-002  -2.2490532420537415     
  0.50200000000000000        8.1980637229447761E-002  -2.2503284182933427     
  0.50300000000000000        7.9729738560549587E-002  -2.2514429915945469     
  0.50400000000000000        7.7477805200000430E-002  -2.2523978410375407     
  0.50500000000000000        7.5224996430938218E-002  -2.2531938497352475     
  0.50600000000000001        7.2971470651411824E-002  -2.2538319047328033     
  0.50700000000000001        7.0717385370498695E-002  -2.2543128969079524     
  0.50800000000000001        6.8462897204521672E-002  -2.2546377208723580     
  0.50900000000000001        6.6208161873364021E-002  -2.2548072748738197     
  0.51000000000000001        6.3953334196881748E-002  -2.2548224606993954     
  0.51100000000000001        6.1698568091412449E-002  -2.2546841835794185     
  0.51200000000000001        5.9444016566379598E-002  -2.2543933520924062     
  0.51300000000000001        5.7189831720991534E-002  -2.2539508780708539     
  0.51400000000000001        5.4936164741034209E-002  -2.2533576765079086     
  0.51500000000000001        5.2683165895756806E-002  -2.2526146654649160     
  0.51600000000000001        5.0430984534849399E-002  -2.2517227659798364     
  0.51700000000000002        4.8179769085511762E-002  -2.2506829019765235     
  0.51800000000000002        4.5929667049612440E-002  -2.2494960001748594     
  0.51900000000000002        4.3680825000937319E-002  -2.2481629900017417     
  0.52000000000000002        4.1433388582526716E-002  -2.2466848035029172     
  0.52100000000000002        3.9187502504100274E-002  -2.2450623752556553     
  0.52200000000000002        3.6943310539568737E-002  -2.2432966422822580     
  0.52300000000000002        3.4700955524631781E-002  -2.2413885439643968     
  0.52400000000000002        3.2460579354461158E-002  -2.2393390219582776     
  0.52500000000000002        3.0222322981468194E-002  -2.2371490201106217     
  0.52600000000000002        2.7986326413154954E-002  -2.2348194843754610     
  0.52700000000000002        2.5752728710048165E-002  -2.2323513627317428     
  0.52800000000000002        2.3521667983715178E-002  -2.2297456051017361     
  0.52900000000000003        2.1293281394861079E-002  -2.2270031632702358     
  0.53000000000000003        1.9067705151506232E-002  -2.2241249908045608     
  0.53100000000000003        1.6845074507243412E-002  -2.2211120429753373     
  0.53200000000000003        1.4625523759573773E-002  -2.2179652766780658     
  0.53300000000000003        1.2409186248320863E-002  -2.2146856503554639     
  0.53400000000000003        1.0196194354121894E-002  -2.2112741239205822     
  0.53500000000000003        7.9866794969955298E-003  -2.2077316586806859     
  0.53600000000000003        5.7807721349854065E-003  -2.2040592172618978     
  0.53700000000000003        3.5786017628786256E-003  -2.2002577635345988     
  0.53800000000000003        1.3802969109984781E-003  -2.1963282625395801     
  0.53900000000000003       -8.1401485592936043E-004  -2.1922716804149407     
  0.54000000000000004       -3.0042069398379047E-003  -2.1880889843237274     
  0.54100000000000004       -5.1901537103079386E-003  -2.1837811423823115     
  0.54200000000000004       -7.3717305054858389E-003  -2.1793491235894962     
  0.54300000000000004       -9.5488136329308741E-003  -2.1747938977563535     
  0.54400000000000004       -1.1721280370392693E-002  -2.1701164354367788     
  0.54500000000000004       -1.3889008966519734E-002  -2.1653177078587666     
  0.54600000000000004       -1.6051878641499262E-002  -2.1603986868563965     
  0.54700000000000004       -1.8209769587629744E-002  -2.1553603448025269     
  0.54800000000000004       -2.0362562969826279E-002  -2.1502036545421928     
  0.54900000000000004       -2.2510140926059762E-002  -2.1449295893266984     
  0.55000000000000004       -2.4652386567730493E-002  -2.1395391227484066     
  0.55100000000000005       -2.6789183979976931E-002  -2.1340332286762163     
  0.55200000000000005       -2.8920418221920242E-002  -2.1284128811917200     
  0.55300000000000005       -3.1045975326845377E-002  -2.1226790545260465     
  0.55400000000000005       -3.3165742302319293E-002  -2.1168327229973745     
  0.55500000000000005       -3.5279607130247054E-002  -2.1108748609491155     
  0.55600000000000005       -3.7387458766866437E-002  -2.1048064426887660     
  0.55700000000000005       -3.9489187142681723E-002  -2.0986284424274171     
  0.55800000000000005       -4.1584683162337301E-002  -2.0923418342199218     
  0.55900000000000005       -4.3673838704431818E-002  -2.0859475919057151     
  0.56000000000000005       -4.5756546621273417E-002  -2.0794466890502803     
  0.56100000000000005       -4.7832700738576810E-002  -2.0728400988872586     
  0.56200000000000006       -4.9902195855102749E-002  -2.0661287942611968     
  0.56300000000000006       -5.1964927742240555E-002  -2.0593137475709313     
  0.56400000000000006       -5.4020793143534390E-002  -2.0523959307135988     
  0.56500000000000006       -5.6069689774153809E-002  -2.0453763150292752     
  0.56600000000000006       -5.8111516320309281E-002  -2.0382558712462329     
  0.56700000000000006       -6.0146172438613268E-002  -2.0310355694268178     
  0.56800000000000006       -6.2173558755387506E-002  -2.0237163789139365     
  0.56900000000000006       -6.4193576865917049E-002  -2.0162992682781531     
  0.57000000000000006       -6.6206129333651734E-002  -2.0087852052653883     
  0.57100000000000006       -6.8211119689355615E-002  -2.0011751567452207     
  0.57200000000000006       -7.0208452430205071E-002  -1.9934700886597823     
  0.57300000000000006       -7.2198033018835997E-002  -1.9856709659732443     
  0.57400000000000007       -7.4179767882340875E-002  -1.9777787526218928     
  0.57500000000000007       -7.6153564411216110E-002  -1.9697944114647850     
  0.57600000000000007       -7.8119330958260444E-002  -1.9617189042349856     
  0.57699999999999996       -8.0076976837424776E-002  -1.9535531914913791     
  0.57799999999999996       -8.2026412322614123E-002  -1.9452982325710506     
  0.57899999999999996       -8.3967548646442250E-002  -1.9369549855422354     
  0.57999999999999996       -8.5900297998939543E-002  -1.9285244071578305     
  0.58099999999999996       -8.7824573526214644E-002  -1.9200074528094651     
  0.58199999999999996       -8.9740289329070466E-002  -1.9114050764821258     
  0.58299999999999996       -9.1647360461575039E-002  -1.9027182307093329     
  0.58399999999999996       -9.3545702929587929E-002  -1.8939478665288634     
  0.58499999999999996       -9.5435233689242532E-002  -1.8850949334390170     
  0.58599999999999997       -9.7315870645384953E-002  -1.8761603793554213     
  0.58699999999999997       -9.9187532649969989E-002  -1.8671451505683725     
  0.58799999999999997      -0.10105013950041467       -1.8580501917007066     
  0.58899999999999997      -0.10290361193790991       -1.8488764456661997     
  0.58999999999999997      -0.10474787164569094       -1.8396248536284903     
  0.59099999999999997      -0.10658284124726680       -1.8302963549605229     
  0.59199999999999997      -0.10840844430460958       -1.8208918872045075     
  0.59299999999999997      -0.11022460531630386       -1.8114123860323905     
  0.59399999999999997      -0.11203124971565694       -1.8018587852068366     
  0.59499999999999997      -0.11382830386877021       -1.7922320165427132     
  0.59599999999999997      -0.11561569507257233       -1.7825330098690781     
  0.59699999999999998      -0.11739335155281458       -1.7727626929916633     
  0.59799999999999998      -0.11916120246202903       -1.7629219916558545     
  0.59899999999999998      -0.12091917787744985       -1.7530118295101591     
  0.59999999999999998      -0.12266720879889836       -1.7430331280701632     
  0.60099999999999998      -0.12440522714663231       -1.7329868066829697     
  0.60199999999999998      -0.12613316575915978       -1.7228737824921176     
  0.60299999999999998      -0.12785095839101829       -1.7126949704029766     
  0.60399999999999998      -0.12955853971051953       -1.7024512830486145     
  0.60499999999999998      -0.13125584529746018       -1.6921436307561335     
  0.60599999999999998      -0.13294281164079924       -1.6817729215134727     
  0.60699999999999998      -0.13461937613630257       -1.6713400609366720     
  0.60799999999999998      -0.13628547708415470       -1.6608459522375949     
  0.60899999999999999      -0.13794105368653881       -1.6502914961921071     
  0.60999999999999999      -0.13958604604518485       -1.6396775911087058     
  0.61099999999999999      -0.14122039515888682       -1.6290051327975983     
  0.61199999999999999      -0.14284404292098915       -1.6182750145402258     
  0.61299999999999999      -0.14445693211684282       -1.6074881270592285     
  0.61399999999999999      -0.14605900642123179       -1.5966453584888483     
  0.61499999999999999      -0.14765021039576992       -1.5857475943457686     
  0.61599999999999999      -0.14923048948626910       -1.5747957175003842     
  0.61699999999999999      -0.15079979002007865       -1.5637906081484998     
  0.61799999999999999      -0.15235805920339682       -1.5527331437834548     
  0.61899999999999999      -0.15390524511855458       -1.5416241991686688     
  0.62000000000000000      -0.15544129672127205       -1.5304646463106064     
  0.62100000000000000      -0.15696616383788831       -1.5192553544321583     
  0.62200000000000000      -0.15847979716256458       -1.5079971899464333     
  0.62300000000000000      -0.15998214825446155       -1.4966910164309606     
  0.62400000000000000      -0.16147316953489110       -1.4853376946022976     
  0.62500000000000000      -0.16295281428444269       -1.4739380822910406     
  0.62600000000000000      -0.16442103664008517       -1.4624930344172362     
  0.62700000000000000      -0.16587779159224403       -1.4510034029661876     
  0.62800000000000000      -0.16732303498185472       -1.4394700369646565     
  0.62900000000000000      -0.16875672349739243       -1.4278937824574540     
  0.63000000000000000      -0.17017881467187854       -1.4162754824844197     
  0.63100000000000001      -0.17158926687986426       -1.4046159770577851     
  0.63200000000000001      -0.17298803933439194       -1.3929161031399184     
  0.63300000000000001      -0.17437509208393415       -1.3811766946214485     
  0.63400000000000001      -0.17575038600931117       -1.3693985822997627     
  0.63500000000000001      -0.17711388282058721       -1.3575825938578789     
  0.63600000000000001      -0.17846554505394555       -1.3457295538436862     
  0.63700000000000001      -0.17980533606854321       -1.3338402836495520     
  0.63800000000000001      -0.18113322004334537       -1.3219156014922939     
  0.63900000000000001      -0.18244916197393993       -1.3099563223935113     
  0.64000000000000001      -0.18375312766933266       -1.2979632581602758     
  0.64100000000000001      -0.18504508374872308       -1.2859372173661758     
  0.64200000000000002      -0.18632499763826171       -1.2738790053327145     
  0.64300000000000002      -0.18759283756778877       -1.2617894241110559     
  0.64400000000000002      -0.18884857256755486       -1.2496692724641190     
  0.64500000000000002      -0.19009217246492394       -1.2375193458490144     
  0.64600000000000002      -0.19132360788105884       -1.2253404363998228     
  0.64700000000000002      -0.19254285022758974       -1.2131333329107115     
  0.64800000000000002      -0.19374987170326596       -1.2008988208193856     
  0.64900000000000002      -0.19494464529059141       -1.1886376821908744     
  0.65000000000000002      -0.19612714475244386       -1.1763506957016445     
  0.65100000000000002      -0.19729734462867857       -1.1640386366240434     
  0.65200000000000002      -0.19845522023271656       -1.1517022768110652     
  0.65300000000000002      -0.19960074764811775       -1.1393423846814403     
  0.65400000000000003      -0.20073390372513936       -1.1269597252050436     
  0.65500000000000003      -0.20185466607727989       -1.1145550598886189     
  0.65600000000000003      -0.20296301307780901       -1.1021291467618188     
  0.65700000000000003      -0.20405892385628352       -1.0896827403635543     
  0.65800000000000003      -0.20514237829505000       -1.0772165917286551     
  0.65900000000000003      -0.20621335702573412       -1.0647314483748349     
  0.66000000000000003      -0.20727184142571717       -1.0522280542899609     
  0.66100000000000003      -0.20831781361459989       -1.0397071499196247     
  0.66200000000000003      -0.20935125645065419       -1.0271694721550118     
  0.66300000000000003      -0.21037215352726274       -1.0146157543210668     
  0.66400000000000003      -0.21138048916934693       -1.0020467261649528     
  0.66500000000000004      -0.21237624842978348      -0.98946311384480223     
  0.66600000000000004      -0.21335941708580983      -0.97686563991875497     
  0.66700000000000004      -0.21432998163541880      -0.96425502333428448     
  0.66800000000000004      -0.21528792929374271      -0.95163197941780664     
  0.66900000000000004      -0.21623324798942725      -0.93899721986457019     
  0.67000000000000004      -0.21716592636099535      -0.92635145272882613     
  0.67100000000000004      -0.21808595375320133      -0.91369538241427373     
  0.67200000000000004      -0.21899332021337578      -0.90102970966478069     
  0.67300000000000004      -0.21988801648776107      -0.88835513155537504     
  0.67400000000000004      -0.22077003401783823      -0.87567234148350637     
  0.67500000000000004      -0.22163936493664502      -0.86298202916057454     
  0.67600000000000005      -0.22249600206508580      -0.85028488060372265     
  0.67700000000000005      -0.22333993890823325      -0.83758157812789269     
  0.67800000000000005      -0.22417116965162229      -0.82487280033814125     
  0.67900000000000005      -0.22498968915753645      -0.81215922212221348     
  0.68000000000000005      -0.22579549296128698      -0.79944151464337176     
  0.68100000000000005      -0.22658857726748483      -0.78672034533347879     
  0.68200000000000005      -0.22736893894630592      -0.77399637788633058     
  0.68300000000000005      -0.22813657552974984      -0.76127027225123933     
  0.68400000000000005      -0.22889148520789224      -0.74854268462686235     
  0.68500000000000005      -0.22963366682513117      -0.73581426745527512     
  0.68600000000000005      -0.23036311987642769      -0.72308566941628749     
  0.68700000000000006      -0.23107984450354072      -0.71035753542199898     
  0.68800000000000006      -0.23178384149125689      -0.69763050661159254     
  0.68900000000000006      -0.23247511226361492      -0.68490522034636347     
  0.69000000000000006      -0.23315365888012549      -0.67218231020498276     
  0.69100000000000006      -0.23381948403198621      -0.65946240597899075     
  0.69200000000000006      -0.23447259103829246      -0.64674613366852129     
  0.69300000000000006      -0.23511298384224380      -0.63403411547825206     
  0.69400000000000006      -0.23574066700734667      -0.62132696981358093     
  0.69500000000000006      -0.23635564571361317      -0.60862531127702468     
  0.69600000000000006      -0.23695792575375665      -0.59592975066483922     
  0.69700000000000006      -0.23754751352938366      -0.58324089496385845     
  0.69800000000000006      -0.23812441604718310      -0.57055934734855007     
  0.69900000000000007      -0.23868864091511249      -0.55788570717828634     
  0.70000000000000007      -0.23924019633858160      -0.54522056999482793     
  0.70100000000000007      -0.23977909111663354      -0.53256452752001804     
  0.70200000000000007      -0.24030533463812390      -0.51991816765368604     
  0.70300000000000007      -0.24081893687789774      -0.50728207447175755     
  0.70399999999999996      -0.24131990839296480      -0.49465682822456986     
  0.70499999999999996      -0.24180826031867314      -0.48204300533538980     
  0.70599999999999996      -0.24228400436488140      -0.46944117839913335     
  0.70699999999999996      -0.24274715281212988      -0.45685191618128373     
  0.70799999999999996      -0.24319771850781072      -0.44427578361700709     
  0.70899999999999996      -0.24363571486233709      -0.43171334181046328     
  0.70999999999999996      -0.24406115584531202      -0.41916514803431026     
  0.71099999999999997      -0.24447405598169666      -0.40663175572939986     
  0.71199999999999997      -0.24487443034797840      -0.39411371450466309     
  0.71299999999999997      -0.24526229456833898      -0.38161157013718372     
  0.71399999999999997      -0.24563766481082275      -0.36912586457245716     
  0.71499999999999997      -0.24600055778350524      -0.35665713592483411     
  0.71599999999999997      -0.24635099073066238      -0.34420591847814608     
  0.71699999999999997      -0.24668898142894033      -0.33177274268651147     
  0.71799999999999997      -0.24701454818352617      -0.31935813517532069     
  0.71899999999999997      -0.24732770982431981      -0.30696261874239766     
  0.71999999999999997      -0.24762848570210708      -0.29458671235933681     
  0.72099999999999997      -0.24791689568473416      -0.28223093117301334     
  0.72199999999999998      -0.24819296015328374      -0.26989578650726515     
  0.72299999999999998      -0.24845669999825287      -0.25758178586474445     
  0.72399999999999998      -0.24870813661573277      -0.24528943292893779     
  0.72499999999999998      -0.24894729190359066      -0.23301922756635232     
  0.72599999999999998      -0.24917418825765411      -0.22077166582886681     
  0.72699999999999998      -0.24938884856789745      -0.20854723995624572     
  0.72799999999999998      -0.24959129621463108      -0.19634643837881446     
  0.72899999999999998      -0.24978155506469346      -0.18416974572029457     
  0.72999999999999998      -0.24995964946764587      -0.17201764280079654     
  0.73099999999999998      -0.25012560425197045      -0.15989060663996921     
  0.73199999999999998      -0.25027944472127128      -0.14778911046030382     
  0.73299999999999998      -0.25042119665047913      -0.13571362369059098     
  0.73399999999999999      -0.25055088628205924      -0.12366461196952919     
  0.73499999999999999      -0.25066854032222330      -0.11164253714948311     
  0.73599999999999999      -0.25077418593714501       -9.9647857300390094E-002
  0.73699999999999999      -0.25086785074917967       -8.7681026713813309E-002
  0.73799999999999999      -0.25094956283308778       -7.5742495907139842E-002
  0.73899999999999999      -0.25101935071226317       -6.3832711627922409E-002
  0.73999999999999999      -0.25107724335496534       -5.1952116858362804E-002
  0.74099999999999999      -0.25112327017055630       -4.0101150819935830E-002
  0.74199999999999999      -0.25115746100574232       -2.8280248978151977E-002
  0.74299999999999999      -0.25117984614082040       -1.6489843047457410E-002
  0.74399999999999999      -0.25119045628592956       -4.7303609962697137E-003
  0.74500000000000000      -0.25118932257730758        6.9977729478521312E-003
  0.74600000000000000      -0.25117647657355269        1.8694138292904994E-002
  0.74700000000000000      -0.25115195025189063        3.0358318277007600E-002
  0.74800000000000000      -0.25111577600444740        4.1989899862836730E-002
  0.74900000000000000      -0.25106798663452745        5.3588473731935163E-002
  0.75000000000000000      -0.25100861535289787        6.5153634278892703E-002
  0.75100000000000000      -0.25093769577407804        7.6684979605401868E-002
  0.75200000000000000      -0.25085526191263580        8.8182111514189615E-002
  0.75300000000000000      -0.25076134817948925        9.9644635502826526E-002
  0.75400000000000000      -0.25065598937821526       0.11107216075741490     
  0.75500000000000000      -0.25053922070136408       0.12246430014615717     
  0.75600000000000001      -0.25041107772678034       0.13382067021280608     
  0.75700000000000001      -0.25027159641393104       0.14514089116999784     
  0.75800000000000001      -0.25012081310023998       0.15642458689246999     
  0.75900000000000001      -0.24995876449742893       0.16767138491016492     
  0.76000000000000001      -0.24978548768786613       0.17888091640122081     
  0.76100000000000001      -0.24960102012092150       0.19005281618485106     
  0.76200000000000001      -0.24940539960932928       0.20118672271411375     
  0.76300000000000001      -0.24919866432555768       0.21228227806857228     
  0.76400000000000001      -0.24898085279818621       0.22333912794684871     
  0.76500000000000001      -0.24875200390829039       0.23435692165907102     
  0.76600000000000001      -0.24851215688583392       0.24533531211921564     
  0.76700000000000002      -0.24826135130606888       0.25627395583734647     
  0.76800000000000002      -0.24799962708594342       0.26717251291175181     
  0.76900000000000002      -0.24772702448051753       0.27803064702098040     
  0.77000000000000002      -0.24744358407938688       0.28884802541577781     
  0.77100000000000002      -0.24714934680311454       0.29962431891092467     
  0.77200000000000002      -0.24684435389967124       0.31035920187697763     
  0.77300000000000002      -0.24652864694088358       0.32105235223191469     
  0.77400000000000002      -0.24620226781889099       0.33170345143268587     
  0.77500000000000002      -0.24586525874261081       0.34231218446667039     
  0.77600000000000002      -0.24551766223421237       0.35287823984304212     
  0.77700000000000002      -0.24515952112559944       0.36340130958404382     
  0.77800000000000002      -0.24479087855490156       0.37388108921617169     
  0.77900000000000003      -0.24441177796297422       0.38431727776127156     
  0.78000000000000003      -0.24402226308990801       0.39470957772754783     
  0.78100000000000003      -0.24362237797154682       0.40505769510048611     
  0.78200000000000003      -0.24321216693601502       0.41536133933369096     
  0.78300000000000003      -0.24279167460025408       0.42562022333964000     
  0.78400000000000003      -0.24236094586656828       0.43583406348035530     
  0.78500000000000003      -0.24192002591917985       0.44600257955799322     
  0.78600000000000003      -0.24146896022079359       0.45612549480535397     
  0.78700000000000003      -0.24100779450917098       0.46620253587631222     
  0.78800000000000003      -0.24053657479371393       0.47623343283616926     
  0.78900000000000003      -0.24005534735205822       0.48621791915192836     
  0.79000000000000004      -0.23956415872667666       0.49615573168249444     
  0.79100000000000004      -0.23906305572149211       0.50604661066879886     
  0.79200000000000004      -0.23855208539850045       0.51589029972385048     
  0.79300000000000004      -0.23803129507440346       0.52568654582271435     
  0.79400000000000004      -0.23750073231725180       0.53543509929241884     
  0.79500000000000004      -0.23696044494309815       0.54513571380179227     
  0.79600000000000004      -0.23641048101266052       0.55478814635123042     
  0.79700000000000004      -0.23585088882799574       0.56439215726239556     
  0.79800000000000004      -0.23528171692918348       0.57394751016784817     
  0.79900000000000004      -0.23470301409102048       0.58345397200061277     
  0.80000000000000004      -0.23411482931972535       0.59291131298367827     
  0.80100000000000005      -0.23351721184965388       0.60231930661943422     
  0.80200000000000005      -0.23291021114002491       0.61167772967904432     
  0.80300000000000005      -0.23229387687165692       0.62098636219175718     
  0.80400000000000005      -0.23166825894371532       0.63024498743415636     
  0.80500000000000005      -0.23103340747047046       0.63945339191935036     
  0.80600000000000005      -0.23038937277806662       0.64861136538610320     
  0.80700000000000005      -0.22973620540130169       0.65771870078790706     
  0.80800000000000005      -0.22907395608041797       0.66677519428199772     
  0.80900000000000005      -0.22840267575790402       0.67578064521831349     
  0.81000000000000005      -0.22772241557530737       0.68473485612839968     
  0.81100000000000005      -0.22703322687005853       0.69363763271425771     
  0.81200000000000006      -0.22633516117230615       0.70248878383714175     
  0.81300000000000006      -0.22562827020176335       0.71128812150630238     
  0.81400000000000006      -0.22491260586456538       0.72003546086767933     
  0.81500000000000006      -0.22418822025013863       0.72873062019254298     
  0.81600000000000006      -0.22345516562808090       0.73737342086608682     
  0.81700000000000006      -0.22271349444505334       0.74596368737597074     
  0.81800000000000006      -0.22196325932168356       0.75450124730081702     
  0.81900000000000006      -0.22120451304948058       0.76298593129865866     
  0.82000000000000006      -0.22043730858776112       0.77141757309534242     
  0.82100000000000006      -0.21966169906058763       0.77979600947288619     
  0.82200000000000006      -0.21887773775371797       0.78812108025779248     
  0.82300000000000006      -0.21808547811156673       0.79639262830931790     
  0.82400000000000007      -0.21728497373417840       0.80461049950770092     
  0.82500000000000007      -0.21647627837421229       0.81277454274234739     
  0.82600000000000007      -0.21565944593393921       0.82088460989997514     
  0.82700000000000007      -0.21483453046225021       0.82894055585271920     
  0.82800000000000007      -0.21400158615167700       0.83694223844619708     
  0.82900000000000007      -0.21316066733542455       0.84488951848753635     
  0.83000000000000007      -0.21231182848441554       0.85278225973336452     
  0.83100000000000007      -0.21145512420434684       0.86062032887776208     
  0.83200000000000007      -0.21059060923275810       0.86840359554017987     
  0.83299999999999996      -0.20971833843611248       0.87613193225332142     
  0.83399999999999996      -0.20883836680688944       0.88380521445099081     
  0.83499999999999996      -0.20795074946068973       0.89142332045590733     
  0.83599999999999997      -0.20705554163335249       0.89898613146748718     
  0.83699999999999997      -0.20615279867808484       0.90649353154959356     
  0.83799999999999997      -0.20524257606260340       0.91394540761825538     
  0.83899999999999997      -0.20432492936628838       0.92134164942935570     
  0.83999999999999997      -0.20339991427734982       0.92868214956629069     
  0.84099999999999997      -0.20246758659000633       0.93596680342759964     
  0.84199999999999997      -0.20152800220167608       0.94319550921456685     
  0.84299999999999997      -0.20058121711018023       0.95036816791879641     
  0.84399999999999997      -0.19962728741095895       0.95748468330975989     
  0.84499999999999997      -0.19866626929429967       0.96454496192231853     
  0.84599999999999997      -0.19769821904257798       0.97154891304422064     
  0.84699999999999998      -0.19672319302751096       0.97849644870357355     
  0.84799999999999998      -0.19574124770742318       0.98538748365629270     
  0.84899999999999998      -0.19475243962452510       0.99222193537352776     
  0.84999999999999998      -0.19375682540220412       0.99899972402906578     
  0.85099999999999998      -0.19275446174232830        1.0057207724867134     
  0.85199999999999998      -0.19174540542256258        1.0123850062876578     
  0.85299999999999998      -0.19072971329369781        1.0189923536378074     
  0.85399999999999998      -0.18970744227699229        1.0255427453951134     
  0.85499999999999998      -0.18867864936152612        1.0320361150568720     
  0.85599999999999998      -0.18764339160156815        1.0384723987470088     
  0.85699999999999998      -0.18660172611395578        1.0448515352033456     
  0.85799999999999998      -0.18555371007548738        1.0511734657648499     
  0.85899999999999999      -0.18449940072032750        1.0574381343588690     
  0.85999999999999999      -0.18343885533742499        1.0636454874883474     
  0.86099999999999999      -0.18237213126794369        1.0697954742190305     
  0.86199999999999999      -0.18129928590270603        1.0758880461666536     
  0.86299999999999999      -0.18022037667964949        1.0819231574841162     
  0.86399999999999999      -0.17913546108129588        1.0879007648486452     
  0.86499999999999999      -0.17804459663223332        1.0938208274489438     
  0.86599999999999999      -0.17694784089661131        1.0996833069723302     
  0.86699999999999999      -0.17584525147564845        1.1054881675918640     
  0.86799999999999999      -0.17473688600515319        1.1112353759534623     
  0.86899999999999999      -0.17362280215305742        1.1169249011630062     
  0.87000000000000000      -0.17250305761696294        1.1225567147734377     
  0.87100000000000000      -0.17137771012170083        1.1281307907718474     
  0.87200000000000000      -0.17024681741690378        1.1336471055665549     
  0.87300000000000000      -0.16911043727459130        1.1391056379741806     
  0.87400000000000000      -0.16796862748676789        1.1445063692067110     
  0.87500000000000000      -0.16682144586303413        1.1498492828585578     
  0.87600000000000000      -0.16566895022821079        1.1551343648936101     
  0.87700000000000000      -0.16451119841997575        1.1603616036322824     
  0.87800000000000000      -0.16334824828651395        1.1655309897385568     
  0.87900000000000000      -0.16218015768418034        1.1706425162070220     
  0.88000000000000000      -0.16100698447517570        1.1756961783499076     
  0.88100000000000001      -0.15982878652523555        1.1806919737841157     
  0.88200000000000001      -0.15864562170133190        1.1856299024182499     
  0.88300000000000001      -0.15745754786938804        1.1905099664396424     
  0.88400000000000001      -0.15626462289200632        1.1953321703013788     
  0.88500000000000001      -0.15506690462620887        1.2000965207093228     
  0.88600000000000001      -0.15386445092119128        1.2048030266091396     
  0.88700000000000001      -0.15265731961608930        1.2094516991733202     
  0.88800000000000001      -0.15144556853775853        1.2140425517882045     
  0.88900000000000001      -0.15022925549856700        1.2185756000410080     
  0.89000000000000001      -0.14900843829420082        1.2230508617068470     
  0.89100000000000001      -0.14778317470148275        1.2274683567357685     
  0.89200000000000002      -0.14655352247620373        1.2318281072397805     
  0.89300000000000002      -0.14531953935096742        1.2361301374798872     
  0.89400000000000002      -0.14408128303304765        1.2403744738531255     
  0.89500000000000002      -0.14283881120225894        1.2445611448796072     
  0.89600000000000002      -0.14159218150883982        1.2486901811895650     
  0.89700000000000002      -0.14034145157134920        1.2527616155104024     
  0.89800000000000002      -0.13908667897457566        1.2567754826537514     
  0.89900000000000002      -0.13782792126745977        1.2607318195025328     
  0.90000000000000002      -0.13656523596102912        1.2646306649980255     
  0.90100000000000002      -0.13529868052634653        1.2684720601269408     
  0.90200000000000002      -0.13402831239247104        1.2722560479085046     
  0.90300000000000002      -0.13275418894443186        1.2759826733815469     
  0.90400000000000003      -0.13147636752121519        1.2796519835915998     
  0.90500000000000003      -0.13019490541376399        1.2832640275780027     
  0.90600000000000003      -0.12890985986299058        1.2868188563610179     
  0.90700000000000003      -0.12762128805780221        1.2903165229289548     
  0.90800000000000003      -0.12632924713313934        1.2937570822253039     
  0.90900000000000003      -0.12503379416802698        1.2971405911358804     
  0.91000000000000003      -0.12373498618363878        1.3004671084759798     
  0.91100000000000003      -0.12243288014137389        1.3037366949775426     
  0.91200000000000003      -0.12112753294094680        1.3069494132763320     
  0.91300000000000003      -0.11981900141848990        1.3101053278991222     
  0.91400000000000003      -0.11850734234466885        1.3132045052509000     
  0.91500000000000004      -0.11719261242281075        1.3162470136020781     
  0.91600000000000004      -0.11587486828704513        1.3192329230757209     
  0.91700000000000004      -0.11455416650045767        1.3221623056347853     
  0.91800000000000004      -0.11323056355325667        1.3250352350693742     
  0.91900000000000004      -0.11190411586095224        1.3278517869840030     
  0.92000000000000004      -0.11057487976254832        1.3306120387848834     
  0.92100000000000004      -0.10924291151874724        1.3333160696672191     
  0.92200000000000004      -0.10790826731016716        1.3359639606025184     
  0.92300000000000004      -0.10657100323557202        1.3385557943259225     
  0.92400000000000004      -0.10523117531011428        1.3410916553235481     
  0.92500000000000004      -0.10388883946359027        1.3435716298198481     
  0.92600000000000005      -0.10254405153870813        1.3459958057649881     
  0.92700000000000005      -0.10119686728936841        1.3483642728222398     
  0.92800000000000005       -9.9847342378957288E-002   1.3506771223553924     
  0.92900000000000005       -9.8495532378652273E-002   1.3529344474161806     
  0.93000000000000005       -9.7141492765740606E-002   1.3551363427317316     
  0.93100000000000005       -9.5785278921950087E-002   1.3572829046920298     
  0.93200000000000005       -9.4426946131792477E-002   1.3593742313374007     
  0.93300000000000005       -9.3066549580919436E-002   1.3614104223460131     
  0.93400000000000005       -9.1704144354490869E-002   1.3633915790214013     
  0.93500000000000005       -9.0339785435555847E-002   1.3653178042800067     
  0.93600000000000005       -8.8973527703445854E-002   1.3671892026387393     
  0.93700000000000006       -8.7605425932180597E-002   1.3690058802025593     
  0.93800000000000006       -8.6235534788886084E-002   1.3707679446520795     
  0.93900000000000006       -8.4863908832225193E-002   1.3724755052311888     
  0.94000000000000006       -8.3490602510840589E-002   1.3741286727346964     
  0.94100000000000006       -8.2115670161809928E-002   1.3757275594959977     
  0.94200000000000006       -8.0739166009113461E-002   1.3772722793747623     
  0.94300000000000006       -7.9361144162113886E-002   1.3787629477446433     
  0.94400000000000006       -7.7981658614048516E-002   1.3801996814810094     
  0.94500000000000006       -7.6600763240533651E-002   1.3815825989487003     
  0.94600000000000006       -7.5218511798081256E-002   1.3829118199898041     
  0.94700000000000006       -7.3834957922627786E-002   1.3841874659114575     
  0.94800000000000006       -7.2450155128075247E-002   1.3854096594736711     
  0.94900000000000007       -7.1064156804844361E-002   1.3865785248771774     
  0.95000000000000007       -6.9677016218439927E-002   1.3876941877513023     
  0.95100000000000007       -6.8288786508028304E-002   1.3887567751418621     
  0.95200000000000007       -6.6899520685026914E-002   1.3897664154990848     
  0.95300000000000007       -6.5509271631705904E-002   1.3907232386655550     
  0.95400000000000007       -6.4118092099801752E-002   1.3916273758641859     
  0.95500000000000007       -6.2726034709142994E-002   1.3924789596862146     
  0.95600000000000007       -6.1333151946287835E-002   1.3932781240792240     
  0.95700000000000007       -5.9939496163173824E-002   1.3940250043351912     
  0.95800000000000007       -5.8545119575779396E-002   1.3947197370785602     
  0.95900000000000007       -5.7150074262797369E-002   1.3953624602543431     
  0.95999999999999996       -5.5754412164320297E-002   1.3959533131162449     
  0.96099999999999997       -5.4358185080537719E-002   1.3964924362148188     
  0.96199999999999997       -5.2961444670445203E-002   1.3969799713856450     
  0.96299999999999997       -5.1564242450565234E-002   1.3974160617375395     
  0.96399999999999997       -5.0166629793679841E-002   1.3978008516407883     
  0.96499999999999997       -4.8768657927575003E-002   1.3981344867154109     
  0.96599999999999997       -4.7370377933796781E-002   1.3984171138194503     
  0.96699999999999997       -4.5971840746419114E-002   1.3986488810372928     
  0.96799999999999997       -4.4573097150823325E-002   1.3988299376680142     
  0.96899999999999997       -4.3174197782489224E-002   1.3989604342137565     
  0.96999999999999997       -4.1775193125797846E-002   1.3990405223681319     
  0.97099999999999997       -4.0376133512845781E-002   1.3990703550046566     
  0.97199999999999998       -3.8977069122271002E-002   1.3990500861652138     
  0.97299999999999998       -3.7578049978090292E-002   1.3989798710485453     
  0.97399999999999998       -3.6179125948548101E-002   1.3988598659987739     
  0.97499999999999998       -3.4780346744976889E-002   1.3986902284939546     
  0.97599999999999998       -3.3381761920668919E-002   1.3984711171346562     
  0.97699999999999998       -3.1983420869759423E-002   1.3982026916325732     
  0.97799999999999998       -3.0585372826121164E-002   1.3978851127991676     
  0.97899999999999998       -2.9187666862270329E-002   1.3975185425343419     
  0.97999999999999998       -2.7790351888283733E-002   1.3971031438151422     
  0.98099999999999998       -2.6393476650727318E-002   1.3966390806844928     
  0.98199999999999998       -2.4997089731595888E-002   1.3961265182399614     
  0.98299999999999998       -2.3601239547264067E-002   1.3955656226225559     
  0.98399999999999999       -2.2205974347448445E-002   1.3949565610055525     
  0.98499999999999999       -2.0811342214180881E-002   1.3942995015833557     
  0.98599999999999999       -1.9417391060792936E-002   1.3935946135603892     
  0.98699999999999999       -1.8024168630911379E-002   1.3928420671400199     
  0.98799999999999999       -1.6631722497464779E-002   1.3920420335135135     
  0.98899999999999999       -1.5240100061701111E-002   1.3911946848490226     
  0.98999999999999999       -1.3849348552216350E-002   1.3903001942806061     
  0.99099999999999999       -1.2459515023994051E-002   1.3893587358972834     
  0.99199999999999999       -1.1070646357455839E-002   1.3883704847321190     
  0.99299999999999999       -9.6827892575228128E-003   1.3873356167513413     
  0.99399999999999999       -8.2959902526877974E-003   1.3862543088434949     
  0.99500000000000000       -6.9102956940984396E-003   1.3851267388086244     
  0.99600000000000000       -5.5257517546511035E-003   1.3839530853474931     
  0.99700000000000000       -4.1424044280955223E-003   1.3827335280508344     
  0.99800000000000000       -2.7602995281501884E-003   1.3814682473886373     
  0.99900000000000000       -1.3794826876284399E-003   1.3801574246994650     
   1.0000000000000000        6.4242479044795964E-010   1.3788012421798082     
