   0.0000000000000000        1.0000000000000000       -18.723101868313183     
   1.0000000000000000E-003  0.98445584086700089       -18.548371552230041     
   2.0000000000000000E-003  0.96596545546445223       -18.397499823048566     
   3.0000000000000001E-003  0.94763899816319597       -18.233156960129715     
   4.0000000000000001E-003  0.92948134002724780       -18.066170751509009     
   5.0000000000000001E-003  0.91149276112642752       -17.898596535243929     
   6.0000000000000001E-003  0.89367283911313433       -17.731176589768619     
   7.0000000000000001E-003  0.87602089610178058       -17.564254808370652     
   8.0000000000000002E-003  0.85853612901952359       -17.398014239685207     
   9.0000000000000011E-003  0.84121766441787027       -17.232561364203484     
   1.0000000000000000E-002  0.82406458619774148       -17.067961970723431     
   1.0999999999999999E-002  0.80707595127115173       -16.904258425277838     
   1.2000000000000000E-002  0.79025079909256435       -16.741478763714621     
   1.3000000000000001E-002  0.77358815778444723       -16.579641821029952     
   1.4000000000000000E-002  0.75708704824340423       -16.418760288367594     
   1.4999999999999999E-002  0.74074648698722578       -16.258842618692132     
   1.6000000000000000E-002  0.72456548818460853       -16.099894260176672     
   1.7000000000000001E-002  0.70854306513632148       -15.941918480313054     
   1.8000000000000002E-002  0.69267823137769591       -15.784916931856447     
   1.9000000000000000E-002  0.67697000151331088       -15.628890050859130     
   2.0000000000000000E-002  0.66141739185825521       -15.473837342538530     
   2.1000000000000001E-002  0.64601942093707843       -15.319757590434190     
   2.1999999999999999E-002  0.63077510987629948       -15.166649011994240     
   2.3000000000000000E-002  0.61568348271612394       -15.014509376046243     
   2.4000000000000000E-002  0.60074356666002027       -14.863336092689098     
   2.5000000000000001E-002  0.58595439227592472       -14.713126282924216     
   2.6000000000000002E-002  0.57131499365938065       -14.563876833195112     
   2.7000000000000000E-002  0.55682440856642068       -14.415584438542810     
   2.8000000000000001E-002  0.54248167852218010       -14.268245637073740     
   2.9000000000000001E-002  0.52828584890987762       -14.121856837726884     
   2.9999999999999999E-002  0.51423596904379154       -13.976414342821457     
   3.1000000000000000E-002  0.50033109222909489       -13.831914366501657     
   3.2000000000000001E-002  0.48657027581082751       -13.688353049928711     
   3.3000000000000002E-002  0.47295258121383349       -13.545726473873792     
   3.4000000000000002E-002  0.45947707397514020       -13.404030669218656     
   3.5000000000000003E-002  0.44614282376998032       -13.263261625760370     
   3.6000000000000004E-002  0.43294890443244005       -13.123415299632409     
   3.6999999999999998E-002  0.41989439397154338       -12.984487619590055     
   3.7999999999999999E-002  0.40697837458344344       -12.846474492358199     
   3.9000000000000000E-002  0.39419993266027858       -12.709371807200895     
   4.0000000000000001E-002  0.38155815879616140       -12.573175439841640     
   4.1000000000000002E-002  0.36905214779069279       -12.437881255839299     
   4.2000000000000003E-002  0.35668099865033354       -12.303485113505614     
   4.3000000000000003E-002  0.34444381458791468       -12.169982866434893     
   4.3999999999999997E-002  0.33233970302052596       -12.037370365704316     
   4.4999999999999998E-002  0.32036777556598822       -11.905643461793343     
   4.5999999999999999E-002  0.30852714803808479       -11.774798006262687     
   4.7000000000000000E-002  0.29681694044070384       -11.644829853226730     
   4.8000000000000001E-002  0.28523627696102222       -11.515734860647909     
   4.9000000000000002E-002  0.27378428596184468       -11.387508891477122     
   5.0000000000000003E-002  0.26246009997319664       -11.260147814660565     
   5.1000000000000004E-002  0.25126285568325696       -11.133647506030339     
   5.2000000000000005E-002  0.24019169392870551       -11.008003849093649     
   5.2999999999999999E-002  0.22924575968455185       -10.883212735733242     
   5.3999999999999999E-002  0.21842420205350277       -10.759270066829991     
   5.5000000000000000E-002  0.20772617425492007       -10.636171752817006     
   5.6000000000000001E-002  0.19715083361341348       -10.513913714173356     
   5.7000000000000002E-002  0.18669734154710871       -10.392491881864421     
   5.8000000000000003E-002  0.17636486355562628       -10.271902197734997     
   5.9000000000000004E-002  0.16615256920780264       -10.152140614860416     
   5.9999999999999998E-002  0.15605963212918150       -10.033203097860365     
   6.0999999999999999E-002  0.14608522998930071       -9.9150856231794240     
   6.2000000000000000E-002  0.13622854448879695       -9.7977841793378904     
   6.3000000000000000E-002  0.12648876134634868       -9.6812947671560323     
   6.4000000000000001E-002  0.11686507028547487       -9.5656133999545023     
   6.5000000000000002E-002  0.10735666502120635       -9.4507361037333606     
   6.6000000000000003E-002   9.7962743246644016E-002  -9.3366589173318530     
   6.7000000000000004E-002   8.8682506619417262E-002  -9.2233778925708556     
   6.8000000000000005E-002   7.9515160748054495E-002  -9.1108890943796759     
   6.9000000000000006E-002   7.0459915178276614E-002  -8.9991886009087150     
   7.0000000000000007E-002   6.1515983379223191E-002  -8.8882725036293486     
   7.1000000000000008E-002   5.2682582729620162E-002  -8.7781369074222031     
   7.2000000000000008E-002   4.3958934503897207E-002  -8.6687779306549206     
   7.2999999999999995E-002   3.5344263858262101E-002  -8.5601917052503680     
   7.3999999999999996E-002   2.6837799816738707E-002  -8.4523743767461390     
   7.4999999999999997E-002   1.8438775257174730E-002  -8.3453221043461436     
   7.5999999999999998E-002   1.0146426897224789E-002  -8.2390310609649706     
   7.6999999999999999E-002   1.9599952803138806E-003  -8.1334974332656529     
   7.8000000000000000E-002  -6.1212752384141120E-003  -8.0287174216914057     
   7.9000000000000001E-002  -1.4098136506158588E-002  -7.9246872404918465     
   8.0000000000000002E-002  -2.1971336586531193E-002  -7.8214031177441639     
   8.1000000000000003E-002  -2.9741619773627988E-002  -7.7188612953696545     
   8.2000000000000003E-002  -3.7409726606101527E-002  -7.6170580291460084     
   8.3000000000000004E-002  -4.4976393881229829E-002  -7.5159895887156907     
   8.4000000000000005E-002  -5.2442354668979473E-002  -7.4156522575907351     
   8.5000000000000006E-002  -5.9808338326060209E-002  -7.3160423331542335     
   8.6000000000000007E-002  -6.7075070509968804E-002  -7.2171561266587867     
   8.7000000000000008E-002  -7.4243273193019876E-002  -7.1189899632221563     
   8.7999999999999995E-002  -8.1313664676361780E-002  -7.0215401818203258     
   8.8999999999999996E-002  -8.8286959603975576E-002  -6.9248031352781858     
   8.9999999999999997E-002  -9.5163868976655575E-002  -6.8287751902580140     
   9.0999999999999998E-002 -0.10194510016596967       -6.7334527272459255     
   9.1999999999999998E-002 -0.10863135692819809       -6.6388321405364366     
   9.2999999999999999E-002 -0.11522333941824929       -6.5449098382152968     
   9.4000000000000000E-002 -0.12172174420355160       -6.4516822421407118     
   9.5000000000000001E-002 -0.12812726427791954       -6.3591457879230697     
   9.6000000000000002E-002 -0.13444058907539375       -6.2672969249032970     
   9.7000000000000003E-002 -0.14066240448405357       -6.1761321161299314     
   9.8000000000000004E-002 -0.14679339285980122       -6.0856478383350083     
   9.9000000000000005E-002 -0.15283423304011687       -5.9958405819088547     
  0.10000000000000001      -0.15878560035778372       -5.9067068508738600     
  0.10100000000000001      -0.16464816665458251       -5.8182431628573035     
  0.10200000000000001      -0.17042260029495457       -5.7304460490633042     
  0.10300000000000001      -0.17610956617963289       -5.6433120542439594     
  0.10400000000000001      -0.18170972575924069       -5.5568377366697268     
  0.10500000000000000      -0.18722373704785686       -5.4710196680991086     
  0.10600000000000000      -0.19265225463654789       -5.3858544337476815     
  0.10700000000000000      -0.19799592970686555       -5.3013386322565283     
  0.10800000000000000      -0.20325541004431030       -5.2174688756601109     
  0.10900000000000000      -0.20843134005175973       -5.1342417893536174     
  0.11000000000000000      -0.21352436076286174       -5.0516540120598368     
  0.11100000000000000      -0.21853510985539229       -4.9697021957955840     
  0.11200000000000000      -0.22346422166457700       -4.8883830058377100     
  0.11300000000000000      -0.22831232719637690       -4.8076931206887359     
  0.11400000000000000      -0.23308005414073751       -4.7276292320421245     
  0.11500000000000000      -0.23776802688480136       -4.6481880447472328     
  0.11600000000000001      -0.24237686652608362       -4.5693662767739571     
  0.11700000000000001      -0.24690719088561053       -4.4911606591771012     
  0.11800000000000001      -0.25135961452102074       -4.4135679360604865     
  0.11900000000000001      -0.25573474873962887       -4.3365848645408267     
  0.12000000000000000      -0.26003320161145194       -4.2602082147113807     
  0.12100000000000000      -0.26425557798219751       -4.1844347696054127     
  0.12200000000000000      -0.26840247948621443       -4.1092613251594621     
  0.12300000000000000      -0.27247450455940525       -4.0346846901764488     
  0.12400000000000000      -0.27647224845210067       -3.9607016862886275     
  0.12500000000000000      -0.28039630324189591       -3.8873091479204001     
  0.12600000000000000      -0.28424725784644855       -3.8145039222510038     
  0.12700000000000000      -0.28802569803623834       -3.7422828691770853     
  0.12800000000000000      -0.29173220644728842       -3.6706428612751743     
  0.12900000000000000      -0.29536736259384799       -3.5995807837640617     
  0.13000000000000000      -0.29893174288103680       -3.5290935344671008     
  0.13100000000000001      -0.30242592061745077       -3.4591780237744345     
  0.13200000000000001      -0.30585046602772931       -3.3898311746051610     
  0.13300000000000001      -0.30920594626508391       -3.3210499223694443     
  0.13400000000000001      -0.31249292542378798       -3.2528312149305783     
  0.13500000000000001      -0.31571196455162848       -3.1851720125670142     
  0.13600000000000001      -0.31886362166231846       -3.1180692879343539     
  0.13700000000000001      -0.32194845174787129       -3.0515200260273199     
  0.13800000000000001      -0.32496700679093615       -2.9855212241417064     
  0.13900000000000001      -0.32791983577709494       -2.9200698918363170     
  0.14000000000000001      -0.33080748470712051       -2.8551630508948973     
  0.14100000000000001      -0.33363049660919647       -2.7907977352880629     
  0.14200000000000002      -0.33638941155109825       -2.7269709911352336     
  0.14300000000000002      -0.33908476665233572       -2.6636798766665741     
  0.14400000000000002      -0.34171709609625750       -2.6009214621849481     
  0.14499999999999999      -0.34428693114211634       -2.5386928300278875     
  0.14599999999999999      -0.34679480013709657       -2.4769910745295842     
  0.14699999999999999      -0.34924122852830286       -2.4158133019829071     
  0.14799999999999999      -0.35162673887471063       -2.3551566306014440     
  0.14899999999999999      -0.35395185085907843       -2.2950181904815787     
  0.14999999999999999      -0.35621708129982166       -2.2353951235646004     
  0.15100000000000000      -0.35842294416284837       -2.1762845835988522     
  0.15200000000000000      -0.36056995057335689       -2.1176837361019203     
  0.15300000000000000      -0.36265860882759521       -2.0595897583228653     
  0.15400000000000000      -0.36468942440458241       -2.0019998392045011     
  0.15500000000000000      -0.36666289997779217       -1.9449111793457214     
  0.15600000000000000      -0.36857953542679822       -1.8883209909638770     
  0.15700000000000000      -0.37043982784888213       -1.8322264978572060     
  0.15800000000000000      -0.37224427157060291       -1.7766249353673196     
  0.15900000000000000      -0.37399335815932944       -1.7215135503417434     
  0.16000000000000000      -0.37568757643473477       -1.6668896010965200     
  0.16100000000000000      -0.37732741248025309       -1.6127503573788693     
  0.16200000000000001      -0.37891334965449897       -1.5590931003299133     
  0.16300000000000001      -0.38044586860264934       -1.5059151224474638     
  0.16400000000000001      -0.38192544726778793       -1.4532137275488757     
  0.16500000000000001      -0.38335256090221265       -1.4009862307339664     
  0.16600000000000001      -0.38472768207870534       -1.3492299583480047     
  0.16700000000000001      -0.38605128070176470       -1.2979422479447682     
  0.16800000000000001      -0.38732382401880205       -1.2471204482496705     
  0.16900000000000001      -0.38854577663130002       -1.1967619191229621     
  0.17000000000000001      -0.38971760050593429       -1.1468640315230028     
  0.17100000000000001      -0.39083975498565865       -1.0974241674696077     
  0.17200000000000001      -0.39191269680075319       -1.0484397200074695     
  0.17300000000000001      -0.39293688007983568      -0.99990809316965490     
  0.17400000000000002      -0.39391275636083656      -0.95182670194117813     
  0.17500000000000002      -0.39484077460193734      -0.90419297222265282     
  0.17599999999999999      -0.39572138119247247      -0.85700434079402088     
  0.17699999999999999      -0.39655501996379489      -0.81025825527836082     
  0.17799999999999999      -0.39734213220010539      -0.76395217410577565     
  0.17899999999999999      -0.39808315664924582      -0.71808356647736116     
  0.17999999999999999      -0.39877852953345577      -0.67264991232925486     
  0.18099999999999999      -0.39942868456009389      -0.62764870229676684     
  0.18200000000000000      -0.40003405293232280      -0.58307743767859188     
  0.18300000000000000      -0.40059506335975825      -0.53893363040110509     
  0.18400000000000000      -0.40111214206908258      -0.49521480298273979     
  0.18500000000000000      -0.40158571281462252      -0.45191848849844907     
  0.18600000000000000      -0.40201619688889129      -0.40904223054425165     
  0.18700000000000000      -0.40240401313309537      -0.36658358320186152     
  0.18800000000000000      -0.40274957794760557      -0.32454011100340252     
  0.18900000000000000      -0.40305330530239314      -0.28290938889620809     
  0.19000000000000000      -0.40331560674743033      -0.24168900220770606     
  0.19100000000000000      -0.40353689142305593      -0.20087654661038951     
  0.19200000000000000      -0.40371756607030584      -0.16046962808687321     
  0.19300000000000000      -0.40385803504120837      -0.12046586289503664     
  0.19400000000000001      -0.40395870030904502       -8.0862877533253247E-002
  0.19500000000000001      -0.40401996147857616       -4.1658308705706561E-002
  0.19600000000000001      -0.40404221579623223       -2.8498032877931206E-003
  0.19700000000000001      -0.40402585816027009        3.5564981708387358E-002
  0.19800000000000001      -0.40397128113089514        7.3588379168454593E-002
  0.19900000000000001      -0.40387887494034863       0.11122271191008290     
  0.20000000000000001      -0.40374902750296099       0.14847029271724865     
  0.20100000000000001      -0.40358212442517061       0.18533342437439007     
  0.20200000000000001      -0.40337854901550857       0.22181439970047914     
  0.20300000000000001      -0.40313868229454936       0.25791550158300552     
  0.20400000000000001      -0.40286290300482741       0.29363900301187229     
  0.20500000000000002      -0.40255158762071991       0.32898716711320386     
  0.20600000000000002      -0.40220511035829570       0.36396224718306508     
  0.20700000000000002      -0.40182384318513042       0.39856648672109263     
  0.20800000000000002      -0.40140815583008826       0.43280211946403768     
  0.20899999999999999      -0.40095841579306973       0.46667136941922038     
  0.20999999999999999      -0.40047498835472645       0.50017645089789564     
  0.21099999999999999      -0.39995823658614221       0.53331956854853080     
  0.21199999999999999      -0.39940852135848104       0.56610291738999441     
  0.21299999999999999      -0.39882620135260172       0.59852868284465721     
  0.21400000000000000      -0.39821163306863960       0.63059904077140361     
  0.21500000000000000      -0.39756517083555526       0.66231615749855588     
  0.21600000000000000      -0.39688716682065017       0.69368218985670871     
  0.21700000000000000      -0.39617797103904950       0.72469928521147631     
  0.21800000000000000      -0.39543793136315247       0.75536958149615052     
  0.21900000000000000      -0.39466739353204966       0.78569520724427067     
  0.22000000000000000      -0.39386670116090811       0.81567828162210532     
  0.22100000000000000      -0.39303619575032372       0.84532091446104551     
  0.22200000000000000      -0.39217621669564134       0.87462520628990981     
  0.22300000000000000      -0.39128710129624267       0.90359324836716104     
  0.22400000000000000      -0.39036918476480165       0.93222712271303532     
  0.22500000000000001      -0.38942280023650816       0.96052890214158271     
  0.22600000000000001      -0.38844827877825944       0.98850065029262002     
  0.22700000000000001      -0.38744594939781951        1.0161444216635955     
  0.22800000000000001      -0.38641613905294697        1.0434622616413662     
  0.22900000000000001      -0.38535917266049086        1.0704562065338874     
  0.23000000000000001      -0.38427537310545484        1.0971282836018137     
  0.23100000000000001      -0.38316506125003003        1.1234805110900141     
  0.23200000000000001      -0.38202855594259594        1.1495148982589982     
  0.23300000000000001      -0.38086617402669048        1.1752334454162559     
  0.23400000000000001      -0.37967823034994830        1.2006381439475091     
  0.23500000000000001      -0.37846503777300783        1.2257309763478776     
  0.23600000000000002      -0.37722690717838769        1.2505139162529568     
  0.23700000000000002      -0.37596414747933138        1.2749889284698086     
  0.23800000000000002      -0.37467706562862146        1.2991579690078661     
  0.23900000000000002      -0.37336596662736282        1.3230229851097515     
  0.23999999999999999      -0.37203115353373478        1.3465859152820070     
  0.24099999999999999      -0.37067292747171304        1.3698486893257400     
  0.24199999999999999      -0.36929158763976055        1.3928132283671815     
  0.24299999999999999      -0.36788743131948798        1.4154814448881583     
  0.24399999999999999      -0.36646075388428390        1.4378552427564799     
  0.24500000000000000      -0.36501184880791443        1.4599365172562386     
  0.24600000000000000      -0.36354100767309261        1.4817271551180247     
  0.24700000000000000      -0.36204852018001771        1.5032290345490551     
  0.24800000000000000      -0.36053467415488433        1.5244440252632181     
  0.24900000000000000      -0.35899975555836150        1.5453739885110307     
  0.25000000000000000      -0.35744404849404188        1.5660207771095125     
  0.25100000000000000      -0.35586783521686105        1.5863862354719738     
  0.25200000000000000      -0.35427139614148723        1.6064721996377194     
  0.25300000000000000      -0.35265500985068093        1.6262804973016667     
  0.25400000000000000      -0.35101895310362552        1.6458129478438801     
  0.25500000000000000      -0.34936350084422785        1.6650713623590210     
  0.25600000000000001      -0.34768892620938968        1.6840575436857124     
  0.25700000000000001      -0.34599550053724987        1.7027732864358209     
  0.25800000000000001      -0.34428349337539693        1.7212203770236540     
  0.25900000000000001      -0.34255317248905287        1.7394005936950740     
  0.26000000000000001      -0.34080480386922757        1.7573157065565272     
  0.26100000000000001      -0.33903865174084435        1.7749674776039910     
  0.26200000000000001      -0.33725497857083681        1.7923576607518368     
  0.26300000000000001      -0.33545404507621623        1.8094880018616106     
  0.26400000000000001      -0.33363611023211104        1.8263602387707296     
  0.26500000000000001      -0.33180143127977685        1.8429761013210961     
  0.26600000000000001      -0.32995026373457842        1.8593373113876304     
  0.26700000000000002      -0.32808286139394299        1.8754455829067183     
  0.26800000000000002      -0.32619947634528501        1.8913026219045794     
  0.26900000000000002      -0.32430035897390269        1.9069101265255508     
  0.27000000000000002      -0.32238575797084651        1.9222697870602901     
  0.27100000000000002      -0.32045592034075904        1.9373832859738964     
  0.27200000000000002      -0.31851109140968714        1.9522522979339496     
  0.27300000000000002      -0.31655151483286587        1.9668784898384677     
  0.27400000000000002      -0.31457743260247473        1.9812635208437837     
  0.27500000000000002      -0.31258908505536581        1.9954090423923405     
  0.27600000000000002      -0.31058671088076417        2.0093166982404065     
  0.27700000000000002      -0.30857054712794091        2.0229881244857073     
  0.27800000000000002      -0.30654082921385806        2.0364249495949798     
  0.27900000000000003      -0.30449779093078649        2.0496287944314453     
  0.28000000000000003      -0.30244166445389609        2.0626012722822011     
  0.28100000000000003      -0.30037268034881853        2.0753439888855323     
  0.28200000000000003      -0.29829106757918306        2.0878585424581444     
  0.28300000000000003      -0.29619705351412473        2.1001465237223162     
  0.28400000000000003      -0.29409086393576578        2.1122095159329732     
  0.28500000000000003      -0.29197272304666982        2.1240490949046800     
  0.28600000000000003      -0.28984285347726918        2.1356668290385552     
  0.28700000000000003      -0.28770147629326515        2.1470642793491073     
  0.28800000000000003      -0.28554881100300178        2.1582429994909900     
  0.28899999999999998      -0.28338507556481257        2.1692045357856817     
  0.28999999999999998      -0.28121048639434088        2.1799504272480834     
  0.29099999999999998      -0.27902525837183340        2.1904822056130397     
  0.29199999999999998      -0.27682960484940738        2.2008013953617831     
  0.29299999999999998      -0.27462373765829151        2.2109095137482973     
  0.29399999999999998      -0.27240786711604026        2.2208080708256044     
  0.29499999999999998      -0.27018220203372195        2.2304985694719752     
  0.29599999999999999      -0.26794694972308092        2.2399825054170610     
  0.29699999999999999      -0.26570231600367333        2.2492613672679478     
  0.29799999999999999      -0.26344850520997715        2.2583366365351343     
  0.29899999999999999      -0.26118572019847597        2.2672097876584325     
  0.29999999999999999      -0.25891416235471709        2.2758822880327925     
  0.30099999999999999      -0.25663403160034387        2.2843555980340482     
  0.30199999999999999      -0.25434552640010216        2.2926311710445901     
  0.30299999999999999      -0.25204884376882142        2.3007104534789593     
  0.30399999999999999      -0.24974417927836995        2.3085948848093674     
  0.30499999999999999      -0.24743172706458474        2.3162858975911380     
  0.30599999999999999      -0.24511167983417603        2.3237849174880756     
  0.30700000000000000      -0.24278422887160639        2.3310933632977560     
  0.30800000000000000      -0.24044956404594461        2.3382126469767446     
  0.30900000000000000      -0.23810787381769438        2.3451441736657368     
  0.31000000000000000      -0.23575934524559788        2.3518893417146245     
  0.31100000000000000      -0.23340416399341435        2.3584495427074881     
  0.31200000000000000      -0.23104251433667364        2.3648261614875139     
  0.31300000000000000      -0.22867457916940495        2.3710205761818366     
  0.31400000000000000      -0.22630054001084077        2.3770341582263077     
  0.31500000000000000      -0.22392057701209592        2.3828682723901902     
  0.31600000000000000      -0.22153486896282215        2.3885242768007786     
  0.31700000000000000      -0.21914359329783809        2.3940035229679468     
  0.31800000000000000      -0.21674692610373450        2.3993073558086206     
  0.31900000000000001      -0.21434504212545538        2.4044371136711784     
  0.32000000000000001      -0.21193811477285449        2.4093941283597768     
  0.32100000000000001      -0.20952631612722764        2.4141797251586059     
  0.32200000000000001      -0.20710981694782085        2.4187952228560690     
  0.32300000000000001      -0.20468878667831419        2.4232419337688915     
  0.32400000000000001      -0.20226339345328168        2.4275211637661580     
  0.32500000000000001      -0.19983380410462714        2.4316342122932735     
  0.32600000000000001      -0.19740018416799610        2.4355823723958561     
  0.32700000000000001      -0.19496269788916387        2.4393669307435575     
  0.32800000000000001      -0.19252150823039987        2.4429891676538089     
  0.32900000000000001      -0.19007677687680807        2.4464503571154985     
  0.33000000000000002      -0.18762866424264402        2.4497517668125757     
  0.33100000000000002      -0.18517732947760818        2.4528946581475850     
  0.33200000000000002      -0.18272293047311569        2.4558802862651286     
  0.33300000000000002      -0.18026562386854289        2.4587099000752568     
  0.33400000000000002      -0.17780556505745029        2.4613847422767909     
  0.33500000000000002      -0.17534290819378245        2.4639060493805713     
  0.33600000000000002      -0.17287780619804438        2.4662750517326391     
  0.33700000000000002      -0.17041041076345509        2.4684929735373449     
  0.33800000000000002      -0.16794087236207780        2.4705610328803891     
  0.33900000000000002      -0.16546934025092738        2.4724804417517920     
  0.34000000000000002      -0.16299596247805462        2.4742524060687936     
  0.34100000000000003      -0.16052088588860777        2.4758781256986842     
  0.34200000000000003      -0.15804425613087136        2.4773587944815656     
  0.34300000000000003      -0.15556621766228204        2.4786956002530447     
  0.34400000000000003      -0.15308691375542197        2.4798897248668554     
  0.34500000000000003      -0.15060648650398961        2.4809423442174134     
  0.34600000000000003      -0.14812507682874784        2.4818546282623024     
  0.34700000000000003      -0.14564282448344978        2.4826277410446913     
  0.34800000000000003      -0.14315986806074216        2.4832628407156823     
  0.34900000000000003      -0.14067634499804632        2.4837610795565932     
  0.35000000000000003      -0.13819239158341712        2.4841236040011703     
  0.35100000000000003      -0.13570814296137951        2.4843515546577319     
  0.35199999999999998      -0.13322373313874303        2.4844460663312486     
  0.35299999999999998      -0.13073929499039427        2.4844082680453505     
  0.35399999999999998      -0.12825496026506747        2.4842392830642726     
  0.35499999999999998      -0.12577085959109294        2.4839402289147285     
  0.35599999999999998      -0.12328712248212392        2.4835122174077209     
  0.35699999999999998      -0.12080387734284148        2.4829563546602822     
  0.35799999999999998      -0.11832125147463776        2.4822737411171514     
  0.35899999999999999      -0.11583937108127762        2.4814654715723816     
  0.35999999999999999      -0.11335836127453863        2.4805326351908836     
  0.36099999999999999      -0.11087834607982960        2.4794763155299027     
  0.36199999999999999      -0.10839944844178766        2.4782975905604290     
  0.36299999999999999      -0.10592179022985389        2.4769975326885421     
  0.36399999999999999      -0.10344549224382778        2.4755772087766914     
  0.36499999999999999      -0.10097067421940030        2.4740376801649093     
  0.36599999999999999       -9.8497454833665884E-002   2.4723800026919602     
  0.36699999999999999       -9.6025951710613233E-002   2.4706052267164234     
  0.36799999999999999       -9.3556281426595084E-002   2.4687143971377128     
  0.36899999999999999       -9.1088559515777018E-002   2.4667085534170301     
  0.37000000000000000       -8.8622900475565314E-002   2.4645887295982543     
  0.37100000000000000       -8.6159417772013969E-002   2.4623559543287663     
  0.37200000000000000       -8.3698223845210890E-002   2.4600112508802097     
  0.37300000000000000       -8.1239430114643379E-002   2.4575556371691869     
  0.37400000000000000       -7.8783146984542973E-002   2.4549901257778926     
  0.37500000000000000       -7.6329483849209623E-002   2.4523157239746811     
  0.37600000000000000       -7.3878549098315399E-002   2.4495334337345724     
  0.37700000000000000       -7.1430450122187669E-002   2.4466442517596940     
  0.37800000000000000       -6.8985293317071913E-002   2.4436491694996580     
  0.37900000000000000       -6.6543184090374144E-002   2.4405491731718780     
  0.38000000000000000       -6.4104226865883088E-002   2.4373452437818202     
  0.38100000000000001       -6.1668525088972082E-002   2.4340383571431929     
  0.38200000000000001       -5.9236181231780892E-002   2.4306294838980746     
  0.38300000000000001       -5.6807296798377371E-002   2.4271195895369768     
  0.38400000000000001       -5.4381972329899102E-002   2.4235096344188465     
  0.38500000000000001       -5.1960307409675076E-002   2.4198005737910067     
  0.38600000000000001       -4.9542400668327463E-002   2.4159933578090329     
  0.38700000000000001       -4.7128349788853503E-002   2.4120889315565703     
  0.38800000000000001       -4.4718251511687658E-002   2.4080882350650876     
  0.38900000000000001       -4.2312201639744015E-002   2.4039922033335706     
  0.39000000000000001       -3.9910295043439008E-002   2.3998017663481517     
  0.39100000000000001       -3.7512625665694577E-002   2.3955178491016826     
  0.39200000000000002       -3.5119286526921749E-002   2.3911413716132413     
  0.39300000000000002       -3.2730369729984783E-002   2.3866732489475817     
  0.39400000000000002       -3.0345966465145834E-002   2.3821143912345213     
  0.39500000000000002       -2.7966167014990325E-002   2.3774657036882663     
  0.39600000000000002       -2.5591060759332977E-002   2.3727280866266809     
  0.39700000000000002       -2.3220736180104617E-002   2.3679024354904912     
  0.39800000000000002       -2.0855280866219812E-002   2.3629896408624331     
  0.39900000000000002       -1.8494781518425370E-002   2.3579905884863370     
  0.40000000000000002       -1.6139323954129810E-002   2.3529061592861558     
  0.40100000000000002       -1.3788993112213811E-002   2.3477372293849306     
  0.40200000000000002       -1.1443873057821729E-002   2.3424846701236985     
  0.40300000000000002       -9.1040469871342469E-003   2.3371493480803407     
  0.40400000000000003       -6.7695972321221900E-003   2.3317321250883705     
  0.40500000000000003       -4.4406052652815886E-003   2.3262338582556641     
  0.40600000000000003       -2.1171517043500399E-003   2.3206553999831310     
  0.40700000000000003        2.0068368299557340E-004   2.3149975979833264     
  0.40800000000000003        2.5128219744599495E-003   2.3092612952990046     
  0.40900000000000003        4.8191850884687585E-003   2.3034473303216147     
  0.41000000000000003        7.1196957795264977E-003   2.2975565368097373     
  0.41100000000000003        9.4142776335927620E-003   2.2915897439074633     
  0.41200000000000003        1.1702855063476856E-002   2.2855477761627152     
  0.41300000000000003        1.3985353304250707E-002   2.2794314535455098     
  0.41400000000000003        1.6261698408680008E-002   2.2732415914661641     
  0.41500000000000004        1.8531817242673543E-002   2.2669790007934432     
  0.41600000000000004        2.0795637480750626E-002   2.2606444878726504     
  0.41699999999999998        2.3053087601526603E-002   2.2542388545436620     
  0.41799999999999998        2.5304096883216370E-002   2.2477628981589026     
  0.41899999999999998        2.7548595399155829E-002   2.2412174116012644     
  0.41999999999999998        2.9786514013341234E-002   2.2346031833019708     
  0.42099999999999999        3.2017784375986388E-002   2.2279209972583827     
  0.42199999999999999        3.4242338919097594E-002   2.2211716330517475     
  0.42299999999999999        3.6460110852066359E-002   2.2143558658648925     
  0.42399999999999999        3.8671034157279724E-002   2.2074744664998631     
  0.42499999999999999        4.0875043585748255E-002   2.2005282013955028     
  0.42599999999999999        4.3072074652751528E-002   2.1935178326449800     
  0.42699999999999999        4.5262063633501173E-002   2.1864441180132568     
  0.42799999999999999        4.7444947558821317E-002   2.1793078109545037     
  0.42899999999999999        4.9620664210846425E-002   2.1721096606294572     
  0.42999999999999999        5.1789152118736491E-002   2.1648504119227252     
  0.43099999999999999        5.3950350554409471E-002   2.1575308054600333     
  0.43200000000000000        5.6104199528290967E-002   2.1501515776254201     
  0.43300000000000000        5.8250639785081076E-002   2.1427134605783738     
  0.43400000000000000        6.0389612799538327E-002   2.1352171822709174     
  0.43500000000000000        6.2521060772280701E-002   2.1276634664646381     
  0.43600000000000000        6.4644926625603630E-002   2.1200530327476610     
  0.43700000000000000        6.6761153999314982E-002   2.1123865965515707     
  0.43800000000000000        6.8869687246586875E-002   2.1046648691682779     
  0.43900000000000000        7.0970471429824419E-002   2.0968885577668317     
  0.44000000000000000        7.3063452316551175E-002   2.0890583654101778     
  0.44100000000000000        7.5148576375311346E-002   2.0811749910718649     
  0.44200000000000000        7.7225790771588698E-002   2.0732391296526953     
  0.44300000000000000        7.9295043363742074E-002   2.0652514719973230     
  0.44400000000000001        8.1356282698957463E-002   2.0572127049107984     
  0.44500000000000001        8.3409458009216633E-002   2.0491235111750616     
  0.44600000000000001        8.5454519207282198E-002   2.0409845695653792     
  0.44700000000000001        8.7491416882699083E-002   2.0327965548667315     
  0.44800000000000001        8.9520102297812390E-002   2.0245601378901457     
  0.44900000000000001        9.1540527383801570E-002   2.0162759854889756     
  0.45000000000000001        9.3552644736730792E-002   2.0079447605751315     
  0.45100000000000001        9.5556407613615571E-002   1.9995671221352553     
  0.45200000000000001        9.7551769928505547E-002   1.9911437252468445     
  0.45300000000000001        9.9538686248583308E-002   1.9826752210943239     
  0.45400000000000001       0.10151711179027934        1.9741622569850663     
  0.45500000000000002       0.10348700241540289        1.9656054763653608     
  0.45600000000000002       0.10544831462728883        1.9570055188363289     
  0.45700000000000002       0.10740100556696042        1.9483630201697908     
  0.45800000000000002       0.10934503300930781        1.9396786123240786     
  0.45900000000000002       0.11128035535928248        1.9309529234597997     
  0.46000000000000002       0.11320693164810727        1.9221865779555487     
  0.46100000000000002       0.11512472152950226        1.9133801964235679     
  0.46200000000000002       0.11703368527592610        1.9045343957253584     
  0.46300000000000002       0.11893378377483310        1.8956497889872386     
  0.46400000000000002       0.12082497852494573        1.8867269856158539     
  0.46500000000000002       0.12270723163254263        1.8777665913136359     
  0.46600000000000003       0.12458050580776214        1.8687692080942100     
  0.46700000000000003       0.12644476436092111        1.8597354342977548     
  0.46800000000000003       0.12829997119884906        1.8506658646063103     
  0.46900000000000003       0.13014609082123765        1.8415610900590365     
  0.47000000000000003       0.13198308831700545        1.8324216980674226     
  0.47100000000000003       0.13381092936067771        1.8232482724304466     
  0.47200000000000003       0.13562958020878149        1.8140413933496855     
  0.47300000000000003       0.13743900769625569        1.8048016374443758     
  0.47400000000000003       0.13923917923287621        1.7955295777664257     
  0.47500000000000003       0.14103006279969607        1.7862257838153774     
  0.47600000000000003       0.14281162694550054        1.7768908215533212     
  0.47700000000000004       0.14458384078327699        1.7675252534197603     
  0.47800000000000004       0.14634667398669979        1.7581296383464278     
  0.47900000000000004       0.14810009678662986        1.7487045317720542     
  0.47999999999999998       0.14984407996762897        1.7392504856570872     
  0.48099999999999998       0.15157859486448882        1.7297680484983633     
  0.48199999999999998       0.15330361335877474        1.7202577653437310     
  0.48299999999999998       0.15501910787538387        1.7107201778066259     
  0.48399999999999999       0.15672505137911807        1.7011558240805988     
  0.48499999999999999       0.15842141737127124        1.6915652389537954     
  0.48599999999999999       0.16010817988623113        1.6819489538233883     
  0.48699999999999999       0.16178531348809549        1.6723074967099618     
  0.48799999999999999       0.16345279326730264        1.6626413922718501     
  0.48899999999999999       0.16511059483727639        1.6529511618194273     
  0.48999999999999999       0.16675869433108512        1.6432373233293498     
  0.49099999999999999       0.16839706839811519        1.6335003914587543     
  0.49199999999999999       0.17002569420075847        1.6237408775594060     
  0.49299999999999999       0.17164454941111398        1.6139592896918022     
  0.49399999999999999       0.17325361220770363        1.6041561326392286     
  0.49500000000000000       0.17485286127220204        1.5943319079217686     
  0.49600000000000000       0.17644227578618021        1.5844871138102679     
  0.49700000000000000       0.17802183542786332        1.5746222453402510     
  0.49800000000000000       0.17959152036890227        1.5647377943257934     
  0.49900000000000000       0.18115131127115916        1.5548342493733467     
  0.50000000000000000       0.18270118928350651        1.5449120958955183     
  0.50100000000000000       0.18424113603864029        1.5349718161248052     
  0.50200000000000000       0.18577113364990661        1.5250138891272831     
  0.50300000000000000       0.18729116470814211        1.5150387908162493     
  0.50400000000000000       0.18880121227852797        1.5050469939658198     
  0.50500000000000000       0.19030125989745753        1.4950389682244831     
  0.50600000000000001       0.19179129156941732        1.4850151801286067     
  0.50700000000000001       0.19327129176388172        1.4749760931159002     
  0.50800000000000001       0.19474124541222096        1.4649221675388331     
  0.50900000000000001       0.19620113790462254        1.4548538606780079     
  0.51000000000000001       0.19765095508702604        1.4447716267554891     
  0.51100000000000001       0.19909068325807125        1.4346759169480865     
  0.51200000000000001       0.20052030916605942        1.4245671794005959     
  0.51300000000000001       0.20193982000592789        1.4144458592389944     
  0.51400000000000001       0.20334920341623786        1.4043123985835919     
  0.51500000000000001       0.20474844747617515        1.3941672365621389     
  0.51600000000000001       0.20613754070256432        1.3840108093228904     
  0.51700000000000002       0.20751647204689555        1.3738435500476258     
  0.51800000000000002       0.20888523089236466        1.3636658889646254     
  0.51900000000000002       0.21024380705092607        1.3534782533616037     
  0.52000000000000002       0.21159219076035873        1.3432810675985987     
  0.52100000000000002       0.21293037268134474        1.3330747531208191     
  0.52200000000000002       0.21425834389456097        1.3228597284714469     
  0.52300000000000002       0.21557609589778343        1.3126364093043981     
  0.52400000000000002       0.21688362060300428        1.3024052083970399     
  0.52500000000000002       0.21818091033356168        1.2921665356628660     
  0.52600000000000002       0.21946795782128214        1.2819207981641281     
  0.52700000000000002       0.22074475620363565        1.2716684001244261     
  0.52800000000000002       0.22201129902090316        1.2614097429412545     
  0.52900000000000003       0.22326758021335691        1.2511452251985082     
  0.53000000000000003       0.22451359411845284        1.2408752426789444     
  0.53100000000000003       0.22574933546803580        1.2306001883766036     
  0.53200000000000003       0.22697479938555695        1.2203204525091884     
  0.53300000000000003       0.22818998138330357        1.2100364225304006     
  0.53400000000000003       0.22939487735964123        1.1997484831422356     
  0.53500000000000003       0.23058948359626816        1.1894570163072369     
  0.53600000000000003       0.23177379675548196        1.1791624012607080     
  0.53700000000000003       0.23294781387745833        1.1688650145228827     
  0.53800000000000003       0.23411153237754218        1.1585652299110554     
  0.53900000000000003       0.23526495004355061        1.1482634185516689     
  0.54000000000000004       0.23640806503308814        1.1379599488923620     
  0.54100000000000004       0.23754087587087386        1.1276551867139759     
  0.54200000000000004       0.23866338144608065        1.1173494951425202     
  0.54300000000000004       0.23977558100968627        1.1070432346610974     
  0.54400000000000004       0.24087747417183636        1.0967367631217879     
  0.54500000000000004       0.24196906089921941        1.0864304357574937     
  0.54600000000000004       0.24305034151245336        1.0761246051937419     
  0.54700000000000004       0.24412131668348422        1.0658196214604485     
  0.54800000000000004       0.24518198743299621        1.0555158320036417     
  0.54900000000000004       0.24623235512783379        1.0452135816971448     
  0.55000000000000004       0.24727242147843517        1.0349132128542200     
  0.55100000000000005       0.24830218853627767        1.0246150652391721     
  0.55200000000000005       0.24932165869133435        1.0143194760789123     
  0.55300000000000005       0.25033083466954259        1.0040267800744824     
  0.55400000000000005       0.25132971953028377       0.99373730941254046     
  0.55500000000000005       0.25231831666387472       0.98345139377680579     
  0.55600000000000005       0.25329662978907042       0.97316936035946566     
  0.55700000000000005       0.25426466295057815       0.96289153387254256     
  0.55800000000000005       0.25522242051658300       0.95261823655922229     
  0.55900000000000005       0.25616990717628463       0.94234978820514359     
  0.56000000000000005       0.25710712793744539       0.93208650614964872     
  0.56100000000000005       0.25803408812394957       0.92182870529699501     
  0.56200000000000006       0.25895079337337390       0.91157669812752873     
  0.56300000000000006       0.25985724963456930       0.90133079470881949     
  0.56400000000000006       0.26075346316525350       0.89109130270675707     
  0.56500000000000006       0.26163944052961496       0.88085852739660941     
  0.56600000000000006       0.26251518859592771       0.87063277167404296     
  0.56700000000000006       0.26338071453417733       0.86041433606610462     
  0.56800000000000006       0.26423602581369765       0.85020351874216582     
  0.56900000000000006       0.26508113020081858       0.84000061552482896     
  0.57000000000000006       0.26591603575652484       0.82980591990079611     
  0.57100000000000006       0.26674075083412541       0.81961972303169972     
  0.57200000000000006       0.26755528407693380       0.80944231376489628     
  0.57300000000000006       0.26835964441595928       0.79927397864422234     
  0.57400000000000007       0.26915384106760848       0.78911500192071338     
  0.57500000000000007       0.26993788353139825       0.77896566556328550     
  0.57600000000000007       0.27071178158767850       0.76882624926937948     
  0.57699999999999996       0.27147554529536633       0.75869703047556891     
  0.57799999999999996       0.27222918498969023       0.74857828436813045     
  0.57899999999999996       0.27297271127994521       0.73847028389357794     
  0.57999999999999996       0.27370613504725810       0.72837329976915932     
  0.58099999999999996       0.27442946744236363       0.71828760049331764     
  0.58199999999999996       0.27514271988339084       0.70821345235611499     
  0.58299999999999996       0.27584590405365977       0.69815111944962049     
  0.58399999999999996       0.27653903189948886       0.68810086367826162     
  0.58499999999999996       0.27722211562801213       0.67806294476914009     
  0.58599999999999997       0.27789516770500733       0.66803762028231062     
  0.58699999999999997       0.27855820085273375       0.65802514562102499     
  0.58799999999999997       0.27921122804778070       0.64802577404193895     
  0.58899999999999997       0.27985426251892587       0.63803975666528467     
  0.58999999999999997       0.28048731774500396       0.62806734248500651     
  0.59099999999999997       0.28111040745278559       0.61810877837886180     
  0.59199999999999997       0.28172354561486601       0.60816430911848596     
  0.59299999999999997       0.28232674644756395       0.59823417737942253     
  0.59399999999999997       0.28292002440883068       0.58831862375111765     
  0.59499999999999997       0.28350339419616877       0.57841788674687944     
  0.59599999999999997       0.28407687074456084       0.56853220281380257     
  0.59699999999999998       0.28464046922440850       0.55866180634265772     
  0.59799999999999998       0.28519420503948079       0.54880692967774625     
  0.59899999999999998       0.28573809382487264       0.53896780312671999     
  0.59999999999999998       0.28627215144497314       0.52914465497036667     
  0.60099999999999998       0.28679639399144352       0.51933771147236041     
  0.60199999999999998       0.28731083778120486       0.50954719688897798     
  0.60299999999999998       0.28781549935443568       0.49977333347878106     
  0.60399999999999998       0.28831039547257881       0.49001634151226353     
  0.60499999999999998       0.28879554311635824       0.48027643928146507     
  0.60599999999999998       0.28927095948380560       0.47055384310955067     
  0.60699999999999998       0.28973666198829578       0.46084876736035618     
  0.60799999999999998       0.29019266825659251       0.45116142444789969     
  0.60899999999999999       0.29063899612690330       0.44149202484585964     
  0.60999999999999999       0.29107566364694371       0.43184077709701896     
  0.61099999999999999       0.29150268907201121       0.42220788782267554     
  0.61199999999999999       0.29192009086306847       0.41259356173201961     
  0.61299999999999999       0.29232788768483575       0.40299800163147731     
  0.61399999999999999       0.29272609840389285       0.39342140843402129     
  0.61499999999999999       0.29311474208679045       0.38386398116844794     
  0.61599999999999999       0.29349383799817025       0.37432591698862161     
  0.61699999999999999       0.29386340559889490       0.36480741118268573     
  0.61799999999999999       0.29422346454418674       0.35530865718224131     
  0.61899999999999999       0.29457403468177590       0.34582984657149218     
  0.62000000000000000       0.29491513605005731       0.33637116909635789     
  0.62100000000000000       0.29524678887625716       0.32693281267355384     
  0.62200000000000000       0.29556901357460807       0.31751496339963892     
  0.62300000000000000       0.29588183074453345       0.30811780556003054     
  0.62400000000000000       0.29618526116884086       0.29874152163798778     
  0.62500000000000000       0.29647932581192443       0.28938629232356167     
  0.62600000000000000       0.29676404581797594       0.28005229652251373     
  0.62700000000000000       0.29703944250920505       0.27073971136520247     
  0.62800000000000000       0.29730553738406834       0.26144871221543764     
  0.62900000000000000       0.29756235211550708       0.25217947267930285     
  0.63000000000000000       0.29780990854919409       0.24293216461394626     
  0.63100000000000001       0.29804822870178893       0.23370695813633965     
  0.63200000000000001       0.29827733475920226       0.22450402163200589     
  0.63300000000000001       0.29849724907486869       0.21532352176371480     
  0.63400000000000001       0.29870799416802835       0.20616562348014780     
  0.63500000000000001       0.29890959272201706       0.19703049002453096     
  0.63600000000000001       0.29910206758256530       0.18791828294323704     
  0.63700000000000001       0.29928544175610555       0.17882916209435623     
  0.63800000000000001       0.29945973840808821       0.16976328565623594     
  0.63900000000000001       0.29962498086130629       0.16072081013598957     
  0.64000000000000001       0.29978119259422831       0.15170189037797438     
  0.64100000000000001       0.29992839723933967       0.14270667957223859     
  0.64200000000000002       0.30006661858149275       0.13373532926293785     
  0.64300000000000002       0.30019588055626506       0.12478798935672097     
  0.64400000000000002       0.30031620724832597       0.11586480813108527     
  0.64500000000000002       0.30042762288981162       0.10696593224270136     
  0.64600000000000002       0.30053015185870841        9.8091506735707698E-002
  0.64700000000000002       0.30062381867724447        8.9241675049974795E-002
  0.64800000000000002       0.30070864801028951        8.0416579029339325E-002
  0.64900000000000002       0.30078466466376297        7.1616358929808097E-002
  0.65000000000000002       0.30085189358305015        6.2841153427732097E-002
  0.65100000000000002       0.30091035985142678        5.4091099627950584E-002
  0.65200000000000002       0.30096008868849139        4.5366333071905345E-002
  0.65300000000000002       0.30100110544860614        3.6666987745725292E-002
  0.65400000000000003       0.30103343561934537        2.7993196088281345E-002
  0.65500000000000003       0.30105710481995240        1.9345088999211814E-002
  0.65600000000000003       0.30107213879980438        1.0722795846918256E-002
  0.65700000000000003       0.30107856343688488        2.1264444765319943E-003
  0.65800000000000003       0.30107640473626474       -6.4438387821486864E-003
  0.65900000000000003       0.30106568882859053       -1.4987929106750555E-002
  0.66000000000000003       0.30104644196858127       -2.3505703174446568E-002
  0.66100000000000003       0.30101869053353258       -3.1997039154106052E-002
  0.66200000000000003       0.30098246102182913       -4.0461816698473846E-002
  0.66300000000000003       0.30093778005146438       -4.8899916936378317E-002
  0.66400000000000003       0.30088467435856858       -5.7311222464968142E-002
  0.66500000000000004       0.30082317079594428       -6.5695617341977819E-002
  0.66600000000000004       0.30075329633160958       -7.4052987078021798E-002
  0.66700000000000004       0.30067507804734911       -8.2383218628917121E-002
  0.66800000000000004       0.30058854313727251       -9.0686200388034544E-002
  0.66900000000000004       0.30049371890638094       -9.8961822178677980E-002
  0.67000000000000004       0.30039063276914069      -0.10720997524649231     
  0.67100000000000004       0.30027931224806476      -0.11543055225189930     
  0.67200000000000004       0.30015978497230184      -0.12362344726256168     
  0.67300000000000004       0.30003207867623277      -0.13178855574587525     
  0.67400000000000004       0.29989622119807463      -0.13992577456148902     
  0.67500000000000004       0.29975224047849214      -0.14803500195385302     
  0.67600000000000005       0.29960016455921651      -0.15611613754479414     
  0.67700000000000005       0.29944002158167188      -0.16416908232611943     
  0.67800000000000005       0.29927183978560901      -0.17219373865224730     
  0.67900000000000005       0.29909564750774631      -0.18019001023286599     
  0.68000000000000005       0.29891147318041816      -0.18815780212561969     
  0.68100000000000005       0.29871934533023076      -0.19609702072882199     
  0.68200000000000005       0.29851929257672483      -0.20400757377419651     
  0.68300000000000005       0.29831134363104617      -0.21188937031964500     
  0.68400000000000005       0.29809552729462269      -0.21974232074204231     
  0.68500000000000005       0.29787187245784935      -0.22756633673005858     
  0.68600000000000005       0.29764040809877979      -0.23536133127700840     
  0.68700000000000006       0.29740116328182525      -0.24312721867372675     
  0.68800000000000006       0.29715416715646059      -0.25086391450147194     
  0.68900000000000006       0.29689944895593745      -0.25857133562485507     
  0.69000000000000006       0.29663703799600438      -0.26624940018479631     
  0.69100000000000006       0.29636696367363402      -0.27389802759150783     
  0.69200000000000006       0.29608925546575743      -0.28151713851750287     
  0.69300000000000006       0.29580394292800505      -0.28910665489063170     
  0.69400000000000006       0.29551105569345504      -0.29666649988714355     
  0.69500000000000006       0.29521062347138821      -0.30419659792477505     
  0.69600000000000006       0.29490267604605008      -0.31169687465586471     
  0.69700000000000006       0.29458724327541952      -0.31916725696049353     
  0.69800000000000006       0.29426435508998461      -0.32660767293965165     
  0.69900000000000007       0.29393404149152508      -0.33401805190843109     
  0.70000000000000007       0.29359633255190154      -0.34139832438924406     
  0.70100000000000007       0.29325125841185168      -0.34874842210506746     
  0.70200000000000007       0.29289884927979282      -0.35606827797271268     
  0.70300000000000007       0.29253913543063170      -0.36335782609612133     
  0.70399999999999996       0.29217214720458057      -0.37061700175968659     
  0.70499999999999996       0.29179791500597996      -0.37784574142159977     
  0.70599999999999996       0.29141646930212839      -0.38504398270722240     
  0.70699999999999996       0.29102784062211834      -0.39221166440248378     
  0.70799999999999996       0.29063205955567906      -0.39934872644730385     
  0.70899999999999996       0.29022915675202587      -0.40645510992904077     
  0.70999999999999996       0.28981916291871590      -0.41353075707596415     
  0.71099999999999997       0.28940210882051048      -0.42057561125075316     
  0.71199999999999997       0.28897802527824401      -0.42758961694401942     
  0.71299999999999997       0.28854694316769913      -0.43457271976785494     
  0.71399999999999997       0.28810889341848861      -0.44152486644940492     
  0.71499999999999997       0.28766390701294331      -0.44844600482446506     
  0.71599999999999997       0.28721201498500692      -0.45533608383110380     
  0.71699999999999997       0.28675324841913674      -0.46219505350330892     
  0.71799999999999997       0.28628763844921096      -0.46902286496465889     
  0.71899999999999997       0.28581521625744216      -0.47581947042201833     
  0.71999999999999997       0.28533601307329731      -0.48258482315925827     
  0.72099999999999997       0.28485006017242370      -0.48931887753100023     
  0.72199999999999998       0.28435738887558148      -0.49602158895638493     
  0.72299999999999998       0.28385803054758213      -0.50269291391286486     
  0.72399999999999998       0.28335201659623327      -0.50933280993002106     
  0.72499999999999998       0.28283937847128965      -0.51594123558340388     
  0.72599999999999998       0.28232014766341013      -0.52251815048839778     
  0.72699999999999998       0.28179435570312106      -0.52906351529410967     
  0.72799999999999998       0.28126203415978557      -0.53557729167728119     
  0.72899999999999998       0.28072321464057881      -0.54205944233622505     
  0.72999999999999998       0.28017792878946957      -0.54850993098478451     
  0.73099999999999998       0.27962620828620771      -0.55492872234631641     
  0.73199999999999998       0.27906808484531764      -0.56131578214769828     
  0.73299999999999998       0.27850359021509774      -0.56767107711335840     
  0.73399999999999999       0.27793275617662583      -0.57399457495932904     
  0.73499999999999999       0.27735561454277052      -0.58028624438732357     
  0.73599999999999999       0.27677219715720852      -0.58654605507883639     
  0.73699999999999999       0.27618253589344766      -0.59277397768926599     
  0.73799999999999999       0.27558666265385606      -0.59896998384206124     
  0.73899999999999999       0.27498460936869690      -0.60513404612289068     
  0.73999999999999999       0.27437640799516921      -0.61126613807383445     
  0.74099999999999999       0.27376209051645428      -0.61736623418759951     
  0.74199999999999999       0.27314168894076785      -0.62343430990175741     
  0.74299999999999999       0.27251523530041821      -0.62947034159300486     
  0.74399999999999999       0.27188276165087000      -0.63547430657144666     
  0.74500000000000000       0.27124430006981337      -0.64144618307490175     
  0.74600000000000000       0.27059988265623947      -0.64738595026323131     
  0.74700000000000000       0.26994954152952094      -0.65329358821268968     
  0.74800000000000000       0.26929330882849845      -0.65916907791029722     
  0.74900000000000000       0.26863121671057277      -0.66501240124823580     
  0.75000000000000000       0.26796329735080232      -0.67082354101826669     
  0.75100000000000000       0.26728958294100641      -0.67660248090616992     
  0.75200000000000000       0.26661010568887400      -0.68234920548620648     
  0.75300000000000000       0.26592489781707795      -0.68806370021560237     
  0.75400000000000000       0.26523399156239486      -0.69374595142905437     
  0.75500000000000000       0.26453741917483020      -0.69939594633325797     
  0.75600000000000001       0.26383521291674922      -0.70501367300145679     
  0.75700000000000001       0.26312740506201299      -0.71059912036801431     
  0.75800000000000001       0.26241402789511997      -0.71615227822300687     
  0.75900000000000001       0.26169511371035309      -0.72167313720683846     
  0.76000000000000001       0.26097069481093205      -0.72716168880487708     
  0.76100000000000001       0.26024080350817103      -0.73261792534211245     
  0.76200000000000001       0.25950547212064168      -0.73804183997783535     
  0.76300000000000001       0.25876473297334157      -0.74343342670033830     
  0.76400000000000001       0.25801861839686774      -0.74879268032163748     
  0.76500000000000001       0.25726716072659567      -0.75411959647221571     
  0.76600000000000001       0.25651039230186334      -0.75941417159578717     
  0.76700000000000002       0.25574834546516079      -0.76467640294408257     
  0.76800000000000002       0.25498105256132442      -0.76990628857165555     
  0.76900000000000002       0.25420854593673697      -0.77510382733071037     
  0.77000000000000002       0.25343085793853243      -0.78026901886595035     
  0.77100000000000002       0.25264802091380600      -0.78540186360944664     
  0.77200000000000002       0.25186006720882936      -0.79050236277552877     
  0.77300000000000002       0.25106702916827095      -0.79557051835569492     
  0.77400000000000002       0.25026893913442133      -0.80060633311354357     
  0.77500000000000002       0.24946582944642354      -0.80560981057972525     
  0.77600000000000002       0.24865773243950867      -0.81058095504691530     
  0.77700000000000002       0.24784468044423624      -0.81551977156480648     
  0.77800000000000002       0.24702670578573979      -0.82042626593512247     
  0.77900000000000003       0.24620384078297719      -0.82530044470665154     
  0.78000000000000003       0.24537611774798615      -0.83014231517030046     
  0.78100000000000003       0.24454356898514457      -0.83495188535416864     
  0.78200000000000003       0.24370622679043571      -0.83972916401864239     
  0.78300000000000003       0.24286412345071845      -0.84447416065150938     
  0.78400000000000003       0.24201729124300225      -0.84918688546309307     
  0.78500000000000003       0.24116576243372709      -0.85386734938140674     
  0.78600000000000003       0.24030956927804811      -0.85851556404732809     
  0.78700000000000003       0.23944874401912530      -0.86313154180979312     
  0.78800000000000003       0.23858331888741766      -0.86771529572101003     
  0.78900000000000003       0.23771332609998241      -0.87226683953169282     
  0.79000000000000004       0.23683879785977885      -0.87678618768631422     
  0.79100000000000004       0.23595976635497695      -0.88127335531837891     
  0.79200000000000004       0.23507626375827070      -0.88572835824571539     
  0.79300000000000004       0.23418832222619607      -0.89015121296578803     
  0.79400000000000004       0.23329597389845377      -0.89454193665102799     
  0.79500000000000004       0.23239925089723656      -0.89890054714418399     
  0.79600000000000004       0.23149818532656133      -0.90322706295369204     
  0.79700000000000004       0.23059280927160561      -0.90752150324906422     
  0.79800000000000004       0.22968315479804885      -0.91178388785629705     
  0.79900000000000004       0.22876925395141823      -0.91601423725329867     
  0.80000000000000004       0.22785113875643898      -0.92021257256533517     
  0.80100000000000005       0.22692884121638934      -0.92437891556049601     
  0.80200000000000005       0.22600239331246003      -0.92851328864517779     
  0.80300000000000005       0.22507182700311801      -0.93261571485958783     
  0.80400000000000005       0.22413717422347515      -0.93668621787326556     
  0.80500000000000005       0.22319846688466097      -0.94072482198062346     
  0.80600000000000005       0.22225573687320002      -0.94473155209650617     
  0.80700000000000005       0.22130901605039369      -0.94870643375176844     
  0.80800000000000005       0.22035833625170634      -0.95264949308887159     
  0.80900000000000005       0.21940372928615601      -0.95656075685749831     
  0.81000000000000005       0.21844522693570922      -0.96044025241018638     
  0.81100000000000005       0.21748286095468042      -0.96428800769798018     
  0.81200000000000006       0.21651666306913558      -0.96810405126610088     
  0.81300000000000006       0.21554666497630018      -0.97188841224963507     
  0.81400000000000006       0.21457289834397153      -0.97564112036924111     
  0.81500000000000006       0.21359539480993528      -0.97936220592687395     
  0.81600000000000006       0.21261418598138632      -0.98305169980152796     
  0.81700000000000006       0.21162930343435374      -0.98670963344499807     
  0.81800000000000006       0.21064077871313031      -0.99033603887765831     
  0.81900000000000006       0.20964864332970587      -0.99393094868425891     
  0.82000000000000006       0.20865292876320507      -0.99749439600974077     
  0.82100000000000006       0.20765366645932934       -1.0010264145550680     
  0.82200000000000006       0.20665088782980284       -1.0045270385730785     
  0.82300000000000006       0.20564462425182273       -1.0079963028643513     
  0.82400000000000007       0.20463490706751342       -1.0114342427730925     
  0.82500000000000007       0.20362176758338504       -1.0148408941830385     
  0.82600000000000007       0.20260523706979600       -1.0182162935133767     
  0.82700000000000007       0.20158534676041939       -1.0215604777146834     
  0.82800000000000007       0.20056212785171385       -1.0248734842648797     
  0.82900000000000007       0.19953561150239801       -1.0281553511652042     
  0.83000000000000007       0.19850582883292939       -1.0314061169362034     
  0.83100000000000007       0.19747281092498692       -1.0346258206137395     
  0.83200000000000007       0.19643658882095771       -1.0378145017450144     
  0.83299999999999996       0.19539719352342766       -1.0409722003846122     
  0.83399999999999996       0.19435465599467605       -1.0440989570905579     
  0.83499999999999996       0.19330900715617405       -1.0471948129203932     
  0.83599999999999997       0.19226027788808717       -1.0502598094272695     
  0.83699999999999997       0.19120849902878159       -1.0532939886560584     
  0.83799999999999997       0.19015370137433441       -1.0562973931394772     
  0.83899999999999997       0.18909591567804768       -1.0592700658942336     
  0.83999999999999997       0.18803517264996633       -1.0622120504171852     
  0.84099999999999997       0.18697150295640003       -1.0651233906815172     
  0.84199999999999997       0.18590493721944859       -1.0680041311329351     
  0.84299999999999997       0.18483550601653154       -1.0708543166858759     
  0.84399999999999997       0.18376323987992113       -1.0736739927197345     
  0.84499999999999997       0.18268816929627932       -1.0764632050751071     
  0.84599999999999997       0.18161032470619842       -1.0792220000500503     
  0.84699999999999998       0.18052973650374554       -1.0819504243963582     
  0.84799999999999998       0.17944643503601063       -1.0846485253158542     
  0.84899999999999998       0.17836045060265834       -1.0873163504566998     
  0.84999999999999998       0.17727181345548357       -1.0899539479097198     
  0.85099999999999998       0.17618055379797054       -1.0925613662047426     
  0.85199999999999998       0.17508670178485569       -1.0951386543069586     
  0.85299999999999998       0.17399028752169407       -1.0976858616132925     
  0.85399999999999998       0.17289134106442944       -1.1002030379487935     
  0.85499999999999998       0.17178989241896797       -1.1026902335630395     
  0.85599999999999998       0.17068597154075546       -1.1051474991265593     
  0.85699999999999998       0.16957960833435817       -1.1075748857272689     
  0.85799999999999998       0.16847083265304724       -1.1099724448669248     
  0.85899999999999999       0.16735967429838661       -1.1123402284575925     
  0.85999999999999999       0.16624616301982439       -1.1146782888181306     
  0.86099999999999999       0.16513032851428799       -1.1169866786706908     
  0.86199999999999999       0.16401220042578241       -1.1192654511372340     
  0.86299999999999999       0.16289180834499220       -1.1215146597360606     
  0.86399999999999999       0.16176918180888689       -1.1237343583783577     
  0.86499999999999999       0.16064435030032981       -1.1259246013647608     
  0.86599999999999999       0.15951734324769035       -1.1280854433819318     
  0.86699999999999999       0.15838819002445961       -1.1302169394991513     
  0.86799999999999999       0.15725691994886953       -1.1323191451649266     
  0.86899999999999999       0.15612356228351529       -1.1343921162036155     
  0.87000000000000000       0.15498814623498119       -1.1364359088120648     
  0.87100000000000000       0.15385070095346987       -1.1384505795562641     
  0.87200000000000000       0.15271125553243467       -1.1404361853680138     
  0.87300000000000000       0.15156983900821569       -1.1423927835416101     
  0.87400000000000000       0.15042648035967879       -1.1443204317305431     
  0.87500000000000000       0.14928120850785814       -1.1462191879442110     
  0.87600000000000000       0.14813405231560187       -1.1480891105446485     
  0.87700000000000000       0.14698504058722109       -1.1499302582432702     
  0.87800000000000000       0.14583420206814218       -1.1517426900976300     
  0.87900000000000000       0.14468156544456220       -1.1535264655081929     
  0.88000000000000000       0.14352715934310761       -1.1552816442151237     
  0.88100000000000001       0.14237101233049615       -1.1570082862950888     
  0.88200000000000001       0.14121315291320197       -1.1587064521580741     
  0.88300000000000001       0.14005360953712387       -1.1603762025442161     
  0.88400000000000001       0.13889241058725674       -1.1620175985206482     
  0.88500000000000001       0.13772958438736610       -1.1636307014783613     
  0.88600000000000001       0.13656515919966586       -1.1652155731290788     
  0.88700000000000001       0.13539916322449910       -1.1667722755021461     
  0.88800000000000001       0.13423162460002203       -1.1683008709414342     
  0.88900000000000001       0.13306257140189093       -1.1698014221022579     
  0.89000000000000001       0.13189203164295238       -1.1712739919483079     
  0.89100000000000001       0.13072003327293624       -1.1727186437485975     
  0.89200000000000002       0.12954660417815203       -1.1741354410744222     
  0.89300000000000002       0.12837177218118800       -1.1755244477963358     
  0.89400000000000002       0.12719556504061347       -1.1768857280811376     
  0.89500000000000002       0.12601801045068406       -1.1782193463888762     
  0.89600000000000002       0.12483913604104993       -1.1795253674698651     
  0.89700000000000002       0.12365896937646702       -1.1808038563617140     
  0.89800000000000002       0.12247753795651120       -1.1820548783863729     
  0.89900000000000002       0.12129486921529542       -1.1832784991471901     
  0.90000000000000002       0.12011099052118979       -1.1844747845259840     
  0.90100000000000002       0.11892592917654451       -1.1856438006801289     
  0.90200000000000002       0.11773971241741586       -1.1867856140396544     
  0.90300000000000002       0.11655236741329492       -1.1879002913043584     
  0.90400000000000003       0.11536392126683923       -1.1889878994409331     
  0.90500000000000003       0.11417440101360737       -1.1900485056801051     
  0.90600000000000003       0.11298383362179634       -1.1910821775137894     
  0.90700000000000003       0.11179224599198177       -1.1920889826922558     
  0.90800000000000003       0.11059966495686101       -1.1930689892213096     
  0.90900000000000003       0.10940611728099892       -1.1940222653594845     
  0.91000000000000003       0.10821162966057664       -1.1949488796152510     
  0.91100000000000003       0.10701622872314299       -1.1958489007442352     
  0.91200000000000003       0.10581994102736871       -1.1967223977464529     
  0.91300000000000003       0.10462279306280342       -1.1975694398635564     
  0.91400000000000003       0.10342481124963540       -1.1983900965760936     
  0.91500000000000004       0.10222602193845402       -1.1991844376007819     
  0.91600000000000004       0.10102645141001496       -1.1999525328877925     
  0.91700000000000004        9.9826125875008082E-002  -1.2006944526180505     
  0.91800000000000004        9.8625071473828041E-002  -1.2014102672005467     
  0.91900000000000004        9.7423314276347525E-002  -1.2021000472696615     
  0.92000000000000004        9.6220880281693261E-002  -1.2027638636825029     
  0.92100000000000004        9.5017795418024534E-002  -1.2034017875162568     
  0.92200000000000004        9.3814085542314490E-002  -1.2040138900655506     
  0.92300000000000004        9.2609776440133976E-002  -1.2046002428398284     
  0.92400000000000004        9.1404893825438024E-002  -1.2051609175607398     
  0.92500000000000004        9.0199463340354988E-002  -1.2056959861595418     
  0.92600000000000005        8.8993510554978186E-002  -1.2062055207745110     
  0.92700000000000005        8.7787060967160171E-002  -1.2066895937483719     
  0.92800000000000005        8.6580140002309611E-002  -1.2071482776257343     
  0.92900000000000005        8.5372773013190600E-002  -1.2075816451505452     
  0.93000000000000005        8.4164985279724672E-002  -1.2079897692635533     
  0.93100000000000005        8.2956802008795211E-002  -1.2083727230997836     
  0.93200000000000005        8.1748248334054446E-002  -1.2087305799860275     
  0.93300000000000005        8.0539349315732936E-002  -1.2090634134383424     
  0.93400000000000005        7.9330129940451535E-002  -1.2093712971595660     
  0.93500000000000005        7.8120615121035866E-002  -1.2096543050368402     
  0.93600000000000005        7.6910829696333255E-002  -1.2099125111391498     
  0.93700000000000006        7.5700798431032085E-002  -1.2101459897148714     
  0.93800000000000006        7.4490546015483661E-002  -1.2103548151893353     
  0.93900000000000006        7.3280097065526420E-002  -1.2105390621623995     
  0.94000000000000006        7.2069476122312681E-002  -1.2106988054060352     
  0.94100000000000006        7.0858707652137656E-002  -1.2108341198619246     
  0.94200000000000006        6.9647816046271002E-002  -1.2109450806390702     
  0.94300000000000006        6.8436825620790662E-002  -1.2110317630114174     
  0.94400000000000006        6.7225760616419078E-002  -1.2110942424154867     
  0.94500000000000006        6.6014645198361852E-002  -1.2111325944480196     
  0.94600000000000006        6.4803503456148659E-002  -1.2111468948636355     
  0.94700000000000006        6.3592359403476531E-002  -1.2111372195725001     
  0.94800000000000006        6.2381236978055497E-002  -1.2111036446380061     
  0.94900000000000007        6.1170160041456506E-002  -1.2110462462744651     
  0.95000000000000007        5.9959152378961628E-002  -1.2109651008448112     
  0.95100000000000007        5.8748237699416610E-002  -1.2108602848583161     
  0.95200000000000007        5.7537439635085660E-002  -1.2107318749683160     
  0.95300000000000007        5.6326781741508521E-002  -1.2105799479699497     
  0.95400000000000007        5.5116287497359771E-002  -1.2104045807979080     
  0.95500000000000007        5.3905980304310430E-002  -1.2102058505241950     
  0.95600000000000007        5.2695883486891727E-002  -1.2099838343559008     
  0.95700000000000007        5.1486020292361143E-002  -1.2097386096329845     
  0.95800000000000007        5.0276413890570630E-002  -1.2094702538260698     
  0.95900000000000007        4.9067087373837061E-002  -1.2091788445342506     
  0.95999999999999996        4.7858063756814846E-002  -1.2088644594829092     
  0.96099999999999997        4.6649365976370719E-002  -1.2085271765215444     
  0.96199999999999997        4.5441016891460718E-002  -1.2081670736216117     
  0.96299999999999997        4.4233039283009291E-002  -1.2077842288743736     
  0.96399999999999997        4.3025455853790570E-002  -1.2073787204887618     
  0.96499999999999997        4.1818289228311753E-002  -1.2069506267892500     
  0.96599999999999997        4.0611561952698640E-002  -1.2065000262137378     
  0.96699999999999997        3.9405296494583235E-002  -1.2060269973114455     
  0.96799999999999997        3.8199515242993497E-002  -1.2055316187408198     
  0.96899999999999997        3.6994240508245138E-002  -1.2050139692674506     
  0.96999999999999997        3.5789494521835531E-002  -1.2044741277619977     
  0.97099999999999997        3.4585299436339666E-002  -1.2039121731981295     
  0.97199999999999998        3.3381677325308161E-002  -1.2033281846504720     
  0.97299999999999998        3.2178650183167332E-002  -1.2027222412925678     
  0.97399999999999998        3.0976239925121302E-002  -1.2020944223948471     
  0.97499999999999998        2.9774468387056104E-002  -1.2014448073226081     
  0.97599999999999998        2.8573357325445831E-002  -1.2007734755340085     
  0.97699999999999998        2.7372928417260765E-002  -1.2000805065780678     
  0.97799999999999998        2.6173203259877528E-002  -1.1993659800926797     
  0.97899999999999998        2.4974203370991183E-002  -1.1986299758026353     
  0.97999999999999998        2.3775950188529318E-002  -1.1978725735176565     
  0.98099999999999998        2.2578465070568106E-002  -1.1970938531304398     
  0.98199999999999998        2.1381769295250295E-002  -1.1962938946147106     
  0.98299999999999998        2.0185884060705150E-002  -1.1954727780232879     
  0.98399999999999999        1.8990830484970325E-002  -1.1946305834861592     
  0.98499999999999999        1.7796629605915649E-002  -1.1937673912085656     
  0.98599999999999999        1.6603302381168826E-002  -1.1928832814690968     
  0.98699999999999999        1.5410869688043038E-002  -1.1919783346177977     
  0.98799999999999999        1.4219352323466430E-002  -1.1910526310742828     
  0.98899999999999999        1.3028771003913475E-002  -1.1901062513258633     
  0.98999999999999999        1.1839146365338216E-002  -1.1891392759256820     
  0.99099999999999999        1.0650498963109359E-002  -1.1881517854908596     
  0.99199999999999999        9.4628492719472171E-003  -1.1871438607006510     
  0.99299999999999999        8.2762176858624976E-003  -1.1861155822946108     
  0.99399999999999999        7.0906245180969120E-003  -1.1850670310707689     
  0.99500000000000000        5.9060900010656087E-003  -1.1839982878838176     
  0.99600000000000000        4.7226342863014139E-003  -1.1829094336433053     
  0.99700000000000000        3.5402774444008751E-003  -1.1818005493118433     
  0.99800000000000000        2.3590394649720885E-003  -1.1806717159033209     
  0.99900000000000000        1.1789402565843114E-003  -1.1795230144811299     
   1.0000000000000000       -3.5328065776593642E-010  -1.1783545261563999     
