   0.0000000000000000       -0.0000000000000000        1.0000000000000000     
   1.0000000000000000E-003   9.9995887664820955E-004  0.99987663248132386     
   2.0000000000000000E-003   1.9996710284056387E-003  0.99950656036459340     
   3.0000000000000001E-003   2.9988897912573906E-003  0.99888987495956605     
   4.0000000000000001E-003   3.9973686229248986E-003  0.99802672842413831     
   5.0000000000000001E-003   4.9948611636965439E-003  0.99691733372680258     
   6.0000000000000001E-003   5.9911212972132283E-003  0.99556196459410085     
   7.0000000000000001E-003   6.9859032111939052E-003  0.99396095544308649     
   8.0000000000000002E-003   7.9789614580860792E-003  0.99211470129881185     
   9.0000000000000011E-003   8.9700510156263159E-003  0.99002365769686185     
   1.0000000000000000E-002   9.9589273472958251E-003  0.98768834057095733     
   1.0999999999999999E-002   1.0945346462656182E-002  0.98510932612565616     
   1.2000000000000000E-002   1.1929064977550320E-002  0.98228725069418332     
   1.3000000000000001E-002   1.2909840174153926E-002  0.97922281058142524     
   1.4000000000000000E-002   1.3887430060862439E-002  0.97591676189212706     
   1.4999999999999999E-002   1.4861593431998853E-002  0.97236992034433500     
   1.6000000000000000E-002   1.5832089927327604E-002  0.96858316106813014     
   1.7000000000000001E-002   1.6798680091359871E-002  0.96455741838970321     
   1.8000000000000002E-002   1.7761125432435632E-002  0.96029368560082351     
   1.9000000000000000E-002   1.8719188481567905E-002  0.95579301471375910     
   2.0000000000000000E-002   1.9672632851034679E-002  0.95105651620170861     
   2.1000000000000001E-002   2.0621223292704039E-002  0.94608535872480837     
   2.1999999999999999E-002   2.1564725756078131E-002  0.94088076884178307     
   2.3000000000000000E-002   2.2502907446041606E-002  0.93544403070731086     
   2.4000000000000000E-002   2.3435536880300343E-002  0.92977648575517746     
   2.5000000000000001E-002   2.4362383946496244E-002  0.92387953236729714     
   2.6000000000000002E-002   2.5283219958984006E-002  0.91775462552868303     
   2.7000000000000000E-002   2.6197817715255884E-002  0.91140327646845165     
   2.8000000000000001E-002   2.7105951552000514E-002  0.90482705228694926     
   2.9000000000000001E-002   2.8007397400781956E-002  0.89802757556909363     
   2.9999999999999999E-002   2.8901932843325231E-002  0.89100652398402536     
   3.1000000000000000E-002   2.9789337166394696E-002  0.88376562987116813     
   3.2000000000000001E-002   3.0669391416251742E-002  0.87630667981279986     
   3.3000000000000002E-002   3.1541878452678342E-002  0.86863151419324025     
   3.4000000000000002E-002   3.2406583002553155E-002  0.86074202674476363     
   3.5000000000000003E-002   3.3263291712966957E-002  0.85264016408034859     
   3.6000000000000004E-002   3.4111793203864260E-002  0.84432792521338074     
   3.6999999999999998E-002   3.4951878120198190E-002  0.83580736106442566     
   3.7999999999999999E-002   3.5783339183585720E-002  0.82708057395519519     
   3.9000000000000000E-002   3.6605971243450490E-002  0.81814971708983086     
   4.0000000000000001E-002   3.7419571327640649E-002  0.80901699402363314     
   4.1000000000000002E-002   3.8223938692509216E-002  0.79968465811936706     
   4.2000000000000003E-002   3.9018874872444542E-002  0.79015501199127858     
   4.3000000000000003E-002   3.9804183728838746E-002  0.78043040693695920     
   4.3999999999999997E-002   4.0579671498481976E-002  0.77051324235719820     
   4.4999999999999998E-002   4.1345146841370591E-002  0.76040596516396652     
   4.5999999999999999E-002   4.2100420887917427E-002  0.75011106917667802     
   4.7000000000000000E-002   4.2845307285552560E-002  0.73963109450687647     
   4.8000000000000001E-002   4.3579622244703006E-002  0.72896862693150133     
   4.9000000000000002E-002   4.4303184584140044E-002  0.71812629725488586     
   5.0000000000000003E-002   4.5015815775682984E-002  0.70710678065964561     
   5.1000000000000004E-002   4.5717339988248305E-002  0.69591279604661704     
   5.2000000000000005E-002   4.6407584131233373E-002  0.68454710536400953     
   5.2999999999999999E-002   4.7086377897223926E-002  0.67301251292593578     
   5.3999999999999999E-002   4.7753553804014907E-002  0.66131186472048953     
   5.5000000000000000E-002   4.8408947235934169E-002  0.64944804770754039     
   5.6000000000000001E-002   4.9052396484458950E-002  0.63742398910641973     
   5.7000000000000002E-002   4.9683742788115021E-002  0.62524265567367310     
   5.8000000000000003E-002   5.0302830371648698E-002  0.61290705297105752     
   5.9000000000000004E-002   5.0909506484462061E-002  0.60042022462396416     
   5.9999999999999998E-002   5.1503621438301887E-002  0.58778525157044892     
   6.0999999999999999E-002   5.2085028644192982E-002  0.57500525130105762     
   6.2000000000000000E-002   5.2653584648606797E-002  0.56208337708963141     
   6.3000000000000000E-002   5.3209149168856475E-002  0.54902281721528379     
   6.4000000000000001E-002   5.3751585127709473E-002  0.53582679417574064     
   6.5000000000000002E-002   5.4280758687209343E-002  0.52249856389223670     
   6.6000000000000003E-002   5.4796539281698226E-002  0.50904141490616606     
   6.7000000000000004E-002   5.5298799650031989E-002  0.49545866756768370     
   6.8000000000000005E-002   5.5787415866979995E-002  0.48175367321645868     
   6.9000000000000006E-002   5.6262267373801807E-002  0.46792981335478134     
   7.0000000000000007E-002   5.6723237007993262E-002  0.45399049881322817     
   7.1000000000000008E-002   5.7170211032194544E-002  0.43993916890909035     
   7.2000000000000008E-002   5.7603079162253192E-002  0.42577929059777375     
   7.2999999999999995E-002   5.8021734594435062E-002  0.41151435761737942     
   7.3999999999999996E-002   5.8426074031776548E-002  0.39714788962667619     
   7.4999999999999997E-002   5.8815997709571556E-002  0.38268343133667737     
   7.5999999999999998E-002   5.9191409419986969E-002  0.36812455163603647     
   7.6999999999999999E-002   5.9552216535800478E-002  0.35347484271047719     
   7.8000000000000000E-002   5.9898330033254961E-002  0.33873791915647544     
   7.9000000000000001E-002   6.0229664514023777E-002  0.32391741708941174     
   8.0000000000000002E-002   6.0546138226281500E-002  0.30901699324641407     
   8.1000000000000003E-002   6.0847673084874994E-002  0.29404032408411285     
   8.2000000000000003E-002   6.1134194690589720E-002  0.27899110487153012     
   8.3000000000000004E-002   6.1405632348506656E-002  0.26387304877832729     
   8.4000000000000005E-002   6.1661919085445195E-002  0.24868988595863609     
   8.5000000000000006E-002   6.1902991666487786E-002  0.23344536263069879     
   8.6000000000000007E-002   6.2128790610582185E-002  0.21814324015254496     
   8.7000000000000008E-002   6.2339260205217545E-002  0.20278729409393265     
   8.7999999999999995E-002   6.2534348520170618E-002  0.18738131330478300     
   8.8999999999999996E-002   6.2714007420318768E-002  0.17192909898033829     
   8.9999999999999997E-002   6.2878192577516603E-002  0.15643446372327380     
   9.0999999999999998E-002   6.3026863481533260E-002  0.14090123060299523     
   9.1999999999999998E-002   6.3159983450047724E-002  0.12533323221235348     
   9.2999999999999999E-002   6.3277519637699620E-002  0.10973430972200973     
   9.4000000000000000E-002   6.3379443044193323E-002   9.4108311932684041E-002
   9.5000000000000001E-002   6.3465728521453352E-002   7.8459094325521367E-002
   9.6000000000000002E-002   6.3536354779829274E-002   6.2790518110809296E-002
   9.7000000000000003E-002   6.3591304393348605E-002   4.7106449275282153E-002
   9.8000000000000004E-002   6.3630563804016410E-002   3.1410757628246640E-002
   9.9000000000000005E-002   6.3654123325160558E-002   1.5707315846764287E-002
  0.10000000000000001        6.3661977143821713E-002  -1.4798736680532443E-009
  0.10100000000000001        6.3654123322187645E-002  -1.5707318806143213E-002
  0.10200000000000001        6.3630563798071332E-002  -3.1410760586520411E-002
  0.10300000000000001        6.3591304384432834E-002  -4.7106452231714308E-002
  0.10400000000000001        6.3536354767945044E-002  -6.2790521064663832E-002
  0.10500000000000000        6.3465728506603619E-002  -7.8459097276062928E-002
  0.10600000000000000        6.3379443026381779E-002  -9.4108314879178090E-002
  0.10700000000000000        6.3277519616930705E-002 -0.10973431266372274     
  0.10800000000000000        6.3159983426326602E-002 -0.12533323514855313     
  0.10900000000000000        6.3026863454865842E-002 -0.14090123353295053     
  0.11000000000000000        6.2878192547909523E-002 -0.15643446664625535     
  0.11100000000000000        6.2714007387779394E-002 -0.17192910189561841     
  0.11200000000000000        6.2534348484707042E-002 -0.18738131621163595     
  0.11300000000000000        6.2339260166838606E-002 -0.20278729699163475     
  0.11400000000000000        6.2128790569297432E-002 -0.21814324304037486     
  0.11500000000000000        6.1902991622307495E-002 -0.23344536550793754     
  0.11600000000000001        6.1661919038380371E-002 -0.24868988882456741     
  0.11700000000000001        6.1405632298569011E-002 -0.26387305163223773     
  0.11800000000000001        6.1134194637791690E-002 -0.27899110771270919     
  0.11900000000000001        6.0847673029229721E-002 -0.29404032691185322     
  0.12000000000000000        6.0546138167802840E-002 -0.30901699606001176     
  0.12100000000000000        6.0229664452726282E-002 -0.32391741988816630     
  0.12200000000000000        5.9898329969153896E-002 -0.33873792193969016     
  0.12300000000000000        5.9552216468911796E-002 -0.35347484547745917     
  0.12400000000000000        5.9191409350327323E-002 -0.36812455438609687     
  0.12500000000000000        5.8815997637158286E-002 -0.38268343406913152     
  0.12600000000000000        5.8426073956627682E-002 -0.39714789234084386     
  0.12700000000000000        5.8021734516569307E-002 -0.41151436031258493     
  0.12800000000000000        5.7603079081689934E-002 -0.42577929327334607     
  0.12900000000000000        5.7170210948953838E-002 -0.43993917156436346     
  0.13000000000000000        5.6723236922095827E-002 -0.45399050144754100     
  0.13100000000000001        5.6262267285269028E-002 -0.46792981596747807     
  0.13200000000000001        5.5787415775833911E-002 -0.48175367580688888     
  0.13300000000000001        5.5298799556295290E-002 -0.49545867013520251     
  0.13400000000000001        5.4796539185394247E-002 -0.50904141745013431     
  0.13500000000000001        5.4280758588362059E-002 -0.52249856641202108     
  0.13600000000000001        5.3751585026343487E-002 -0.53582679667071376     
  0.13700000000000001        5.3209149064997019E-002 -0.54902281968482458     
  0.13800000000000001        5.2653584542279731E-002 -0.56208337953312504     
  0.13900000000000001        5.2085028535424772E-002 -0.57500525371789579     
  0.14000000000000001        5.1503621327119616E-002 -0.58778525396002990     
  0.14100000000000001        5.0909506370893400E-002 -0.60042022698569308     
  0.14200000000000002        5.0302830255721916E-002 -0.61290705530434653     
  0.14300000000000002        4.9683742669858984E-002 -0.62524265797794121     
  0.14400000000000002        4.9052396363903093E-002 -0.63742399138109329     
  0.14499999999999999        4.8408947113108503E-002 -0.64944804995205319     
  0.14599999999999999        4.7753553678950005E-002 -0.66131186693428268     
  0.14699999999999999        4.7086377769950928E-002 -0.67301251510845816     
  0.14799999999999999        4.6407584001783964E-002 -0.68454710751471781     
  0.14899999999999999        4.5717339856654708E-002 -0.69591279816497575     
  0.14999999999999999        4.5015815641977958E-002 -0.70710678274512739     
  0.15100000000000000        4.4303184448356875E-002 -0.71812629930697147     
  0.15200000000000000        4.3579622106875493E-002 -0.72896862894967995     
  0.15300000000000000        4.2845307145715016E-002 -0.73963109649064562     
  0.15400000000000000        4.2100420746104664E-002 -0.75011107112554387     
  0.15500000000000000        4.1345146697617907E-002 -0.76040596707744390     
  0.15600000000000000        4.0579671352825163E-002 -0.77051324423481060     
  0.15700000000000000        3.9804183581314059E-002 -0.78043040877823922     
  0.15800000000000000        3.9018874723088709E-002 -0.79015501379576780     
  0.15900000000000000        3.8223938541359422E-002 -0.79968465988661630     
  0.16000000000000000        3.7419571174734517E-002 -0.80901699575320241     
  0.16100000000000000        3.6605971088826086E-002 -0.81814971878128950     
  0.16200000000000001        3.5783339027281542E-002 -0.82708057560812209     
  0.16300000000000001        3.4951877962253144E-002 -0.83580736267840938     
  0.16400000000000001        3.4111793044317662E-002 -0.84432792678801949     
  0.16500000000000001        3.3263291551858531E-002 -0.85264016561525025     
  0.16600000000000001        3.2406582839923009E-002 -0.86074202823954604     
  0.16700000000000001        3.1541878288566957E-002 -0.86863151564753138     
  0.16800000000000001        3.0669391250699975E-002 -0.87630668122623756     
  0.16900000000000001        2.9789336999443760E-002 -0.88376563124340057     
  0.17000000000000001        2.8901932675016683E-002 -0.89100652531471092     
  0.17100000000000001        2.8007397231157697E-002 -0.89802757685790091     
  0.17200000000000001        2.7105951381102771E-002 -0.90482705353355741     
  0.17300000000000001        2.6197817543127201E-002 -0.91140327767255025     
  0.17400000000000002        2.5283219785667235E-002 -0.91775462668997232     
  0.17500000000000002        2.4362383772034531E-002 -0.92387953348548790     
  0.17599999999999999        2.3435536704737119E-002 -0.92977648682999137     
  0.17699999999999999        2.2502907269420575E-002 -0.93544403173848034     
  0.17799999999999999        2.1564725578443265E-002 -0.94088076982905133     
  0.17899999999999999        2.0621223114099561E-002 -0.94608535966792962     
  0.17999999999999999        1.9672632671505048E-002 -0.95105651710044803     
  0.18099999999999999        1.8719188301157815E-002 -0.95579301556789298     
  0.18200000000000000        1.7761125251189995E-002 -0.96029368641013912     
  0.18300000000000000        1.6798679909323808E-002 -0.96455741915399906     
  0.18400000000000000        1.5832089744546432E-002 -0.96858316178721593     
  0.18500000000000000        1.4861593248518074E-002 -0.97236992101803166     
  0.18600000000000000        1.3887429876727730E-002 -0.97591676252026682     
  0.18700000000000000        1.2909839989411125E-002 -0.97922281116385168     
  0.18800000000000000        1.1929064792245418E-002 -0.98228725123075133     
  0.18900000000000000        1.0945346276835312E-002 -0.98510932661623218     
  0.19000000000000000        9.9589271610052450E-003 -0.98768834101541925     
  0.19100000000000000        8.9700508289124025E-003 -0.99002365809509896     
  0.19200000000000000        7.9789612709953144E-003 -0.99211470165072502     
  0.19300000000000000        6.9859030237728664E-003 -0.99396095574858800     
  0.19400000000000001        5.9911211095085726E-003 -0.99556196485311466     
  0.19500000000000001        4.9948609757549996E-003 -0.99691733393926407     
  0.19600000000000001        3.9973684347932538E-003 -0.99802672858999453     
  0.19700000000000001        2.9988896029824802E-003 -0.99888987507877569     
  0.19800000000000001        1.9996708400343332E-003 -0.99950656043712671     
  0.19900000000000001        9.9995868822740411E-004 -0.99987663250716285     
  0.20000000000000001       -1.8842339862858160E-010 -0.99999999997913813     
  0.20100000000000001       -9.9995906502750196E-004 -0.99987663241397484     
  0.20200000000000001       -1.9996712166943445E-003 -0.99950656025077389     
  0.20300000000000001       -2.9988899794090528E-003 -0.99888987479930413     
  0.20400000000000001       -3.9973688108930934E-003 -0.99802672821747351     
  0.20500000000000002       -4.9948613514348931E-003 -0.99691733347378586     
  0.20600000000000002       -5.9911214846754112E-003 -0.99556196429479471     
  0.20700000000000002       -6.9859033983336672E-003 -0.99396095509756466     
  0.20800000000000002       -7.9789616448572454E-003 -0.99211470090715959     
  0.20899999999999999       -8.9700512019828052E-003 -0.99002365725917585     
  0.20999999999999999       -9.9589275331916569E-003 -0.98768834008734552     
  0.21099999999999999       -1.0945346648045489E-002 -0.98510932559623787     
  0.21199999999999999       -1.1929065162387358E-002 -0.98228725011908924     
  0.21299999999999999       -1.2909840358393092E-002 -0.97922280996079725     
  0.21400000000000000       -1.3887430244458274E-002 -0.97591676122611826     
  0.21500000000000000       -1.4861593614906056E-002 -0.97236991963310970     
  0.21600000000000000       -1.5832090109501047E-002 -0.96858316031186387     
  0.21700000000000000       -1.6798680272754603E-002 -0.96455741758858249     
  0.21800000000000000       -1.7761125613006898E-002 -0.96029368475504606     
  0.21900000000000000       -1.8719188661271150E-002 -0.95579301382353365     
  0.22000000000000000       -1.9672633029825567E-002 -0.95105651526725477     
  0.22100000000000000       -2.0621223470538456E-002 -0.94608535774635671     
  0.22200000000000000       -2.1564725932912195E-002 -0.94088076781957508     
  0.22300000000000000       -2.2502907621831689E-002 -0.93544402964159878     
  0.22400000000000000       -2.3435537055003074E-002 -0.92977648464622420     
  0.22500000000000001       -2.4362384120068515E-002 -0.92387953121537625     
  0.22600000000000001       -2.5283220131382990E-002 -0.91775462433407884     
  0.22700000000000001       -2.6197817886439042E-002 -0.91140327523145881     
  0.22800000000000001       -2.7105951721925609E-002 -0.90482705100787308     
  0.22900000000000001       -2.8007397569407066E-002 -0.89802757424824964     
  0.23000000000000001       -2.8901933010608748E-002 -0.89100652262173941     
  0.23100000000000001       -2.9789337332295347E-002 -0.88376562846777629     
  0.23200000000000001       -3.0669391580728591E-002 -0.87630667836864840     
  0.23300000000000001       -3.1541878615690806E-002 -0.86863151270868555     
  0.23400000000000001       -3.2406583164061017E-002 -0.86074202522017196     
  0.23500000000000001       -3.3263291872930360E-002 -0.85264016251609620     
  0.23600000000000002       -3.4111793362243736E-002 -0.84432792360985354     
  0.23700000000000002       -3.4951878276954666E-002 -0.83580735942201934     
  0.23800000000000002       -3.5783339338680518E-002 -0.82708057227431497     
  0.23900000000000002       -3.6605971396845342E-002 -0.81814971537089143     
  0.23999999999999999       -3.7419571479297711E-002 -0.80901699226705870     
  0.24099999999999999       -3.8223938842391066E-002 -0.79968465632559094     
  0.24199999999999999       -3.9018875020514196E-002 -0.79015501016074341     
  0.24299999999999999       -3.9804183875059670E-002 -0.78043040507011663     
  0.24399999999999999       -4.0579671642818095E-002 -0.77051324045450886     
  0.24500000000000000       -4.1345146983786288E-002 -0.76040596322589993     
  0.24600000000000000       -4.2100421028377570E-002 -0.75011106720371223     
  0.24700000000000000       -4.2845307424022490E-002 -0.73963109249949832     
  0.24800000000000000       -4.3579622381148556E-002 -0.72896862489020608     
  0.24900000000000000       -4.4303184718527552E-002 -0.71812629518017723     
  0.25000000000000000       -4.5015815907979290E-002 -0.70710677855203552     
  0.25100000000000000       -4.5717340118420768E-002 -0.69591279390662553     
  0.25200000000000000       -4.6407584259249873E-002 -0.68454710319216461     
  0.25300000000000000       -4.7086378023052877E-002 -0.67301251072277335     
  0.25400000000000000       -4.7753553927625259E-002 -0.66131186248655316     
  0.25500000000000000       -4.8408947357295430E-002 -0.64944804544338119     
  0.25600000000000001       -4.9052396603541173E-002 -0.63742398681259638     
  0.25700000000000001       -4.9683742904888820E-002 -0.62524265335075158     
  0.25800000000000001       -5.0302830486085262E-002 -0.61290705061961104     
  0.25900000000000001       -5.0909506596533163E-002 -0.60042022224457281     
  0.26000000000000001       -5.1503621547979876E-002 -0.58778524916369979     
  0.26100000000000001       -5.2085028751450789E-002 -0.57500524886754456     
  0.26200000000000001       -5.2653584753417963E-002 -0.56208337462995484     
  0.26300000000000001       -5.3209149271195133E-002 -0.54902281473005066     
  0.26400000000000001       -5.3751585227550379E-002 -0.53582679166556402     
  0.26500000000000001       -5.4280758784527858E-002 -0.52249856135773598     
  0.26600000000000001       -5.4796539376470339E-002 -0.50904141234796663     
  0.26700000000000002       -5.5298799742234311E-002 -0.49545866498641672     
  0.26800000000000002       -5.5787415956589780E-002 -0.48175367061276109     
  0.26900000000000002       -5.6262267460796947E-002 -0.46792981072929557     
  0.27000000000000002       -5.6723237092352288E-002 -0.45399049616660198     
  0.27100000000000002       -5.7170211113896648E-002 -0.43993916624197676     
  0.27200000000000002       -5.7603079241278214E-002 -0.42577928791083081     
  0.27300000000000002       -5.8021734670763499E-002 -0.41151435491127014     
  0.27400000000000002       -5.8426074105389567E-002 -0.39714788690206826     
  0.27500000000000002       -5.8815997780450997E-002 -0.38268342859424304     
  0.27600000000000002       -5.9191409488115347E-002 -0.36812454887645241     
  0.27700000000000002       -5.9552216601160980E-002 -0.35347483993442425     
  0.27800000000000002       -5.9898330095831460E-002 -0.33873791636463857     
  0.27900000000000003       -6.0229664573800828E-002 -0.32391741428247978     
  0.28000000000000003       -6.0546138283244365E-002 -0.30901699042507963     
  0.28100000000000003       -6.0847673139009614E-002 -0.29404032124907203     
  0.28200000000000003       -6.1134194741882739E-002 -0.27899110202348243     
  0.28300000000000003       -6.1405632396945416E-002 -0.26387304591797545     
  0.28400000000000003       -6.1661919131017748E-002 -0.24868988308668583     
  0.28500000000000003       -6.1902991709182884E-002 -0.23344535974785871     
  0.28600000000000003       -6.2128790650389294E-002 -0.21814323725952636     
  0.28700000000000003       -6.2339260242126847E-002 -0.20278729119144934     
  0.28800000000000003       -6.2534348554173003E-002 -0.18738131039355113     
  0.28899999999999998       -6.2714007451405845E-002 -0.17192909606107615     
  0.28999999999999998       -6.2878192605680699E-002 -0.15643446079670170     
  0.29099999999999998       -6.3026863506767436E-002 -0.14090122766983526     
  0.29199999999999998       -6.3159983472345749E-002 -0.12533322927332935     
  0.29299999999999998       -6.3277519657055983E-002 -0.10973430677784660     
  0.29399999999999998       -6.3379443060603252E-002  -9.4108308984108324E-002
  0.29499999999999998       -6.3465728534912808E-002  -7.8459091373260598E-002
  0.29599999999999999       -6.3536354790334926E-002  -6.2790515155591892E-002
  0.29699999999999999       -6.3591304400897858E-002  -4.7106446317837267E-002
  0.29799999999999999       -6.3630563808607418E-002  -3.1410754669303979E-002
  0.29899999999999999       -6.3654123326792170E-002  -1.5707312887053928E-002
  0.29999999999999999       -6.3661977142493539E-002   4.4396214621267305E-009
  0.30099999999999999       -6.3654123317900019E-002   1.5707321765198165E-002
  0.30199999999999999       -6.3630563790825309E-002   3.1410763544152433E-002
  0.30299999999999999       -6.3591304374230204E-002   4.7106455187193641E-002
  0.30399999999999999       -6.3536354754788305E-002   6.2790524017261262E-002
  0.30499999999999999       -6.3465728490496032E-002   7.8459100225049941E-002
  0.30599999999999999       -6.3379443007327313E-002   9.4108317823827059E-002
  0.30700000000000000       -6.3277519594934051E-002  0.10973431560330713     
  0.30800000000000000       -6.3159983401393199E-002  0.12533323808234761     
  0.30900000000000000       -6.3026863427001839E-002  0.14090123646023126     
  0.31000000000000000       -6.2878192517121789E-002  0.15643446956630006     
  0.31100000000000000       -6.2714007354075535E-002  0.17192910480770662     
  0.31200000000000000       -6.2534348448095384E-002  0.18738131911504916     
  0.31300000000000000       -6.2339260127328169E-002  0.20278729988565658     
  0.31400000000000000       -6.2128790526897966E-002  0.21814324592429124     
  0.31500000000000000       -6.1902991577029463E-002  0.23344536838103691     
  0.31600000000000000       -6.1661918990234946E-002  0.24868989168614089     
  0.31700000000000000       -6.1405632247568072E-002  0.26387305448157927     
  0.31800000000000000       -6.1134194583947817E-002  0.27899111054911574     
  0.31900000000000001       -6.0847672972556201E-002  0.29404032973462496     
  0.32000000000000001       -6.0546138108313656E-002  0.30901699886845224     
  0.32100000000000001       -6.0229664390436109E-002  0.32391742268158252     
  0.32200000000000001       -5.9898329904078104E-002  0.33873792471739289     
  0.32300000000000001       -5.9552216401066442E-002  0.35347484823876307     
  0.32400000000000001       -5.9191409279729150E-002  0.36812455713032061     
  0.32500000000000001       -5.8815997563824711E-002  0.38268343679559802     
  0.32600000000000001       -5.8426073880576794E-002  0.39714789504888037     
  0.32700000000000001       -5.8021734437819876E-002  0.41151436300152333     
  0.32800000000000001       -5.7603079000261390E-002  0.42577929594252295     
  0.32900000000000001       -5.7170210864866268E-002  0.43993917421312018     
  0.33000000000000002       -5.6723236835369985E-002  0.45399050407522401     
  0.33100000000000002       -5.6262267195926308E-002  0.46792981857343907     
  0.33200000000000002       -5.5787415683896356E-002  0.48175367839048489     
  0.33300000000000002       -5.5298799461785585E-002  0.49545867269579602     
  0.33400000000000002       -5.4796539088335712E-002  0.50904141998709351     
  0.33500000000000002       -5.4280758488778641E-002  0.52249856892472002     
  0.33600000000000002       -5.3751584924259764E-002  0.53582679915853260     
  0.33700000000000002       -5.3209148960438178E-002  0.54902282214714937     
  0.33800000000000002       -5.2653584435271565E-002  0.56208338196934826     
  0.33900000000000002       -5.2085028425993683E-002  0.57500525612741638     
  0.34000000000000002       -5.1503621215292603E-002  0.58778525634225331     
  0.34100000000000003       -5.0909506256698059E-002  0.60042022934003147     
  0.34200000000000003       -5.0302830139186426E-002  0.61290705763021902     
  0.34300000000000003       -4.9683742551012093E-002  0.62524266027477393     
  0.34400000000000003       -4.9052396242774132E-002  0.63742399364831959     
  0.34500000000000003       -4.8408946989727350E-002  0.64944805218911361     
  0.34600000000000003       -4.7753553553347108E-002  0.66131186914062534     
  0.34700000000000003       -4.7086377642157277E-002  0.67301251728353861     
  0.34800000000000003       -4.6407583871831082E-002  0.68454710965799936     
  0.34900000000000003       -4.5717339724574667E-002  0.69591280027592961     
  0.35000000000000003       -4.5015815507803342E-002  0.70710678482323264     
  0.35100000000000003       -4.4303184312120797E-002  0.71812630135171540     
  0.35199999999999998       -4.3579621968611565E-002  0.72896863096055808     
  0.35299999999999998       -4.2845307005457349E-002  0.73963109846716180     
  0.35399999999999998       -4.2100420603887863E-002  0.75011107306721048     
  0.35499999999999998       -4.1345146553477069E-002  0.76040596898378177     
  0.35599999999999998       -4.0579671206795849E-002  0.77051324610534944     
  0.35699999999999998       -3.9804183433432304E-002  0.78043041061251750     
  0.35799999999999998       -3.9018874573390996E-002  0.79015501559333301     
  0.35899999999999999       -3.8223938389882681E-002  0.79968466164702479     
  0.35999999999999999       -3.7419571021516128E-002  0.80901699747601985     
  0.36099999999999999       -3.6605970933903852E-002  0.81814972046609091     
  0.36199999999999999       -3.5783338870693689E-002  0.82708057725449180     
  0.36299999999999999       -3.4951877804038307E-002  0.83580736428594105     
  0.36399999999999999       -3.4111792884514880E-002  0.84432792835631643     
  0.36499999999999999       -3.3263291390507231E-002  0.85264016714392565     
  0.36599999999999999       -3.2406582677062999E-002  0.86074202972822267     
  0.36699999999999999       -3.1541878124238421E-002  0.86863151709584185     
  0.36799999999999999       -3.0669391084943459E-002  0.87630668263382461     
  0.36899999999999999       -2.9789336832300162E-002  0.88376563260991681     
  0.37000000000000000       -2.8901932506527245E-002  0.89100652663981916     
  0.37100000000000000       -2.8007397061363994E-002  0.89802757814127432     
  0.37200000000000000       -2.7105951210046695E-002  0.90482705477487924     
  0.37300000000000000       -2.6197817370850959E-002  0.91140327887151429     
  0.37400000000000000       -2.5283219612213331E-002  0.91775462784628270     
  0.37500000000000000       -2.4362383597445764E-002  0.92387953459885941     
  0.37600000000000000       -2.3435536529056566E-002  0.92977648790014933     
  0.37700000000000000       -2.2502907092691579E-002  0.93544403276516064     
  0.37800000000000000       -2.1564725400709434E-002  0.94088077081200061     
  0.37900000000000000       -2.0621222935404748E-002  0.94608536060690540     
  0.38000000000000000       -1.9672632491893341E-002  0.95105651799521862     
  0.38100000000000001       -1.8719188120673531E-002  0.95579301641823755     
  0.38200000000000001       -1.7761125069877669E-002  0.96029368721584785     
  0.38300000000000001       -1.6798679727228174E-002  0.96455741991487320     
  0.38400000000000001       -1.5832089561712420E-002  0.96858316250306775     
  0.38500000000000001       -1.4861593064990795E-002  0.97236992168868452     
  0.38600000000000001       -1.3887429692552468E-002  0.97591676314555531     
  0.38700000000000001       -1.2909839804633323E-002  0.97922281174362147     
  0.38800000000000001       -1.1929064606910665E-002  0.98228725176485943     
  0.38900000000000001       -1.0945346090989337E-002  0.98510932710454679     
  0.39000000000000001       -9.9589269746939036E-003  0.98768834145781981     
  0.39100000000000001       -8.9700506421816640E-003  0.99002365849147633     
  0.39200000000000002       -7.9789610838912513E-003  0.99211470200098140     
  0.39300000000000002       -6.9859028363416439E-003  0.99396095605263701     
  0.39400000000000002       -5.9911209217964360E-003  0.99556196511088124     
  0.39500000000000002       -4.9948607878082642E-003  0.99691733415068462     
  0.39600000000000002       -3.9973682466582930E-003  0.99802672875501697     
  0.39700000000000002       -2.9988894147057136E-003  0.99888987519735928     
  0.39800000000000002       -1.9996706516622158E-003  0.99950656050924214     
  0.39900000000000002       -9.9995849980641306E-004  0.99987663253279224     
  0.40000000000000002        3.7684677275419409E-010  0.99999999995827527     
  0.40100000000000002        9.9995925340676858E-004  0.99987663234662483     
  0.40200000000000002        1.9996714049830243E-003  0.99950656013695327     
  0.40300000000000002        2.9988901675606881E-003  0.99888987463904111     
  0.40400000000000003        3.9973689988612605E-003  0.99802672801080761     
  0.40500000000000003        4.9948615391732136E-003  0.99691733322076814     
  0.40600000000000003        5.9911216721375629E-003  0.99556196399548746     
  0.40700000000000003        6.9859035854733971E-003  0.99396095475204183     
  0.40800000000000003        7.9789618316283804E-003  0.99211470051550643     
  0.40900000000000003        8.9700513883392615E-003  0.99002365682148896     
  0.41000000000000003        9.9589277190874539E-003  0.98768833960373292     
  0.41100000000000003        1.0945346833434759E-002  0.98510932506681892     
  0.41200000000000003        1.1929065347224359E-002  0.98228724954399449     
  0.41300000000000003        1.2909840542632219E-002  0.97922280934016870     
  0.41400000000000003        1.3887430428054069E-002  0.97591676056010901     
  0.41500000000000004        1.4861593797813218E-002  0.97236991892188407     
  0.41600000000000004        1.5832090291674445E-002  0.96858315955559726     
  0.41699999999999998        1.6798680454149294E-002  0.96455741678746165     
  0.41799999999999998        1.7761125793578122E-002  0.96029368390926861     
  0.41899999999999998        1.8719188840974357E-002  0.95579301293330821     
  0.41999999999999998        1.9672633208616414E-002  0.95105651433280103     
  0.42099999999999999        2.0621223648372832E-002  0.94608535676790517     
  0.42199999999999999        2.1564726109746222E-002  0.94088076679736710     
  0.42299999999999999        2.2502907797621732E-002  0.93544402857588660     
  0.42399999999999999        2.3435537229705761E-002  0.92977648353727071     
  0.42499999999999999        2.4362384293640741E-002  0.92387953006345513     
  0.42599999999999999        2.5283220303781929E-002  0.91775462313947431     
  0.42699999999999999        2.6197818057622158E-002  0.91140327399446575     
  0.42799999999999999        2.7105951891850666E-002  0.90482704972879657     
  0.42899999999999999        2.8007397738032135E-002  0.89802757292740532     
  0.42999999999999999        2.8901933177892226E-002  0.89100652125945323     
  0.43099999999999999        2.9789337498195959E-002  0.88376562706438433     
  0.43200000000000000        3.0669391745205402E-002  0.87630667692449693     
  0.43300000000000000        3.1541878778703236E-002  0.86863151122413085     
  0.43400000000000000        3.2406583325568845E-002  0.86074202369558039     
  0.43500000000000000        3.3263292032893736E-002  0.85264016095184392     
  0.43600000000000000        3.4111793520623192E-002  0.84432792200632645     
  0.43700000000000000        3.4951878433711121E-002  0.83580735777961312     
  0.43800000000000000        3.5783339493775296E-002  0.82708057059343487     
  0.43900000000000000        3.6605971550240174E-002  0.81814971365195222     
  0.44000000000000000        3.7419571630954752E-002  0.80901699051048437     
  0.44100000000000000        3.8223938992272895E-002  0.79968465453181503     
  0.44200000000000000        3.9018875168583836E-002  0.79015500833020846     
  0.44300000000000000        3.9804184021280588E-002  0.78043040320327428     
  0.44400000000000001        4.0579671787154208E-002  0.77051323855181975     
  0.44500000000000001        4.1345147126201985E-002  0.76040596128783344     
  0.44600000000000001        4.2100421168837707E-002  0.75011106523074667     
  0.44700000000000001        4.2845307562492413E-002  0.73963109049212039     
  0.44800000000000001        4.3579622517594105E-002  0.72896862284891117     
  0.44900000000000001        4.4303184852915053E-002  0.71812629310546894     
  0.45000000000000001        4.5015816040275589E-002  0.70710677644442577     
  0.45100000000000001        4.5717340248593225E-002  0.69591279176663434     
  0.45200000000000001        4.6407584387266367E-002  0.68454710102031990     
  0.45300000000000001        4.7086378148881822E-002  0.67301250851961103     
  0.45400000000000001        4.7753554051235610E-002  0.66131186025261679     
  0.45500000000000002        4.8408947478656685E-002  0.64944804317922200     
  0.45600000000000002        4.9052396722623390E-002  0.63742398451877302     
  0.45700000000000002        4.9683743021662619E-002  0.62524265102783005     
  0.45800000000000002        5.0302830600521833E-002  0.61290704826816444     
  0.45900000000000002        5.0909506708604266E-002  0.60042021986518135     
  0.46000000000000002        5.1503621657657858E-002  0.58778524675695065     
  0.46100000000000002        5.2085028858708589E-002  0.57500524643403150     
  0.46200000000000002        5.2653584858229116E-002  0.56208337217027826     
  0.46300000000000002        5.3209149373533784E-002  0.54902281224481742     
  0.46400000000000002        5.3751585327391271E-002  0.53582678915538740     
  0.46500000000000002        5.4280758881846358E-002  0.52249855882323526     
  0.46600000000000003        5.4796539471242439E-002  0.50904140978976720     
  0.46700000000000003        5.5298799834436627E-002  0.49545866240514980     
  0.46800000000000003        5.5787416046199564E-002  0.48175366800906350     
  0.46900000000000003        5.6262267547792087E-002  0.46792980810380974     
  0.47000000000000003        5.6723237176711322E-002  0.45399049351997578     
  0.47100000000000003        5.7170211195598751E-002  0.43993916357486318     
  0.47200000000000003        5.7603079320303230E-002  0.42577928522388792     
  0.47300000000000003        5.8021734747091935E-002  0.41151435220516086     
  0.47400000000000003        5.8426074179002592E-002  0.39714788417746033     
  0.47500000000000003        5.8815997851330445E-002  0.38268342585180870     
  0.47600000000000003        5.9191409556243725E-002  0.36812454611686829     
  0.47700000000000004        5.9552216666521482E-002  0.35347483715837125     
  0.47800000000000004        5.9898330158407960E-002  0.33873791357280164     
  0.47900000000000004        6.0229664633577887E-002  0.32391741147554776     
  0.47999999999999998        6.0546138340207230E-002  0.30901698760374507     
  0.48099999999999998        6.0847673193144228E-002  0.29404031841403105     
  0.48199999999999998        6.1134194793175750E-002  0.27899109917543458     
  0.48299999999999998        6.1405632445384169E-002  0.26387304305762338     
  0.48399999999999999        6.1661919176590287E-002  0.24868988021473531     
  0.48499999999999999        6.1902991751877967E-002  0.23344535686501838     
  0.48599999999999999        6.2128790690196389E-002  0.21814323436650754     
  0.48699999999999999        6.2339260279036128E-002  0.20278728828896583     
  0.48799999999999999        6.2534348588175373E-002  0.18738130748231907     
  0.48899999999999999        6.2714007482492909E-002  0.17192909314181384     
  0.48999999999999999        6.2878192633844796E-002  0.15643445787012941     
  0.49099999999999999        6.3026863532001598E-002  0.14090122473667507     
  0.49199999999999999        6.3159983494643759E-002  0.12533322633430499     
  0.49299999999999999        6.3277519676412347E-002  0.10973430383368322     
  0.49399999999999999        6.3379443077013195E-002   9.4108306035532385E-002
  0.49500000000000000        6.3465728548372263E-002   7.8459088420999593E-002
  0.49600000000000000        6.3536354800840578E-002   6.2790512200374252E-002
  0.49700000000000000        6.3591304408447125E-002   4.7106443360392145E-002
  0.49800000000000000        6.3630563813198426E-002   3.1410751710361076E-002
  0.49900000000000000        6.3654123328423795E-002   1.5707309927343316E-002
  0.50000000000000000        6.3661977141165380E-002  -7.3993695164087381E-009
  0.50100000000000000        6.3654123313612393E-002  -1.5707324724253388E-002
  0.50200000000000000        6.3630563783579272E-002  -3.1410766501784718E-002
  0.50300000000000000        6.3591304364027545E-002  -4.7106458142673238E-002
  0.50400000000000000        6.3536354741631551E-002  -6.2790526969858956E-002
  0.50500000000000000        6.3465728474388416E-002  -7.8459103174037217E-002
  0.50600000000000001        6.3379442988272819E-002  -9.4108320768476306E-002
  0.50700000000000001        6.3277519572937382E-002 -0.10973431854289178     
  0.50800000000000001        6.3159983376459783E-002 -0.12533324101614238     
  0.50900000000000001        6.3026863399137822E-002 -0.14090123938751228     
  0.51000000000000001        6.2878192486334056E-002 -0.15643447248634507     
  0.51100000000000001        6.2714007320371676E-002 -0.17192910771979514     
  0.51200000000000001        6.2534348411483712E-002 -0.18738132201846264     
  0.51300000000000001        6.2339260087817719E-002 -0.20278730277967869     
  0.51400000000000001        6.2128790484498493E-002 -0.21814324880820790     
  0.51500000000000001        6.1902991531751425E-002 -0.23344537125413659     
  0.51600000000000001        6.1661918942089514E-002 -0.24868989454771467     
  0.51700000000000002        6.1405632196567125E-002 -0.26387305733092109     
  0.51800000000000002        6.1134194530103936E-002 -0.27899111338552257     
  0.51900000000000002        6.0847672915882674E-002 -0.29404033255739698     
  0.52000000000000002        6.0546138048824465E-002 -0.30901700167689294     
  0.52100000000000002        6.0229664328145936E-002 -0.32391742547499902     
  0.52200000000000002        5.9898329839002312E-002 -0.33873792749509590     
  0.52300000000000002        5.9552216333221088E-002 -0.35347485100006726     
  0.52400000000000002        5.9191409209130970E-002 -0.36812455987454468     
  0.52500000000000002        5.8815997490491129E-002 -0.38268343952206491     
  0.52600000000000002        5.8426073804525906E-002 -0.39714789775691733     
  0.52700000000000002        5.8021734359070445E-002 -0.41151436569046218     
  0.52800000000000002        5.7603078918832845E-002 -0.42577929861170022     
  0.52900000000000003        5.7170210780778705E-002 -0.43993917686187733     
  0.53000000000000003        5.6723236748644150E-002 -0.45399050670290753     
  0.53100000000000003        5.6262267106583601E-002 -0.46792982117940052     
  0.53200000000000003        5.5787415591958815E-002 -0.48175368097408128     
  0.53300000000000003        5.5298799367275900E-002 -0.49545867525638992     
  0.53400000000000003        5.4796538991277198E-002 -0.50904142252405316     
  0.53500000000000003        5.4280758389195244E-002 -0.52249857143741940     
  0.53600000000000003        5.3751584822176054E-002 -0.53582680164635177     
  0.53700000000000003        5.3209148855879344E-002 -0.54902282460947449     
  0.53800000000000003        5.2653584328263406E-002 -0.56208338440557182     
  0.53900000000000003        5.2085028316562601E-002 -0.57500525853693718     
  0.54000000000000004        5.1503621103465604E-002 -0.58778525872447696     
  0.54100000000000004        5.0909506142502725E-002 -0.60042023169437020     
  0.54200000000000004        5.0302830022650936E-002 -0.61290705995609185     
  0.54300000000000004        4.9683742432165202E-002 -0.62524266257160699     
  0.54400000000000004        4.9052396121645164E-002 -0.63742399591554622     
  0.54500000000000004        4.8408946866346197E-002 -0.64944805442617437     
  0.54600000000000004        4.7753553427744205E-002 -0.66131187134696834     
  0.54700000000000004        4.7086377514363613E-002 -0.67301251945861940     
  0.54800000000000004        4.6407583741878193E-002 -0.68454711180128125     
  0.54900000000000004        4.5717339592494619E-002 -0.69591280238688380     
  0.55000000000000004        4.5015815373628719E-002 -0.70710678690133832     
  0.55100000000000005        4.4303184175884705E-002 -0.71812630339645989     
  0.55200000000000005        4.3579621830347616E-002 -0.72896863297143677     
  0.55300000000000005        4.2845306865199662E-002 -0.73963110044367864     
  0.55400000000000005        4.2100420461671041E-002 -0.75011107500887764     
  0.55500000000000005        4.1345146409336203E-002 -0.76040597089012030     
  0.55600000000000005        4.0579671060766508E-002 -0.77051324797588894     
  0.55700000000000005        3.9804183285550514E-002 -0.78043041244679645     
  0.55800000000000005        3.9018874423693249E-002 -0.79015501739089877     
  0.55900000000000005        3.8223938238405912E-002 -0.79968466340743383     
  0.56000000000000005        3.7419570868297711E-002 -0.80901699919883785     
  0.56100000000000005        3.6605970778981589E-002 -0.81814972215089277     
  0.56200000000000006        3.5783338714105800E-002 -0.82708057890086184     
  0.56300000000000006        3.4951877645823436E-002 -0.83580736589347304     
  0.56400000000000006        3.4111792724712063E-002 -0.84432792992461381     
  0.56500000000000006        3.3263291229155896E-002 -0.85264016867260140     
  0.56600000000000006        3.2406582514202961E-002 -0.86074203121689963     
  0.56700000000000006        3.1541877959909863E-002 -0.86863151854415277     
  0.56800000000000006        3.0669390919186922E-002 -0.87630668404141210     
  0.56900000000000006        2.9789336665156544E-002 -0.88376563397643360     
  0.57000000000000006        2.8901932338037787E-002 -0.89100652796492807     
  0.57100000000000006        2.8007396891570266E-002 -0.89802757942464828     
  0.57200000000000006        2.7105951038990592E-002 -0.90482705601620173     
  0.57300000000000006        2.6197817198574686E-002 -0.91140328007047899     
  0.57400000000000007        2.5283219438759396E-002 -0.91775462900259375     
  0.57500000000000007        2.4362383422856963E-002 -0.92387953571223147     
  0.57600000000000007        2.3435536353375974E-002 -0.92977648897030774     
  0.57699999999999996        2.2502906915962548E-002 -0.93544403379184138     
  0.57799999999999996        2.1564725222975565E-002 -0.94088077179495033     
  0.57899999999999996        2.0621222756709894E-002 -0.94608536154588152     
  0.57999999999999996        1.9672632312281595E-002 -0.95105651888998954     
  0.58099999999999996        1.8719187940189209E-002 -0.95579301726858246     
  0.58199999999999996        1.7761124888565301E-002 -0.96029368802155701     
  0.58299999999999996        1.6798679545132499E-002 -0.96455742067574779     
  0.58399999999999996        1.5832089378878363E-002 -0.96858316321892002     
  0.58499999999999996        1.4861592881463472E-002 -0.97236992235933783     
  0.58599999999999997        1.3887429508377160E-002 -0.97591676377084413     
  0.58699999999999997        1.2909839619855472E-002 -0.97922281232339159     
  0.58799999999999997        1.1929064421575864E-002 -0.98228725229896774     
  0.58899999999999997        1.0945345905143315E-002 -0.98510932759286152     
  0.58999999999999997        9.9589267883825137E-003 -0.98768834190022059     
  0.59099999999999997        8.9700504554508769E-003 -0.99002365888785393     
  0.59199999999999997        7.9789608967871396E-003 -0.99211470235123800     
  0.59299999999999997        6.9859026489103720E-003 -0.99396095635668624     
  0.59399999999999997        5.9911207340842508E-003 -0.99556196536864805     
  0.59499999999999997        4.9948605998614802E-003 -0.99691733436210550     
  0.59599999999999997        3.9973680585232837E-003 -0.99802672892003963     
  0.59699999999999998        2.9988892264288984E-003 -0.99888987531594309     
  0.59799999999999998        1.9996704632900490E-003 -0.99950656058135778     
  0.59899999999999998        9.9995831138537257E-004 -0.99987663255842196     
  0.59999999999999998       -5.6527019675310652E-010 -0.99999999993741273     
  0.60099999999999998       -9.9995944178608550E-004 -0.99987663227927526     
  0.60199999999999998       -1.9996715932717544E-003 -0.99950656002313321     
  0.60299999999999998       -2.9988903557123742E-003 -0.99888987447877864     
  0.60399999999999998       -3.9973691868294787E-003 -0.99802672780414226     
  0.60499999999999998       -4.9948617269115862E-003 -0.99691733296775087     
  0.60599999999999998       -5.9911218595997684E-003 -0.99556196369618077     
  0.60699999999999998       -6.9859037726131817E-003 -0.99396095440651955     
  0.60799999999999998       -7.9789620183995692E-003 -0.99211470012385383     
  0.60899999999999999       -8.9700515746957716E-003 -0.99002365638380263     
  0.60999999999999999       -9.9589279049833047E-003 -0.98768833912012088     
  0.61099999999999999       -1.0945347018824084E-002 -0.98510932453740041     
  0.61199999999999999       -1.1929065532061418E-002 -0.98228724896890018     
  0.61299999999999999       -1.2909840726871404E-002 -0.97922280871954048     
  0.61399999999999999       -1.3887430611649921E-002 -0.97591675989409998     
  0.61499999999999999       -1.4861593980720440E-002 -0.97236991821065866     
  0.61599999999999999       -1.5832090473847909E-002 -0.96858315879933099     
  0.61699999999999999       -1.6798680635544048E-002 -0.96455741598634093     
  0.61799999999999999       -1.7761125974149410E-002 -0.96029368306349117     
  0.61899999999999999       -1.8719189020677623E-002 -0.95579301204308276     
  0.62000000000000000       -1.9672633387407323E-002 -0.95105651339834718     
  0.62100000000000000       -2.0621223826207267E-002 -0.94608535578945352     
  0.62200000000000000       -2.1564726286580307E-002 -0.94088076577515911     
  0.62300000000000000       -2.2502907973411836E-002 -0.93544402751017453     
  0.62400000000000000       -2.3435537404408509E-002 -0.92977648242831745     
  0.62500000000000000       -2.4362384467213029E-002 -0.92387952891153435     
  0.62600000000000000       -2.5283220476180930E-002 -0.91775462194487023     
  0.62700000000000000       -2.6197818228805337E-002 -0.91140327275747302     
  0.62800000000000000       -2.7105952061775785E-002 -0.90482704844972039     
  0.62900000000000000       -2.8007397906657266E-002 -0.89802757160656133     
  0.63000000000000000       -2.8901933345175764E-002 -0.89100651989716728     
  0.63100000000000001       -2.9789337664096627E-002 -0.88376562566099259     
  0.63200000000000001       -3.0669391909682271E-002 -0.87630667548034569     
  0.63300000000000001       -3.1541878941715722E-002 -0.86863150973957648     
  0.63400000000000001       -3.2406583487076722E-002 -0.86074202217098905     
  0.63500000000000001       -3.3263292192857161E-002 -0.85264015938759186     
  0.63600000000000001       -3.4111793679002696E-002 -0.84432792040279958     
  0.63700000000000001       -3.4951878590467625E-002 -0.83580735613720702     
  0.63800000000000001       -3.5783339648870122E-002 -0.82708056891255477     
  0.63900000000000001       -3.6605971703635054E-002 -0.81814971193301289     
  0.64000000000000001       -3.7419571782611842E-002 -0.80901698875391004     
  0.64100000000000001       -3.8223939142154773E-002 -0.79968465273803901     
  0.64200000000000002       -3.9018875316653517E-002 -0.79015500649967341     
  0.64300000000000002       -3.9804184167501540E-002 -0.78043040133643182     
  0.64400000000000002       -4.0579671931490355E-002 -0.77051323664913052     
  0.64500000000000002       -4.1345147268617717E-002 -0.76040595934976696     
  0.64600000000000002       -4.2100421309297885E-002 -0.75011106325778099     
  0.64700000000000002       -4.2845307700962385E-002 -0.73963108848474246     
  0.64800000000000002       -4.3579622654039696E-002 -0.72896862080761615     
  0.64900000000000002       -4.4303184987302603E-002 -0.71812629103076053     
  0.65000000000000002       -4.5015816172571936E-002 -0.70710677433681590     
  0.65100000000000002       -4.5717340378765722E-002 -0.69591278962664305     
  0.65200000000000002       -4.6407584515282901E-002 -0.68454709884847520     
  0.65300000000000002       -4.7086378274710808E-002 -0.67301250631644871     
  0.65400000000000003       -4.7753554174846002E-002 -0.66131185801868053     
  0.65500000000000003       -4.8408947600017987E-002 -0.64944804091506303     
  0.65600000000000003       -4.9052396841705655E-002 -0.63742398222494989     
  0.65700000000000003       -4.9683743138436466E-002 -0.62524264870490875     
  0.65800000000000003       -5.0302830714958446E-002 -0.61290704591671807     
  0.65900000000000003       -5.0909506820675410E-002 -0.60042021748579011     
  0.66000000000000003       -5.1503621767335882E-002 -0.58778524435020163     
  0.66100000000000003       -5.2085028965966430E-002 -0.57500524400051856     
  0.66200000000000003       -5.2653584963040310E-002 -0.56208336971060180     
  0.66300000000000003       -5.3209149475872471E-002 -0.54902280975958440     
  0.66400000000000003       -5.3751585427232199E-002 -0.53582678664521100     
  0.66500000000000004       -5.4280758979164893E-002 -0.52249855628873487     
  0.66600000000000004       -5.4796539566014567E-002 -0.50904140723156810     
  0.66700000000000004       -5.5298799926638970E-002 -0.49545865982388315     
  0.66800000000000004       -5.5787416135809370E-002 -0.48175366540536624     
  0.66900000000000004       -5.6262267634787248E-002 -0.46792980547832430     
  0.67000000000000004       -5.6723237261070369E-002 -0.45399049087334992     
  0.67100000000000004       -5.7170211277300875E-002 -0.43993916090774993     
  0.67200000000000004       -5.7603079399328273E-002 -0.42577928253694536     
  0.67300000000000004       -5.8021734823420400E-002 -0.41151434949905197     
  0.67400000000000004       -5.8426074252615638E-002 -0.39714788145285274     
  0.67500000000000004       -5.8815997922209914E-002 -0.38268342310937470     
  0.67600000000000005       -5.9191409624372131E-002 -0.36812454335728451     
  0.67700000000000005       -5.9552216731882011E-002 -0.35347483438231864     
  0.67800000000000005       -5.9898330220984487E-002 -0.33873791078096510     
  0.67900000000000005       -6.0229664693354973E-002 -0.32391740866861618     
  0.68000000000000005       -6.0546138397170123E-002 -0.30901698478241102     
  0.68100000000000005       -6.0847673247278876E-002 -0.29404031557899063     
  0.68200000000000005       -6.1134194844468796E-002 -0.27899109632738722     
  0.68300000000000005       -6.1405632493822956E-002 -0.26387304019727187     
  0.68400000000000005       -6.1661919222162867E-002 -0.24868987734278539     
  0.68500000000000005       -6.1902991794573092E-002 -0.23344535398217864     
  0.68600000000000005       -6.2128790730003526E-002 -0.21814323147348927     
  0.68700000000000006       -6.2339260315945458E-002 -0.20278728538648283     
  0.68800000000000006       -6.2534348622177785E-002 -0.18738130457108751     
  0.68900000000000006       -6.2714007513580014E-002 -0.17192909022255204     
  0.69000000000000006       -6.2878192662008919E-002 -0.15643445494355765     
  0.69100000000000006       -6.3026863557235802E-002 -0.14090122180351544     
  0.69200000000000006       -6.3159983516941812E-002 -0.12533322339528119     
  0.69300000000000006       -6.3277519695768739E-002 -0.10973430088952041     
  0.69400000000000006       -6.3379443093423152E-002  -9.4108303086956974E-002
  0.69500000000000006       -6.3465728561831747E-002  -7.8459085468739115E-002
  0.69600000000000006       -6.3536354811346271E-002  -6.2790509245157125E-002
  0.69700000000000006       -6.3591304415996419E-002  -4.7106440402947536E-002
  0.69800000000000006       -6.3630563817789462E-002  -3.1410748751418686E-002
  0.69900000000000007       -6.3654123330055448E-002  -1.5707306967633217E-002
  0.70000000000000007       -6.3661977139837234E-002   1.0359117057212597E-008
  0.70100000000000007       -6.3654123309324781E-002   1.5707327683308101E-002
  0.70200000000000007       -6.3630563776333263E-002   3.1410769459416496E-002
  0.70300000000000007       -6.3591304353824915E-002   4.7106461098152336E-002
  0.70399999999999996       -6.3536354728474825E-002   6.2790529922456137E-002
  0.70499999999999996       -6.3465728458280843E-002   7.8459106123023981E-002
  0.70599999999999996       -6.3379442969218366E-002   9.4108323713125039E-002
  0.70699999999999996       -6.3277519550940756E-002  0.10973432148247594     
  0.70799999999999996       -6.3159983351526408E-002  0.12533324394993667     
  0.70899999999999996       -6.3026863371273847E-002  0.14090124231479281     
  0.70999999999999996       -6.2878192455546350E-002  0.15643447540638958     
  0.71099999999999997       -6.2714007286667844E-002  0.17192911063188315     
  0.71199999999999997       -6.2534348374872067E-002  0.18738132492187567     
  0.71299999999999997       -6.2339260048307296E-002  0.20278730567370035     
  0.71399999999999997       -6.2128790442099041E-002  0.21814325169212412     
  0.71499999999999997       -6.1902991486473408E-002  0.23344537412723579     
  0.71599999999999997       -6.1661918893944095E-002  0.24868989740928799     
  0.71699999999999997       -6.1405632145566193E-002  0.26387306018026246     
  0.71799999999999997       -6.1134194476260076E-002  0.27899111622192896     
  0.71899999999999997       -6.0847672859209168E-002  0.29404033538016855     
  0.71999999999999997       -6.0546137989335294E-002  0.30901700448533320     
  0.72099999999999997       -6.0229664265855777E-002  0.32391742826841502     
  0.72199999999999998       -5.9898329773926541E-002  0.33873793027279847     
  0.72299999999999998       -5.9552216265375761E-002  0.35347485376137100     
  0.72399999999999998       -5.9191409138532824E-002  0.36812456261876825     
  0.72499999999999998       -5.8815997417157581E-002  0.38268344224853124     
  0.72599999999999998       -5.8426073728475053E-002  0.39714790046495374     
  0.72699999999999998       -5.8021734280321050E-002  0.41151436837940047     
  0.72799999999999998       -5.7603078837404335E-002  0.42577930128087693     
  0.72899999999999998       -5.7170210696691176E-002  0.43993917951063388     
  0.72999999999999998       -5.6723236661918343E-002  0.45399050933059037     
  0.73099999999999998       -5.6262267017240915E-002  0.46792982378536135     
  0.73199999999999998       -5.5787415500021295E-002  0.48175368355767711     
  0.73299999999999998       -5.5298799272766229E-002  0.49545867781698327     
  0.73399999999999999       -5.4796538894218698E-002  0.50904142506101224     
  0.73499999999999999       -5.4280758289611861E-002  0.52249857395011834     
  0.73599999999999999       -5.3751584720092359E-002  0.53582680413417050     
  0.73699999999999999       -5.3209148751320524E-002  0.54902282707179928     
  0.73799999999999999       -5.2653584221255260E-002  0.56208338684179504     
  0.73899999999999999       -5.2085028207131540E-002  0.57500526094645776     
  0.73999999999999999       -5.1503620991638618E-002  0.58778526110670037     
  0.74099999999999999       -5.0909506028307412E-002  0.60042023404870859     
  0.74199999999999999       -5.0302829906115468E-002  0.61290706228196445     
  0.74299999999999999       -4.9683742313318333E-002  0.62524266486843993     
  0.74399999999999999       -4.9052396000516217E-002  0.63742399818277273     
  0.74500000000000000       -4.8408946742965059E-002  0.64944805666323502     
  0.74600000000000000       -4.7753553302141323E-002  0.66131187355331111     
  0.74700000000000000       -4.7086377386569976E-002  0.67301252163370007     
  0.74800000000000000       -4.6407583611925332E-002  0.68454711394456313     
  0.74900000000000000       -4.5717339460414591E-002  0.69591280449783799     
  0.75000000000000000       -4.5015815239454124E-002  0.70710678897944401     
  0.75100000000000000       -4.4303184039648641E-002  0.71812630544120426     
  0.75200000000000000       -4.3579621692083702E-002  0.72896863498231534     
  0.75300000000000000       -4.2845306724942009E-002  0.73963110242019525     
  0.75400000000000000       -4.2100420319454261E-002  0.75011107695054469     
  0.75500000000000000       -4.1345146265195379E-002  0.76040597279645861     
  0.75600000000000001       -4.0579670914737201E-002  0.77051324984642822     
  0.75700000000000001       -3.9804183137668758E-002  0.78043041428107518     
  0.75800000000000001       -3.9018874273995530E-002  0.79015501918846431     
  0.75900000000000001       -3.8223938086929171E-002  0.79968466516784276     
  0.76000000000000001       -3.7419570715079321E-002  0.80901700092165574     
  0.76100000000000001       -3.6605970624059354E-002  0.81814972383569451     
  0.76200000000000001       -3.5783338557517946E-002  0.82708058054723177     
  0.76300000000000001       -3.4951877487608599E-002  0.83580736750100504     
  0.76400000000000001       -3.4111792564909274E-002  0.84432793149291108     
  0.76500000000000001       -3.3263291067804589E-002  0.85264017020127703     
  0.76600000000000001       -3.2406582351342944E-002  0.86074203270557648     
  0.76700000000000002       -3.1541877795581319E-002  0.86863151999246346     
  0.76800000000000002       -3.0669390753430403E-002  0.87630668544899926     
  0.76900000000000002       -2.9789336498012946E-002  0.88376563534294994     
  0.77000000000000002       -2.8901932169548349E-002  0.89100652929003643     
  0.77100000000000002       -2.8007396721776559E-002  0.89802758070802180     
  0.77200000000000002       -2.7105950867934513E-002  0.90482705725752366     
  0.77300000000000002       -2.6197817026298441E-002  0.91140328126944314     
  0.77400000000000002       -2.5283219265305489E-002  0.91775463015890435     
  0.77500000000000002       -2.4362383248268192E-002  0.92387953682560320     
  0.77600000000000002       -2.3435536177695417E-002  0.92977649004046581     
  0.77700000000000002       -2.2502906739233549E-002  0.93544403481852167     
  0.77800000000000002       -2.1564725045241730E-002  0.94088077277789961     
  0.77900000000000003       -2.0621222578015078E-002  0.94608536248485731     
  0.78000000000000003       -1.9672632132669888E-002  0.95105651978476013     
  0.78100000000000003       -1.8719187759704926E-002  0.95579301811892714     
  0.78200000000000003       -1.7761124707252975E-002  0.96029368882726585     
  0.78300000000000003       -1.6798679363036865E-002  0.96455742143662204     
  0.78400000000000003       -1.5832089196044351E-002  0.96858316393477195     
  0.78500000000000003       -1.4861592697936193E-002  0.97236992302999081     
  0.78600000000000003       -1.3887429324201898E-002  0.97591676439613273     
  0.78700000000000003       -1.2909839435077668E-002  0.97922281290316149     
  0.78800000000000003       -1.1929064236241110E-002  0.98228725283307594     
  0.78900000000000003       -1.0945345719297337E-002  0.98510932808117624     
  0.79000000000000004       -9.9589266020711689E-003  0.98768834234262126     
  0.79100000000000004       -8.9700502687201332E-003  0.99002365928423142     
  0.79200000000000004       -7.9789607096830712E-003  0.99211470270149449     
  0.79300000000000004       -6.9859024614791444E-003  0.99396095666073536     
  0.79400000000000004       -5.9911205463721098E-003  0.99556196562641475     
  0.79500000000000004       -4.9948604119147413E-003  0.99691733457352616     
  0.79600000000000004       -3.9973678703883186E-003  0.99802672908506207     
  0.79700000000000004       -2.9988890381521275E-003  0.99888987543452656     
  0.79800000000000004       -1.9996702749179264E-003  0.99950656065347310     
  0.79900000000000004       -9.9995812296437676E-004  0.99987663258405135     
  0.80000000000000004        7.5369357608288945E-010  0.99999999991654986     
  0.80100000000000005        9.9995963016535775E-004  0.99987663221192524     
  0.80200000000000005        1.9996717815604394E-003  0.99950655990931270     
  0.80300000000000005        2.9988905438640143E-003  0.99888987431851572     
  0.80400000000000005        3.9973693747976510E-003  0.99802672759747646     
  0.80500000000000005        4.9948619146499111E-003  0.99691733271473315     
  0.80600000000000005        5.9911220470619244E-003  0.99556196339687353     
  0.80700000000000005        6.9859039597529159E-003  0.99396095406099672     
  0.80800000000000005        7.9789622051707077E-003  0.99211469973220057     
  0.80900000000000005        8.9700517610522314E-003  0.99002365594611563     
  0.81000000000000005        9.9589280908791052E-003  0.98768833863650818     
  0.81100000000000005        1.0945347204213359E-002  0.98510932400798135     
  0.81200000000000006        1.1929065716898425E-002  0.98228724839380532     
  0.81300000000000006        1.2909840911110537E-002  0.97922280809891171     
  0.81400000000000006        1.3887430795245723E-002  0.97591675922809051     
  0.81500000000000006        1.4861594163627609E-002  0.97236991749943269     
  0.81600000000000006        1.5832090656021314E-002  0.96858315804306405     
  0.81700000000000006        1.6798680816938742E-002  0.96455741518521965     
  0.81800000000000006        1.7761126154720638E-002  0.96029368221771316     
  0.81900000000000006        1.8719189200380834E-002  0.95579301115285675     
  0.82000000000000006        1.9672633566198174E-002  0.95105651246389289     
  0.82100000000000006        2.0621224004041646E-002  0.94608535481100142     
  0.82200000000000006        2.1564726463414334E-002  0.94088076475295068     
  0.82300000000000006        2.2502908149201882E-002  0.93544402644446190     
  0.82400000000000007        2.3435537579111199E-002  0.92977648131936363     
  0.82500000000000007        2.4362384640785259E-002  0.92387952775961291     
  0.82600000000000007        2.5283220648579872E-002  0.91775462075026537     
  0.82700000000000007        2.6197818399988453E-002  0.91140327152047951     
  0.82800000000000007        2.7105952231700842E-002  0.90482704717064355     
  0.82900000000000007        2.8007398075282335E-002  0.89802757028571667     
  0.83000000000000007        2.8901933512459239E-002  0.89100651853488078     
  0.83100000000000007        2.9789337829997237E-002  0.88376562425760030     
  0.83200000000000007        3.0669392074159078E-002  0.87630667403619389     
  0.83299999999999996        3.1541879104728145E-002  0.86863150825502145     
  0.83399999999999996        3.2406583648584543E-002  0.86074202064639715     
  0.83499999999999996        3.3263292352820530E-002  0.85264015782333924     
  0.83599999999999997        3.4111793837382144E-002  0.84432791879927227     
  0.83699999999999997        3.4951878747224073E-002  0.83580735449480059     
  0.83799999999999997        3.5783339803964892E-002  0.82708056723167445     
  0.83899999999999997        3.6605971857029879E-002  0.81814971021407346     
  0.83999999999999997        3.7419571934268869E-002  0.80901698699733560     
  0.84099999999999997        3.8223939292036588E-002  0.79968465094426300     
  0.84199999999999997        3.9018875464723143E-002  0.79015500466913835     
  0.84299999999999997        3.9804184313722436E-002  0.78043039946958936     
  0.84399999999999997        4.0579672075826446E-002  0.77051323474644129     
  0.84499999999999997        4.1345147411033387E-002  0.76040595741170036     
  0.84599999999999997        4.2100421449758001E-002  0.75011106128481531     
  0.84699999999999998        4.2845307839432287E-002  0.73963108647736442     
  0.84799999999999998        4.3579622790485217E-002  0.72896861876632113     
  0.84899999999999998        4.4303185121690083E-002  0.71812628895605213     
  0.84999999999999998        4.5015816304868214E-002  0.70710677222920604     
  0.85099999999999998        4.5717340508938158E-002  0.69591278748665175     
  0.85199999999999998        4.6407584643299374E-002  0.68454709667663050     
  0.85299999999999998        4.7086378400539732E-002  0.67301250411328650     
  0.85399999999999998        4.7753554298456333E-002  0.66131185578474438     
  0.85499999999999998        4.8408947721379221E-002  0.64944803865090406     
  0.85599999999999998        4.9052396960787850E-002  0.63742397993112676     
  0.85699999999999998        4.9683743255210237E-002  0.62524264638198745     
  0.85799999999999998        5.0302830829394983E-002  0.61290704356527181     
  0.85899999999999999        5.0909506932746477E-002  0.60042021510639909     
  0.85999999999999999        5.1503621877013829E-002  0.58778524194345283     
  0.86099999999999999        5.2085029073224196E-002  0.57500524156700583     
  0.86199999999999999        5.2653585067851436E-002  0.56208336725092567     
  0.86299999999999999        5.3209149578211087E-002  0.54902280727435171     
  0.86399999999999999        5.3751585527073063E-002  0.53582678413503482     
  0.86499999999999999        5.4280759076483373E-002  0.52249855375423460     
  0.86599999999999999        5.4796539660786646E-002  0.50904140467336911     
  0.86699999999999999        5.5298800018841264E-002  0.49545865724261667     
  0.86799999999999999        5.5787416225419127E-002  0.48175366280166915     
  0.86899999999999999        5.6262267721782361E-002  0.46792980285283897     
  0.87000000000000000        5.6723237345429375E-002  0.45399048822672416     
  0.87100000000000000        5.7170211359002958E-002  0.43993915824063679     
  0.87200000000000000        5.7603079478353275E-002  0.42577927985000286     
  0.87300000000000000        5.8021734899748816E-002  0.41151434679294308     
  0.87400000000000000        5.8426074326228643E-002  0.39714787872824520     
  0.87500000000000000        5.8815997993089342E-002  0.38268342036694075     
  0.87600000000000000        5.9191409692500495E-002  0.36812454059770083     
  0.87700000000000000        5.9552216797242499E-002  0.35347483160626608     
  0.87800000000000000        5.9898330283560973E-002  0.33873790798912867     
  0.87900000000000000        6.0229664753132017E-002  0.32391740586168466     
  0.88000000000000000        6.0546138454132981E-002  0.30901698196107696     
  0.88100000000000001        6.0847673301413489E-002  0.29404031274395021     
  0.88200000000000001        6.1134194895761808E-002  0.27899109347933992     
  0.88300000000000001        6.1405632542261709E-002  0.26387303733692041     
  0.88400000000000001        6.1661919267735406E-002  0.24868987447083551     
  0.88500000000000001        6.1902991837268176E-002  0.23344535109933898     
  0.88600000000000001        6.2128790769810621E-002  0.21814322858047111     
  0.88700000000000001        6.2339260352854739E-002  0.20278728248399999     
  0.88800000000000001        6.2534348656180141E-002  0.18738130165985611     
  0.88900000000000001        6.2714007544667064E-002  0.17192908730329037     
  0.89000000000000001        6.2878192690172988E-002  0.15643445201698600     
  0.89100000000000001        6.3026863582469950E-002  0.14090121887035589     
  0.89200000000000002        6.3159983539239808E-002  0.12533322045625747     
  0.89300000000000002        6.3277519715125088E-002  0.10973429794535769     
  0.89400000000000002        6.3379443109833067E-002   9.4108300138381673E-002
  0.89500000000000002        6.3465728575291175E-002   7.8459082516478748E-002
  0.89600000000000002        6.3536354821851895E-002   6.2790506289940123E-002
  0.89700000000000002        6.3591304423545658E-002   4.7106437445503052E-002
  0.89800000000000002        6.3630563822380456E-002   3.1410745792476436E-002
  0.89900000000000002        6.3654123331687046E-002   1.5707304007923271E-002
  0.90000000000000002        6.3661977138509046E-002  -1.3318864438421896E-008
  0.90100000000000002        6.3654123305037127E-002  -1.5707330642362641E-002
  0.90200000000000002        6.3630563769087198E-002  -3.1410772417048094E-002
  0.90300000000000002        6.3591304343622243E-002  -4.7106464053631239E-002
  0.90400000000000003        6.3536354715318058E-002  -6.2790532875053137E-002
  0.90500000000000003        6.3465728442173228E-002  -7.8459109072010563E-002
  0.90600000000000003        6.3379442950163872E-002  -9.4108326657773578E-002
  0.90700000000000003        6.3277519528944087E-002 -0.10973432442205990     
  0.90800000000000003        6.3159983326592992E-002 -0.12533324688373074     
  0.90900000000000003        6.3026863343409831E-002 -0.14090124524207312     
  0.91000000000000003        6.2878192424758617E-002 -0.15643447832643387     
  0.91100000000000003        6.2714007252963985E-002 -0.17192911354397095     
  0.91200000000000003        6.2534348338260395E-002 -0.18738132782528846     
  0.91300000000000003        6.2339260008796846E-002 -0.20278730856772173     
  0.91400000000000003        6.2128790399699561E-002 -0.21814325457604006     
  0.91500000000000004        6.1902991441195356E-002 -0.23344537700033474     
  0.91600000000000004        6.1661918845798649E-002 -0.24868990027086102     
  0.91700000000000004        6.1405632094565225E-002 -0.26387306302960356     
  0.91800000000000004        6.1134194422416174E-002 -0.27899111905833507     
  0.91900000000000004        6.0847672802535613E-002 -0.29404033820293984     
  0.92000000000000004        6.0546137929846075E-002 -0.30901700729377324     
  0.92100000000000004        6.0229664203565569E-002 -0.32391743106183085     
  0.92200000000000004        5.9898329708850714E-002 -0.33873793305050082     
  0.92300000000000004        5.9552216197530372E-002 -0.35347485652267452     
  0.92400000000000004        5.9191409067934617E-002 -0.36812456536299165     
  0.92500000000000004        5.8815997343823971E-002 -0.38268344497499740     
  0.92600000000000005        5.8426073652424138E-002 -0.39714790317298992     
  0.92700000000000005        5.8021734201571591E-002 -0.41151437106833849     
  0.92800000000000005        5.7603078755975763E-002 -0.42577930395005337     
  0.92900000000000005        5.7170210612603578E-002 -0.43993918215939015     
  0.93000000000000005        5.6723236575192473E-002 -0.45399051195827295     
  0.93100000000000005        5.6262266927898173E-002 -0.46792982639132191     
  0.93200000000000005        5.5787415408083726E-002 -0.48175368614127267     
  0.93300000000000005        5.5298799178256516E-002 -0.49545868037757634     
  0.93400000000000005        5.4796538797160156E-002 -0.50904142759797111     
  0.93500000000000005        5.4280758190028443E-002 -0.52249857646281694     
  0.93600000000000005        5.3751584618008628E-002 -0.53582680662198889     
  0.93700000000000006        5.3209148646761670E-002 -0.54902282953412362     
  0.93800000000000006        5.2653584114247087E-002 -0.56208338927801771     
  0.93900000000000006        5.2085028097700443E-002 -0.57500526335597779     
  0.94000000000000006        5.1503620879811599E-002 -0.58778526348892324     
  0.94100000000000006        5.0909505914112065E-002 -0.60042023640304654     
  0.94200000000000006        5.0302829789579971E-002 -0.61290706460783650     
  0.94300000000000006        4.9683742194471435E-002 -0.62524266716527221     
  0.94400000000000006        4.9052395879387242E-002 -0.63742400044999847     
  0.94500000000000006        4.8408946619583892E-002 -0.64944805890029489     
  0.94600000000000006        4.7753553176538406E-002 -0.66131187575965322     
  0.94700000000000006        4.7086377258776305E-002 -0.67301252380877996     
  0.94800000000000006        4.6407583481972436E-002 -0.68454711608784413     
  0.94900000000000007        4.5717339328334536E-002 -0.69591280660879140     
  0.95000000000000007        4.5015815105279494E-002 -0.70710679105754892     
  0.95100000000000007        4.4303183903412542E-002 -0.71812630748594797     
  0.95200000000000007        4.3579621553819753E-002 -0.72896863699319325     
  0.95300000000000007        4.2845306584684321E-002 -0.73963110439671120     
  0.95400000000000007        4.2100420177237440E-002 -0.75011107889221096     
  0.95500000000000007        4.1345146121054520E-002 -0.76040597470279625     
  0.95600000000000007        4.0579670768707866E-002 -0.77051325171696683     
  0.95700000000000007        3.9804182989786975E-002 -0.78043041611535324     
  0.95800000000000007        3.9018874124297789E-002 -0.79015502098602930     
  0.95900000000000007        3.8223937935452403E-002 -0.79968466692825102     
  0.95999999999999996        3.7419570561860904E-002 -0.80901700264447296     
  0.96099999999999997        3.6605970469137092E-002 -0.81814972552049570     
  0.96199999999999997        3.5783338400930065E-002 -0.82708058219360114     
  0.96299999999999997        3.4951877329393734E-002 -0.83580736910853637     
  0.96399999999999997        3.4111792405106464E-002 -0.84432793306120779     
  0.96499999999999997        3.3263290906453261E-002 -0.85264017172995210     
  0.96599999999999997        3.2406582188482906E-002 -0.86074203419425277     
  0.96699999999999997        3.1541877631252761E-002 -0.86863152144077371     
  0.96799999999999997        3.0669390587673866E-002 -0.87630668685658608     
  0.96899999999999997        2.9789336330869328E-002 -0.88376563670946606     
  0.96999999999999997        2.8901932001058891E-002 -0.89100653061514468     
  0.97099999999999997        2.8007396551982835E-002 -0.89802758199139521     
  0.97199999999999998        2.7105950696878413E-002 -0.90482705849884559     
  0.97299999999999998        2.6197816854022171E-002 -0.91140328246840718     
  0.97399999999999998        2.5283219091851560E-002 -0.91775463131521473     
  0.97499999999999998        2.4362383073679401E-002 -0.92387953793897459     
  0.97599999999999998        2.3435536002014840E-002 -0.92977649111062355     
  0.97699999999999998        2.2502906562504532E-002 -0.93544403584520175     
  0.97799999999999998        2.1564724867507878E-002 -0.94088077376084867     
  0.97899999999999998        2.0621222399320245E-002 -0.94608536342383287     
  0.97999999999999998        1.9672631953058163E-002 -0.95105652067953050     
  0.98099999999999998        1.8719187579220628E-002 -0.95579301896927149     
  0.98199999999999998        1.7761124525940634E-002 -0.96029368963297446     
  0.98299999999999998        1.6798679180941217E-002 -0.96455742219749607     
  0.98399999999999999        1.5832089013210326E-002 -0.96858316465062366     
  0.98499999999999999        1.4861592514408901E-002 -0.97236992370064357     
  0.98599999999999999        1.3887429140026622E-002 -0.97591676502142100     
  0.98699999999999999        1.2909839250299851E-002 -0.97922281348293105     
  0.98799999999999999        1.1929064050906343E-002 -0.98228725336718381     
  0.98899999999999999        1.0945345533451349E-002 -0.98510932856949052     
  0.98999999999999999        9.9589264157598154E-003 -0.98768834278502149     
  0.99099999999999999        8.9700500819893825E-003 -0.99002365968060846     
  0.99199999999999999        7.9789605225789959E-003 -0.99211470305175053     
  0.99299999999999999        6.9859022740479098E-003 -0.99396095696478393     
  0.99399999999999999        5.9911203586599619E-003 -0.99556196588418089     
  0.99500000000000000        4.9948602239679955E-003 -0.99691733478494626     
  0.99600000000000000        3.9973676822533484E-003 -0.99802672925008407     
  0.99700000000000000        2.9988888498753514E-003 -0.99888987555310971     
  0.99800000000000000        1.9996700865457994E-003 -0.99950656072558808     
  0.99900000000000000        9.9995793454337682E-004 -0.99987663260968040     
   1.0000000000000000       -9.4211695888211933E-010 -0.99999999989568655     
