   0.0000000000000000       -0.0000000000000000        1.0000000000000000     
   1.0000000000000000E-003   9.9999835506593498E-004  0.99999506520186288     
   2.0000000000000000E-003   1.9999868405518304E-003  0.99998026085615610     
   3.0000000000000001E-003   2.9999555869750557E-003  0.99995558710899257     
   4.0000000000000001E-003   3.9998947250477973E-003  0.99992104420389227     
   5.0000000000000001E-003   4.9997943857744637E-003  0.99987663248177960     
   6.0000000000000001E-003   5.9996447005490885E-003  0.99982235238098049     
   7.0000000000000001E-003   6.9994358012527309E-003  0.99975820443721752     
   8.0000000000000002E-003   7.9991578203508686E-003  0.99968418928360492     
   9.0000000000000011E-003   8.9988008909907859E-003  0.99960030765064245     
   1.0000000000000000E-002   9.9983551470989585E-003  0.99950656036620800     
   1.0999999999999999E-002   1.0997810723478423E-002  0.99940294835554944     
   1.2000000000000000E-002   1.1997157755906148E-002  0.99928947264127543     
   1.3000000000000001E-002   1.2996386381230384E-002  0.99916613434334545     
   1.4000000000000000E-002   1.3995486737468015E-002  0.99903293467905874     
   1.4999999999999999E-002   1.4994448963901888E-002  0.99888987496304216     
   1.6000000000000000E-002   1.5993263201178134E-002  0.99873695660723738     
   1.7000000000000001E-002   1.6991919591403479E-002  0.99857418112088681     
   1.8000000000000002E-002   1.7990408278242533E-002  0.99840155011051879     
   1.9000000000000000E-002   1.8988719407015076E-002  0.99821906527993176     
   2.0000000000000000E-002   1.9986843124793308E-002  0.99802672843017726     
   2.1000000000000001E-002   2.0984769580499104E-002  0.99782454145954236     
   2.1999999999999999E-002   2.1982488925001233E-002  0.99761250636353083     
   2.3000000000000000E-002   2.2979991311212575E-002  0.99739062523484345     
   2.4000000000000000E-002   2.3977266894187291E-002  0.99715890026335741     
   2.5000000000000001E-002   2.4974305831218003E-002  0.99691733373610458     
   2.6000000000000002E-002   2.5971098281932933E-002  0.99666592803724907     
   2.7000000000000000E-002   2.6967634408393025E-002  0.99640468564806373     
   2.8000000000000001E-002   2.7963904375189037E-002  0.99613360914690541     
   2.9000000000000001E-002   2.8959898349538618E-002  0.99585270120918967     
   2.9999999999999999E-002   2.9955606501383351E-002  0.99556196460736446     
   3.1000000000000000E-002   3.0951019003485767E-002  0.99526140221088277     
   3.2000000000000001E-002   3.1946126031526349E-002  0.99495101698617394     
   3.3000000000000002E-002   3.2940917764200474E-002  0.99463081199661496     
   3.4000000000000002E-002   3.3935384383315365E-002  0.99430079040249975     
   3.5000000000000003E-002   3.4929516073886988E-002  0.99396095546100827     
   3.6000000000000004E-002   3.5923303024236908E-002  0.99361131052617413     
   3.6999999999999998E-002   3.6916735426089149E-002  0.99325185904885160     
   3.7999999999999999E-002   3.7909803474666978E-002  0.99288260457668176     
   3.9000000000000000E-002   3.8902497368789681E-002  0.99250355075405716     
   4.0000000000000001E-002   3.9894807310969296E-002  0.99211470132208601     
   4.1000000000000002E-002   4.0886723507507314E-002  0.99171606011855518     
   4.2000000000000003E-002   4.1878236168591342E-002  0.99130763107789233     
   4.3000000000000003E-002   4.2869335508391712E-002  0.99088941823112731     
   4.3999999999999997E-002   4.3860011745158078E-002  0.99046142570585205     
   4.4999999999999998E-002   4.4850255101315940E-002  0.99002365772617995     
   4.5999999999999999E-002   4.5840055803563158E-002  0.98957611861270423     
   4.7000000000000000E-002   4.6829404082966410E-002  0.98911881278245528     
   4.8000000000000001E-002   4.7818290175057607E-002  0.98865174474885709     
   4.9000000000000002E-002   4.8806704319930255E-002  0.98817491912168243     
   5.0000000000000003E-002   4.9794636762335795E-002  0.98768834060700783     
   5.1000000000000004E-002   5.0782077751779876E-002  0.98719201400716683     
   5.2000000000000005E-002   5.1769017542618583E-002  0.98668594422070255     
   5.2999999999999999E-002   5.2755446394154637E-002  0.98617013624231942     
   5.3999999999999999E-002   5.3741354570733521E-002  0.98564459516283398     
   5.5000000000000000E-002   5.4726732341839564E-002  0.98510932616912450     
   5.6000000000000001E-002   5.5711569982191990E-002  0.98456433454407988     
   5.7000000000000002E-002   5.6695857771840892E-002  0.98400962566654737     
   5.8000000000000003E-002   5.7679585996263175E-002  0.98344520501127963     
   5.9000000000000004E-002   5.8662744946458414E-002  0.98287107814888075     
   5.9999999999999998E-002   5.9645324919044701E-002  0.98228725074575096     
   6.0999999999999999E-002   6.0627316216354393E-002  0.98169372856403114     
   6.2000000000000000E-002   6.1608709146529848E-002  0.98109051746154552     
   6.3000000000000000E-002   6.2589494023619061E-002  0.98047762339174416     
   6.4000000000000001E-002   6.3569661167671251E-002  0.97985505240364412     
   6.5000000000000002E-002   6.4549200904832432E-002  0.97922281064176964     
   6.6000000000000003E-002   6.5528103567440862E-002  0.97858090434609180     
   6.7000000000000004E-002   6.6506359494122480E-002  0.97792933985196639     
   6.8000000000000005E-002   6.7483959029886229E-002  0.97726812359007209     
   6.9000000000000006E-002   6.8460892526219369E-002  0.97659726208634634     
   7.0000000000000007E-002   6.9437150341182710E-002  0.97591676196192134     
   7.1000000000000008E-002   7.0412722839505754E-002  0.97522662993305864     
   7.2000000000000008E-002   7.1387600392681813E-002  0.97452687281108274     
   7.2999999999999995E-002   7.2361773379063021E-002  0.97381749750231394     
   7.3999999999999996E-002   7.3335232183955296E-002  0.97309851100800004     
   7.4999999999999997E-002   7.4307967199713248E-002  0.97236992042424752     
   7.5999999999999998E-002   7.5279968825834986E-002  0.97163173294195138     
   7.6999999999999999E-002   7.6251227469056881E-002  0.97088395584672393     
   7.8000000000000000E-002   7.7221733543448245E-002  0.97012659651882327     
   7.9000000000000001E-002   7.8191477470505949E-002  0.96935966243308014     
   8.0000000000000002E-002   7.9160449679248943E-002  0.96858316115882437     
   8.1000000000000003E-002   8.0128640606312723E-002  0.96779710035981004     
   8.2000000000000003E-002   8.1096040696043731E-002  0.96700148779413986     
   8.3000000000000004E-002   8.2062640400593634E-002  0.96619633131418869     
   8.4000000000000005E-002   8.3028430180013588E-002  0.96538163886652595     
   8.5000000000000006E-002   8.3993400502348395E-002  0.96455741849183707     
   8.6000000000000007E-002   8.4957541843730555E-002  0.96372367832484451     
   8.7000000000000008E-002   8.5920844688474274E-002  0.96288042659422701     
   8.7999999999999995E-002   8.6883299529169386E-002  0.96202767162253877     
   8.8999999999999996E-002   8.7844896866775171E-002  0.96116542182612708     
   8.9999999999999997E-002   8.8805627210714139E-002  0.96029368571504925     
   9.0999999999999998E-002   8.9765481078965675E-002  0.95941247189298884     
   9.1999999999999998E-002   9.0724448998159610E-002  0.95852178905717056     
   9.2999999999999999E-002   9.1682521503669734E-002  0.95762164599827426     
   9.4000000000000000E-002   9.2639689139707229E-002  0.95671205160034856     
   9.5000000000000001E-002   9.3595942459413953E-002  0.95579301484072299     
   9.6000000000000002E-002   9.4551272024955696E-002  0.95486454478991933     
   9.7000000000000003E-002   9.5505668407615346E-002  0.95392665061156212     
   9.8000000000000004E-002   9.6459122187885923E-002  0.95297934156228825     
   9.9000000000000005E-002   9.7411623955563548E-002  0.95202262699165552     
  0.10000000000000001        9.8363164309840323E-002  0.95105651634205057     
  0.10100000000000001        9.9313733859397124E-002  0.95008101914859544     
  0.10200000000000001       0.10026332322249625       0.94909614503905360     
  0.10300000000000001       0.10121192302707406       0.94810190373373493     
  0.10400000000000001       0.10215952391083347       0.94709830504539960     
  0.10500000000000000       0.10310611652133632       0.94608535887916156     
  0.10600000000000000       0.10405169151609571       0.94506307523239053     
  0.10700000000000000       0.10499623956266819       0.94403146419461337     
  0.10800000000000000       0.10593975133874590       0.94299053594741455     
  0.10900000000000000       0.10688221753224851       0.94194030076433555     
  0.11000000000000000       0.10782362884141519       0.94088076901077367     
  0.11100000000000000       0.10876397597489640       0.93981195114387961     
  0.11200000000000000       0.10970324965184557       0.93873385771245410     
  0.11300000000000000       0.11064144060201071       0.93764649935684419     
  0.11400000000000000       0.11157853956582592       0.93654988680883777     
  0.11500000000000000       0.11251453729450275       0.93544403089155792     
  0.11600000000000001       0.11344942455012152       0.93432894251935616     
  0.11700000000000001       0.11438319210572245       0.93320463269770448     
  0.11800000000000001       0.11531583074539675       0.93207111252308694     
  0.11900000000000001       0.11624733126437757       0.93092839318289000     
  0.12000000000000000       0.11717768446913088       0.92977648595529228     
  0.12100000000000000       0.11810688117744612       0.92861540220915295     
  0.12200000000000000       0.11903491221852695       0.92744515340389988     
  0.12300000000000000       0.11996176843308166       0.92626575108941633     
  0.12400000000000000       0.12088744067341362       0.92507720690592699     
  0.12500000000000000       0.12181191980351150       0.92387953258388300     
  0.12600000000000000       0.12273519669913954       0.92267273994384646     
  0.12700000000000000       0.12365726224792754       0.92145684089637359     
  0.12800000000000000       0.12457810734946079       0.92023184744189701     
  0.12900000000000000       0.12549772291536990       0.91899777167060759     
  0.13000000000000000       0.12641609986942051       0.91775462576233491     
  0.13100000000000001       0.12733322914760287       0.91650242198642728     
  0.13200000000000001       0.12824910169822126       0.91524117270163041     
  0.13300000000000001       0.12916370848198336       0.91397089035596546     
  0.13400000000000001       0.13007704047208948       0.91269158748660639     
  0.13500000000000001       0.13098908865432160       0.91140327671975607     
  0.13600000000000001       0.13189984402713240       0.91010597077052158     
  0.13700000000000001       0.13280929760173402       0.90879968244278886     
  0.13800000000000001       0.13371744040218686       0.90748442462909640     
  0.13900000000000001       0.13462426346548811       0.90616021031050786     
  0.14000000000000001       0.13552975784166027       0.90482705255648388     
  0.14100000000000001       0.13643391459383938       0.90348496452475324     
  0.14200000000000002       0.13733672479836337       0.90213395946118291     
  0.14300000000000002       0.13823817954485998       0.90077405069964755     
  0.14400000000000002       0.13913826993633482       0.89940525166189755     
  0.14499999999999999       0.14003698708925910       0.89802757585742687     
  0.14599999999999999       0.14093432213365736       0.89664103688333940     
  0.14699999999999999       0.14183026621319500       0.89524564842421506     
  0.14799999999999999       0.14272481048526567       0.89384142425197466     
  0.14899999999999999       0.14361794612107853       0.89242837822574372     
  0.14999999999999999       0.14450966430574547       0.89100652429171612     
  0.15100000000000000       0.14539995623836799       0.88957587648301617     
  0.15200000000000000       0.14628881313212416       0.88813644891956012     
  0.15300000000000000       0.14717622621435530       0.88668825580791688     
  0.15400000000000000       0.14806218672665256       0.88523131144116785     
  0.15500000000000000       0.14894668592494337       0.88376563019876564     
  0.15600000000000000       0.14982971507957771       0.88229122654639247     
  0.15700000000000000       0.15071126547541436       0.88080811503581702     
  0.15800000000000000       0.15159132841190678       0.87931631030475121     
  0.15900000000000000       0.15246989520318913       0.87781582707670547     
  0.16000000000000000       0.15334695717816188       0.87630668016084334     
  0.16100000000000000       0.15422250568057741       0.87478888445183578     
  0.16200000000000001       0.15509653206912549       0.87326245492971355     
  0.16300000000000001       0.15596902771751853       0.87172740665971982     
  0.16400000000000001       0.15683998401457672       0.87018375479216126     
  0.16500000000000001       0.15770939236431306       0.86863151456225862     
  0.16600000000000001       0.15857724418601810       0.86707070128999619     
  0.16700000000000001       0.15944353091434477       0.86550133037997090     
  0.16800000000000001       0.16030824399939278       0.86392341732124012     
  0.16900000000000001       0.16117137490679312       0.86233697768716855     
  0.17000000000000001       0.16203291511779216       0.86074202713527492     
  0.17100000000000001       0.16289285612933588       0.85913858140707733     
  0.17200000000000001       0.16375118945415368       0.85752665632793768     
  0.17300000000000001       0.16460790662084215       0.85590626780690582     
  0.17400000000000002       0.16546299917394874       0.85427743183656224     
  0.17500000000000002       0.16631645867405517       0.85264016449286029     
  0.17599999999999999       0.16716827669786075       0.85099448193496763     
  0.17699999999999999       0.16801844483826547       0.84934040040510683     
  0.17799999999999999       0.16886695470445304       0.84767793622839471     
  0.17899999999999999       0.16971379792197364       0.84600710581268157     
  0.17999999999999999       0.17055896613282659       0.84432792564838899     
  0.18099999999999999       0.17140245099554288       0.84264041230834730     
  0.18200000000000000       0.17224424418526746       0.84094458244763182     
  0.18300000000000000       0.17308433739384138       0.83924045280339865     
  0.18400000000000000       0.17392272232988384       0.83752804019471938     
  0.18500000000000000       0.17475939071887400       0.83580736152241519     
  0.18600000000000000       0.17559433430323265       0.83407843376888979     
  0.18700000000000000       0.17642754484240372       0.83234127399796209     
  0.18800000000000000       0.17725901411293554       0.83059589935469780     
  0.18900000000000000       0.17808873390856211       0.82884232706523986     
  0.19000000000000000       0.17891669604028404       0.82708057443663885     
  0.19100000000000000       0.17974289233644936       0.82531065885668198     
  0.19200000000000000       0.18056731464283415       0.82353259779372145     
  0.19300000000000000       0.18138995482272313       0.82174640879650218     
  0.19400000000000001       0.18221080475698984       0.81995210949398833     
  0.19500000000000001       0.18302985634417679       0.81814971759518973     
  0.19600000000000001       0.18384710150057551       0.81633925088898662     
  0.19700000000000001       0.18466253216030626       0.81452072724395452     
  0.19800000000000001       0.18547614027539763       0.81269416460818755     
  0.19900000000000001       0.18628791781586601       0.81085958100912159     
  0.20000000000000001       0.18709785676979479       0.80901699455335607     
  0.20100000000000001       0.18790594914341349       0.80716642342647538     
  0.20200000000000001       0.18871218696117664       0.80530788589286939     
  0.20300000000000001       0.18951656226584249       0.80344140029555333     
  0.20400000000000001       0.19031906711855151       0.80156698505598645     
  0.20500000000000002       0.19111969359890479       0.79968465867389038     
  0.20600000000000002       0.19191843380504223       0.79779443972706654     
  0.20700000000000002       0.19271527985372044       0.79589634687121291     
  0.20800000000000002       0.19351022388039063       0.79399039883973954     
  0.20899999999999999       0.19430325803927620       0.79207661444358413     
  0.20999999999999999       0.19509437450345019       0.79015501257102594     
  0.21099999999999999       0.19588356546491245       0.78822561218749976     
  0.21199999999999999       0.19667082313466686       0.78628843233540835     
  0.21299999999999999       0.19745613974279802       0.78434349213393473     
  0.21400000000000000       0.19823950753854808       0.78239081077885353     
  0.21500000000000000       0.19902091879039313       0.78043040754234128     
  0.21600000000000000       0.19980036578611962       0.77846230177278652     
  0.21700000000000000       0.20057784083290039       0.77648651289459869     
  0.21800000000000000       0.20135333625737059       0.77450306040801631     
  0.21900000000000000       0.20212684440570347       0.77251196388891463     
  0.22000000000000000       0.20289835764368591       0.77051324298861235     
  0.22100000000000000       0.20366786835679374       0.76850691743367794     
  0.22200000000000000       0.20443536895026684       0.76649300702573453     
  0.22300000000000000       0.20520085184918427       0.76447153164126491     
  0.22400000000000000       0.20596430949853883       0.76244251123141493     
  0.22500000000000001       0.20672573436331176       0.76040596582179687     
  0.22600000000000001       0.20748511892854707       0.75836191551229171     
  0.22700000000000001       0.20824245569942565       0.75631038047685073     
  0.22800000000000001       0.20899773720133935       0.75425138096329647     
  0.22900000000000001       0.20975095597996465       0.75218493729312297     
  0.23000000000000001       0.21050210460133634       0.75011106986129483     
  0.23100000000000001       0.21125117565192075       0.74802979913604639     
  0.23200000000000001       0.21199816173868904       0.74594114565867953     
  0.23300000000000001       0.21274305548919012       0.74384513004336072     
  0.23400000000000001       0.21348584955162339       0.74174177297691790     
  0.23500000000000001       0.21422653659491134       0.73963109521863613     
  0.23600000000000002       0.21496510930877188       0.73751311760005278     
  0.23700000000000002       0.21570156040379054       0.73538786102475184     
  0.23800000000000002       0.21643588261149230       0.73325534646815771     
  0.23900000000000002       0.21716806868441346       0.73111559497732803     
  0.23999999999999999       0.21789811139617307       0.72896862767074622     
  0.24099999999999999       0.21862600354154429       0.72681446573811281     
  0.24199999999999999       0.21935173793652554       0.72465313044013635     
  0.24299999999999999       0.22007530741841133       0.72248464310832372     
  0.24399999999999999       0.22079670484586300       0.72030902514476935     
  0.24500000000000000       0.22151592309897916       0.71812629802194416     
  0.24600000000000000       0.22223295507936605       0.71593648328248360     
  0.24700000000000000       0.22294779371020751       0.71373960253897517     
  0.24800000000000000       0.22366043193633484       0.71153567747374480     
  0.24900000000000000       0.22437086272429646       0.70932472983864314     
  0.25000000000000000       0.22507907906242730       0.70710678145483075     
  0.25100000000000000       0.22578507396091804       0.70488185421256266     
  0.25200000000000000       0.22648884045188408       0.70264997007097252     
  0.25300000000000000       0.22719037158943425       0.70041115105785579     
  0.25400000000000000       0.22788966044973946       0.69816541926945219     
  0.25500000000000000       0.22858670013110099       0.69591279687022778     
  0.25600000000000001       0.22928148375401858       0.69365330609265630     
  0.25700000000000001       0.22997400446125837       0.69138696923699949     
  0.25800000000000001       0.23066425541792060       0.68911380867108707     
  0.25900000000000001       0.23135222981150699       0.68683384683009618     
  0.26000000000000001       0.23203792085198802       0.68454710621632964     
  0.26100000000000001       0.23272132177186994       0.68225360939899415     
  0.26200000000000001       0.23340242582626158       0.67995337901397734     
  0.26300000000000001       0.23408122629294092       0.67764643776362443     
  0.26400000000000001       0.23475771647242141       0.67533280841651411     
  0.26500000000000001       0.23543188968801806       0.67301251380723404     
  0.26600000000000001       0.23610373928591344       0.67068557683615526     
  0.26700000000000002       0.23677325863522325       0.66835202046920628     
  0.26800000000000002       0.23744044112806184       0.66601186773764620     
  0.26900000000000002       0.23810528017960733       0.66366514173783786     
  0.27000000000000002       0.23876776922816670       0.66131186563101929     
  0.27100000000000002       0.23942790173524053       0.65895206264307571     
  0.27200000000000002       0.24008567118558746       0.65658575606430980     
  0.27300000000000002       0.24074107108728859       0.65421296924921224     
  0.27400000000000002       0.24139409497181150       0.65183372561623087     
  0.27500000000000002       0.24204473639407406       0.64944804864753980     
  0.27600000000000002       0.24269298893250812       0.64705596188880754     
  0.27700000000000002       0.24333884618912288       0.64465748894896469     
  0.27800000000000002       0.24398230178956792       0.64225265349997074     
  0.27900000000000003       0.24462334938319627       0.63984147927658075     
  0.28000000000000003       0.24526198264312699       0.63742399007611095     
  0.28100000000000003       0.24589819526630763       0.63500020975820359     
  0.28200000000000003       0.24653198097357645       0.63257016224459195     
  0.28300000000000003       0.24716333350972439       0.63013387151886391     
  0.28400000000000003       0.24779224664355681       0.62769136162622530     
  0.28500000000000003       0.24841871416795502       0.62524265667326273     
  0.28600000000000003       0.24904272989993745       0.62278778082770536     
  0.28700000000000003       0.24966428768072074       0.62032675831818673     
  0.28800000000000003       0.25028338137578054       0.61785961343400553     
  0.28899999999999998       0.25090000487491210       0.61538637052488565     
  0.28999999999999998       0.25151415209229033       0.61290705400073608     
  0.29099999999999998       0.25212581696653019       0.61042168833140997     
  0.29199999999999998       0.25273499346074629       0.60793029804646304     
  0.29299999999999998       0.25334167556261261       0.60543290773491154     
  0.29399999999999998       0.25394585728442171       0.60292954204498961     
  0.29499999999999998       0.25454753266314389       0.60042022568390596     
  0.29599999999999999       0.25514669576048615       0.59790498341760001     
  0.29699999999999999       0.25574334066295057       0.59538384007049738     
  0.29799999999999999       0.25633746148189285       0.59285682052526523     
  0.29899999999999999       0.25692905235358032       0.59032394972256608     
  0.29999999999999999       0.25751810743925002       0.58778525266081216     
  0.30099999999999999       0.25810462092516601       0.58524075439591861     
  0.30199999999999999       0.25868858702267694       0.58269048004105606     
  0.30299999999999999       0.25926999996827327       0.58013445476640269     
  0.30399999999999999       0.25984885402364388       0.57757270379889603     
  0.30499999999999999       0.26042514347573303       0.57500525242198397     
  0.30599999999999999       0.26099886263679645       0.57243212597537496     
  0.30700000000000000       0.26157000584445761       0.56985334985478830     
  0.30800000000000000       0.26213856746176367       0.56726894951170304     
  0.30900000000000000       0.26270454187724102       0.56467895045310723     
  0.31000000000000000       0.26326792350495065       0.56208337824124599     
  0.31100000000000000       0.26382870678454334       0.55948225849336908     
  0.31200000000000000       0.26438688618131456       0.55687561688147835     
  0.31300000000000000       0.26494245618625900       0.55426347913207408     
  0.31400000000000000       0.26549541131612497       0.55164587102590124     
  0.31500000000000000       0.26604574611346865       0.54902281839769507     
  0.31600000000000000       0.26659345514670774       0.54639434713592605     
  0.31700000000000000       0.26713853301017515       0.54376048318254433     
  0.31800000000000000       0.26768097432417254       0.54112125253272381     
  0.31900000000000001       0.26822077373502307       0.53847668123460546     
  0.32000000000000001       0.26875792591512448       0.53582679538904021     
  0.32100000000000001       0.26929242556300165       0.53317162114933170     
  0.32200000000000001       0.26982426740335880       0.53051118472097758     
  0.32300000000000001       0.27035344618713175       0.52784551236141131     
  0.32400000000000001       0.27087995669153953       0.52517463037974299     
  0.32500000000000001       0.27140379372013596       0.52249856513649939     
  0.32600000000000001       0.27192495210286111       0.51981734304336402     
  0.32700000000000001       0.27244342669609217       0.51713099056291656     
  0.32800000000000001       0.27295921238269422       0.51443953420837141     
  0.32900000000000001       0.27347230407207074       0.51174300054331612     
  0.33000000000000002       0.27398269670021386       0.50904141618144938     
  0.33100000000000002       0.27449038522975450       0.50633480778631812     
  0.33200000000000002       0.27499536465001179       0.50362320207105449     
  0.33300000000000002       0.27549762997704269       0.50090662579811207     
  0.33400000000000002       0.27599717625369125       0.49818510577900205     
  0.33500000000000002       0.27649399854963741       0.49545866887402817     
  0.33600000000000002       0.27698809196144564       0.49272734199202201     
  0.33700000000000002       0.27747945161261345       0.48999115209007715     
  0.33800000000000002       0.27796807265361950       0.48725012617328328     
  0.33900000000000002       0.27845395026197134       0.48450429129445954     
  0.34000000000000002       0.27893707964225317       0.48175367455388768     
  0.34100000000000003       0.27941745602617307       0.47899830309904434     
  0.34200000000000003       0.27989507467261004       0.47623820412433343     
  0.34300000000000003       0.28036993086766088       0.47347340487081752     
  0.34400000000000003       0.28084201992468660       0.47070393262594901     
  0.34500000000000003       0.28131133718435886       0.46792981472330081     
  0.34600000000000003       0.28177787801470577       0.46515107854229665     
  0.34700000000000003       0.28224163781115774       0.46236775150794079     
  0.34800000000000003       0.28270261199659275       0.45957986109054738     
  0.34900000000000003       0.28316079602138172       0.45678743480546929     
  0.35000000000000003       0.28361618536343330       0.45399050021282661     
  0.35100000000000003       0.28406877552823850       0.45118908491723453     
  0.35199999999999998       0.28451856204891518       0.44838321656753100     
  0.35299999999999998       0.28496554048625194       0.44557292285650385     
  0.35399999999999998       0.28540970642875207       0.44275823152061744     
  0.35499999999999998       0.28585105549267703       0.43993917033973884     
  0.35599999999999998       0.28628958332208970       0.43711576713686384     
  0.35699999999999998       0.28672528558889748       0.43428804977784213     
  0.35799999999999998       0.28715815799289496       0.43145604617110245     
  0.35899999999999999       0.28758819626180621       0.42861978426737701     
  0.35999999999999999       0.28801539615132715       0.42577929205942572     
  0.36099999999999999       0.28843975344516731       0.42293459758175994     
  0.36199999999999999       0.28886126395509160       0.42008572891036566     
  0.36299999999999999       0.28927992352096138       0.41723271416242652     
  0.36399999999999999       0.28969572801077581       0.41437558149604625     
  0.36499999999999999       0.29010867332071244       0.41151435910997075     
  0.36599999999999999       0.29051875537516775       0.40864907524330979     
  0.36699999999999999       0.29092597012679744       0.40577975817525841     
  0.36799999999999999       0.29133031355655636       0.40290643622481764     
  0.36899999999999999       0.29173178167373803       0.40002913775051507     
  0.37000000000000000       0.29213037051601426       0.39714789115012500     
  0.37100000000000000       0.29252607614947407       0.39426272486038816     
  0.37200000000000000       0.29291889466866267       0.39137366735673101     
  0.37300000000000000       0.29330882219661980       0.38848074715298475     
  0.37400000000000000       0.29369585488491823       0.38558399280110378     
  0.37500000000000000       0.29407998891370152       0.38268343289088408     
  0.37600000000000000       0.29446122049172196       0.37977909604968096     
  0.37700000000000000       0.29483954585637773       0.37687101094212649     
  0.37800000000000000       0.29521496127375024       0.37395920626984658     
  0.37900000000000000       0.29558746303864092       0.37104371077117781     
  0.38000000000000000       0.29595704747460772       0.36812455322088367     
  0.38100000000000001       0.29632371093400145       0.36520176242987062     
  0.38200000000000001       0.29668744979800182       0.36227536724490383     
  0.38300000000000001       0.29704826047665306       0.35934539654832226     
  0.38400000000000001       0.29740613940889948       0.35641187925775381     
  0.38500000000000001       0.29776108306262050       0.35347484432582976     
  0.38600000000000001       0.29811308793466551       0.35053432073989915     
  0.38700000000000001       0.29846215055088859       0.34759033752174262     
  0.38800000000000001       0.29880826746618261       0.34464292372728594     
  0.38900000000000001       0.29915143526451338       0.34169210844631337     
  0.39000000000000001       0.29949165055895327       0.33873792080218035     
  0.39100000000000001       0.29982890999171463       0.33578038995152626     
  0.39200000000000002       0.30016321023418308       0.33281954508398659     
  0.39300000000000002       0.30049454798695019       0.32985541542190477     
  0.39400000000000002       0.30082291997984606       0.32688803022004392     
  0.39500000000000002       0.30114832297197175       0.32391741876529795     
  0.39600000000000002       0.30147075375173105       0.32094361037640262     
  0.39700000000000002       0.30179020913686239       0.31796663440364609     
  0.39800000000000002       0.30210668597447005       0.31498652022857937     
  0.39900000000000002       0.30242018114105540       0.31200329726372622     
  0.40000000000000002       0.30273069154254778       0.30901699495229284     
  0.40100000000000002       0.30303821411433485       0.30602764276787747     
  0.40200000000000002       0.30334274582129295       0.30303527021417925     
  0.40300000000000002       0.30364428365781709       0.30003990682470721     
  0.40400000000000003       0.30394282464785061       0.29704158216248866     
  0.40500000000000003       0.30423836584491443       0.29404032581977751     
  0.40600000000000003       0.30453090433213625       0.29103616741776223     
  0.40700000000000003       0.30482043722227931       0.28802913660627338     
  0.40800000000000003       0.30510696165777090       0.28501926306349101     
  0.40900000000000003       0.30539047481073051       0.28200657649565186     
  0.41000000000000003       0.30567097388299774       0.27899110663675608     
  0.41100000000000003       0.30594845610616006       0.27597288324827368     
  0.41200000000000003       0.30622291874157992       0.27295193611885105     
  0.41300000000000003       0.30649435908042189       0.26992829506401667     
  0.41400000000000003       0.30676277444367944       0.26690198992588704     
  0.41500000000000004       0.30702816218220130       0.26387305057287208     
  0.41600000000000004       0.30729051967671767       0.26084150689938035     
  0.41699999999999998       0.30754984433786592       0.25780738882552395     
  0.41799999999999998       0.30780613360621639       0.25477072629682340     
  0.41899999999999998       0.30805938495229745       0.25173154928391184     
  0.41999999999999998       0.30830959587662060       0.24868988778223935     
  0.42099999999999999       0.30855676390970499       0.24564577181177699     
  0.42199999999999999       0.30880088661210192       0.24259923141672041     
  0.42299999999999999       0.30904196157441893       0.23955029666519334     
  0.42399999999999999       0.30927998641734344       0.23649899764895083     
  0.42499999999999999       0.30951495879166635       0.23344536448308228     
  0.42599999999999999       0.30974687637830517       0.23038942730571421     
  0.42699999999999999       0.30997573688832697       0.22733121627771283     
  0.42799999999999999       0.31020153806297091       0.22427076158238626     
  0.42899999999999999       0.31042427767367053       0.22120809342518680     
  0.42999999999999999       0.31064395352207580       0.21814324203341265     
  0.43099999999999999       0.31086056344007484       0.21507623765590969     
  0.43200000000000000       0.31107410528981516       0.21200711056277291     
  0.43300000000000000       0.31128457696372491       0.20893589104504764     
  0.43400000000000000       0.31149197638453369       0.20586260941443058     
  0.43500000000000000       0.31169630150529293       0.20278729600297066     
  0.43600000000000000       0.31189755030939614       0.19970998116276967     
  0.43700000000000000       0.31209572081059894       0.19663069526568269     
  0.43800000000000000       0.31229081105303846       0.19354946870301834     
  0.43900000000000000       0.31248281911125275       0.19046633188523882     
  0.44000000000000000       0.31267174309019979       0.18738131524165977     
  0.44100000000000000       0.31285758112527623       0.18429444922014995     
  0.44200000000000000       0.31304033138233567       0.18120576428683077     
  0.44300000000000000       0.31321999205770684       0.17811529092577555     
  0.44400000000000001       0.31339656137821142       0.17502305963870862     
  0.44500000000000001       0.31357003760118146       0.17192910094470440     
  0.44600000000000001       0.31374041901447675       0.16883344537988609     
  0.44700000000000001       0.31390770393650147       0.16573612349712430     
  0.44800000000000001       0.31407189071622099       0.16263716586573557     
  0.44900000000000001       0.31423297773317810       0.15953660307118056     
  0.45000000000000001       0.31439096339750894       0.15643446571476230     
  0.45100000000000001       0.31454584614995884       0.15333078441332407     
  0.45200000000000001       0.31469762446189753       0.15022558979894729     
  0.45300000000000001       0.31484629683533433       0.14711891251864914     
  0.45400000000000001       0.31499186180293298       0.14401078323408015     
  0.45500000000000002       0.31513431792802599       0.14090123262122151     
  0.45600000000000002       0.31527366380462896       0.13779029137008239     
  0.45700000000000002       0.31540989805745429       0.13467799018439694     
  0.45800000000000002       0.31554301934192491       0.13156435978132136     
  0.45900000000000002       0.31567302634418754       0.12844943089113067     
  0.46000000000000002       0.31579991778112548       0.12533323425691545     
  0.46100000000000002       0.31592369240037155       0.12221580063427838     
  0.46200000000000002       0.31604434898032019       0.11909716079103073     
  0.46300000000000002       0.31616188633013964       0.11597734550688868     
  0.46400000000000002       0.31627630328978379       0.11285638557316953     
  0.46500000000000002       0.31638759873000338       0.10973431179248781     
  0.46600000000000003       0.31649577155235736       0.10661115497845129     
  0.46700000000000003       0.31660082068922363       0.10348694595535680     
  0.46800000000000003       0.31670274510380964       0.10036171555788610     
  0.46900000000000003       0.31680154379016257        9.7235494630801458E-002
  0.47000000000000003       0.31689721577317925        9.4108314028641296E-002
  0.47100000000000003       0.31698976010861590        9.0980204615415630E-002
  0.47200000000000003       0.31707917588309725        8.7851197264301475E-002
  0.47300000000000003       0.31716546221412567        8.4721322857338119E-002
  0.47400000000000003       0.31724861825008993        8.1590612285122349E-002
  0.47500000000000003       0.31732864317027354        7.8459096446503562E-002
  0.47600000000000003       0.31740553618486284        7.5326806248278824E-002
  0.47700000000000004       0.31747929653495482        7.2193772604887796E-002
  0.47800000000000004       0.31754992349256461        6.9060026438107644E-002
  0.47900000000000004       0.31761741636063268        6.5925598676747868E-002
  0.47999999999999998       0.31768177447303159        6.2790520256345031E-002
  0.48099999999999998       0.31774299719457283        5.9654822118857420E-002
  0.48199999999999998       0.31780108392101281        5.6518535212359687E-002
  0.48299999999999998       0.31785603407905899        5.3381690490737405E-002
  0.48399999999999999       0.31790784712637554        5.0244318913381547E-002
  0.48499999999999999       0.31795652255158857        4.7106451444882944E-002
  0.48599999999999999       0.31800205987429131        4.3968119054726675E-002
  0.48699999999999999       0.31804445864504871        4.0829352716986400E-002
  0.48799999999999999       0.31808371844540206        3.7690183410018674E-002
  0.48899999999999999       0.31811983888787299        3.4550642116157194E-002
  0.48999999999999999       0.31815281961596731        3.1410759821407015E-002
  0.49099999999999999       0.31818266030417852        2.8270567515138737E-002
  0.49199999999999999       0.31820936065799110        2.5130096189782646E-002
  0.49299999999999999       0.31823292041388335        2.1989376840522830E-002
  0.49399999999999999       0.31825333933932998        1.8848440464991279E-002
  0.49500000000000000       0.31827061723280442        1.5707318062961943E-002
  0.49600000000000000       0.31828475392378086        1.2566040636044775E-002
  0.49700000000000000       0.31829574927273585        9.4246391873797648E-003
  0.49800000000000000       0.31830360317114975        6.2831447213309456E-003
  0.49900000000000000       0.31830831554150779        3.1415882431803954E-003
  0.50000000000000000       0.31830988633730073        7.5882222467377192E-010
  0.50100000000000000       0.31830831554302547       -3.1415867255434348E-003
  0.50200000000000000       0.31830360317418505       -6.2831432037164531E-003
  0.50300000000000000       0.31829574927728871       -9.4246376698027181E-003
  0.50400000000000000       0.31828475392985123       -1.2566039118520151E-002
  0.50500000000000000       0.31827061724039224       -1.5707316545504720E-002
  0.50600000000000001       0.31825333934843519       -1.8848438947616435E-002
  0.50700000000000001       0.31823292042450591       -2.1989375323245339E-002
  0.50800000000000001       0.31820936067013089       -2.5130094672617481E-002
  0.50900000000000001       0.31818266031783538       -2.8270565998100877E-002
  0.51000000000000001       0.31815281963114111       -3.1410758304511427E-002
  0.51100000000000001       0.31811983890456363       -3.4550640599418848E-002
  0.51200000000000001       0.31808371846360933       -3.7690181893452544E-002
  0.51300000000000001       0.31804445866477243       -4.0829351200607447E-002
  0.51400000000000001       0.31800205989553132       -4.3968117538549865E-002
  0.51500000000000001       0.31795652257434465       -4.7106449928923246E-002
  0.51600000000000001       0.31790784715064746       -5.0244317397653920E-002
  0.51700000000000002       0.31785603410484653       -5.3381688975256809E-002
  0.51800000000000002       0.31780108394831569       -5.6518533697141084E-002
  0.51900000000000002       0.31774299722339078       -5.9654820603915762E-002
  0.52000000000000002       0.31768177450336432       -6.2790518741695278E-002
  0.52100000000000002       0.31761741639247987       -6.5925597162404967E-002
  0.52200000000000002       0.31754992352592598       -6.9060024924086527E-002
  0.52300000000000002       0.31747929656983004       -7.2193771091203410E-002
  0.52400000000000002       0.31740553622125156       -7.5326804734946115E-002
  0.52500000000000002       0.31732864320817539       -7.8459094933537463E-002
  0.52600000000000002       0.31724861828950457       -8.1590610772537778E-002
  0.52700000000000002       0.31716546225505271       -8.4721321345150008E-002
  0.52800000000000002       0.31707917592553625       -8.7851195752524758E-002
  0.52900000000000003       0.31698976015256647       -9.0980203104065224E-002
  0.53000000000000003       0.31689721581864094       -9.4108312517732121E-002
  0.53100000000000003       0.31680154383713494       -9.7235493120348432E-002
  0.53200000000000003       0.31670274515229219      -0.10036171404790413     
  0.53300000000000003       0.31660082073921592      -0.10348694444586079     
  0.53400000000000003       0.31649577160385889      -0.10661115346945613     
  0.53500000000000003       0.31638759878301365      -0.10973431028400840     
  0.53600000000000003       0.31627630334430229      -0.11285638406522075     
  0.53700000000000003       0.31616188638616582      -0.11597734399948542     
  0.53800000000000003       0.31604434903785344      -0.11909715928418786     
  0.53900000000000003       0.31592369245941138      -0.12221579912801077     
  0.54000000000000004       0.31579991784167127      -0.12533323275123798     
  0.54100000000000004       0.31567302640623868      -0.12844942938605819     
  0.54200000000000004       0.31554301940548085      -0.13156435827686871     
  0.54300000000000004       0.31540989812251435      -0.13467798868057898     
  0.54400000000000004       0.31527366387119254      -0.13779028986691397     
  0.54500000000000004       0.31513431799609243      -0.14090123111871747     
  0.54600000000000004       0.31499186187250156      -0.14401078173225529     
  0.54700000000000004       0.31484629690640437      -0.14711891101751831     
  0.54800000000000004       0.31469762453446831      -0.15022558829852528     
  0.54900000000000004       0.31454584622402970      -0.15333078291362570     
  0.55000000000000004       0.31439096347307915      -0.15643446421580237     
  0.55100000000000005       0.31423297781024689      -0.15953660157297386     
  0.55200000000000005       0.31407189079478759      -0.16263716436829689     
  0.55300000000000005       0.31390770401656509      -0.16573612200046844     
  0.55400000000000005       0.31374041909603662      -0.16883344388402780     
  0.55500000000000005       0.31357003768423680      -0.17192909944965845     
  0.55600000000000005       0.31339656146276135      -0.17502305814448976     
  0.55700000000000005       0.31321999214375057      -0.17811528943239852     
  0.55800000000000005       0.31304033146987237      -0.18120576279431033     
  0.55900000000000005       0.31285758121430501      -0.18429444772850082     
  0.56000000000000005       0.31267174318071977      -0.18738131375089664     
  0.56100000000000005       0.31248281920326304      -0.19046633039537644     
  0.56200000000000006       0.31229081114653817      -0.19354946721407143     
  0.56300000000000006       0.31209572090558713      -0.19663069377766593     
  0.56400000000000006       0.31189755040587186      -0.19970997967569776     
  0.56500000000000006       0.31169630160325523      -0.20278729451685826     
  0.56600000000000006       0.31149197648398164      -0.20586260792929237     
  0.56700000000000006       0.31128457706465751      -0.20893588956089826     
  0.56800000000000006       0.31107410539223135      -0.21200710907962703     
  0.56900000000000006       0.31086056354397368      -0.21507623617378191     
  0.57000000000000006       0.31064395362745628      -0.21814324055231760     
  0.57100000000000006       0.31042427778053155      -0.22120809194513913     
  0.57200000000000006       0.31020153817131146      -0.22427076010340058     
  0.57300000000000006       0.30997573699814601      -0.22733121479980373     
  0.57400000000000007       0.30974687648960159      -0.23038942582889629     
  0.57500000000000007       0.30951495890443903      -0.23344536300737009     
  0.57600000000000007       0.30927998653159128      -0.23649899617435893     
  0.57699999999999996       0.30904196169014081      -0.23955029519173629     
  0.57799999999999996       0.30880088672929668      -0.24259922994441277     
  0.57899999999999996       0.30855676402837146      -0.24564577034063328     
  0.57999999999999996       0.30830959599675761      -0.24868988631227409     
  0.58099999999999996       0.30805938507390385      -0.25173154781513951     
  0.58199999999999996       0.30780613372929094      -0.25477072482925855     
  0.58299999999999996       0.30754984446240741      -0.25780738735918107     
  0.58399999999999996       0.30729051980272487      -0.26084150543427387     
  0.58499999999999996       0.30702816230967300      -0.26387304910901649     
  0.58599999999999997       0.30676277457261436      -0.26690198846329677     
  0.58699999999999997       0.30649435921081875      -0.26992829360270615     
  0.58799999999999997       0.30622291887343744      -0.27295193465883472     
  0.58899999999999997       0.30594845623947697      -0.27597288178956597     
  0.58999999999999997       0.30567097401777271      -0.27899110517937131     
  0.59099999999999997       0.30539047494696220      -0.28200657503960447     
  0.59199999999999997       0.30510696179545799      -0.28501926160879532     
  0.59299999999999997       0.30482043736142039      -0.28802913515294376     
  0.59399999999999997       0.30453090447272996      -0.29103616596581305     
  0.59499999999999997       0.30423836598695936      -0.29404032436922312     
  0.59599999999999997       0.30394282479134538      -0.29704158071334330     
  0.59699999999999998       0.30364428380276032      -0.30003990537698522     
  0.59799999999999998       0.30334274596768313      -0.30303526876789494     
  0.59899999999999998       0.30303821426217059      -0.30602764132304511     
  0.59999999999999998       0.30273069169182765      -0.30901699350892670     
  0.60099999999999998       0.30242018129177789      -0.31200329582184050     
  0.60199999999999998       0.30210668612663366      -0.31498651878818834     
  0.60299999999999998       0.30179020929046563      -0.31796663296476396     
  0.60399999999999998       0.30147075390677242      -0.32094360893904356     
  0.60499999999999998       0.30114832312844969      -0.32391741732947615     
  0.60599999999999998       0.30082292013775908      -0.32688802878577355     
  0.60699999999999998       0.30049454814629667      -0.32985541398919999     
  0.60799999999999998       0.30016321039496147      -0.33281954365286154     
  0.60899999999999999       0.29982891015392332      -0.33578038852199510     
  0.60999999999999999       0.29949165072259065      -0.33873791937425718     
  0.61099999999999999       0.29915143542957789      -0.34169210702001229     
  0.61199999999999999       0.29880826763267260      -0.34464292230262106     
  0.61299999999999999       0.29846215071880239      -0.34759033609872797     
  0.61399999999999999       0.29811308810400150      -0.35053431931854878     
  0.61499999999999999       0.29776108323337697      -0.35347484290615766     
  0.61599999999999999       0.29740613958107481      -0.35641187783977402     
  0.61699999999999999       0.29704826065024553      -0.35934539513204877     
  0.61799999999999999       0.29668744997300966      -0.36227536583035064     
  0.61899999999999999       0.29632371111042299      -0.36520176101705165     
  0.62000000000000000       0.29595704765244119      -0.36812455180981285     
  0.62100000000000000       0.29558746321788459      -0.37104370936186909     
  0.62200000000000000       0.29521496145440235      -0.37395920486231388     
  0.62300000000000000       0.29483954603843643      -0.37687100953638369     
  0.62400000000000000       0.29446122067518549      -0.37977909464574194     
  0.62500000000000000       0.29407998909856808      -0.38268343148876266     
  0.62600000000000000       0.29369585507118601      -0.38558399140081379     
  0.62700000000000000       0.29330882238428696      -0.38848074575454006     
  0.62800000000000000       0.29291889485772732      -0.39137366596014544     
  0.62900000000000000       0.29252607633993438      -0.39426272346567548     
  0.63000000000000000       0.29213037070786835      -0.39714788975729898     
  0.63100000000000001       0.29173178186698401      -0.40002913635958942     
  0.63200000000000001       0.29133031375119228      -0.40290643483580613     
  0.63300000000000001       0.29092597032282141      -0.40577975678817474     
  0.63400000000000001       0.29051875557257784      -0.40864907385816762     
  0.63500000000000001       0.29010867351950664      -0.41151435772678374     
  0.63600000000000001       0.28969572821095219      -0.41437558011482811     
  0.63700000000000001       0.28927992372251798      -0.41723271278319085     
  0.63800000000000001       0.28886126415802643      -0.42008572753312606     
  0.63900000000000001       0.28843975364947838      -0.42293459620653001     
  0.64000000000000001       0.28801539635701240      -0.42577929068621906     
  0.64100000000000001       0.28758819646886363      -0.42861978289620711     
  0.64200000000000002       0.28715815820132251      -0.43145604480198291     
  0.64300000000000002       0.28672528579869316      -0.43428804841078644     
  0.64400000000000002       0.28628958353325135      -0.43711576577188549     
  0.64500000000000002       0.28585105570520258      -0.43993916897685131     
  0.64600000000000002       0.28540970664263948      -0.44275823015983418     
  0.64700000000000002       0.28496554070149910      -0.44557292149783828     
  0.64800000000000002       0.28451856226551997      -0.44838321521099656     
  0.64900000000000002       0.28406877574619877      -0.45118908356284460     
  0.65000000000000002       0.28361618558274687      -0.45399049886059456     
  0.65100000000000002       0.28316079624204643      -0.45678743345540845     
  0.65200000000000002       0.28270261221860643      -0.45957985974267107     
  0.65300000000000002       0.28224163803451818      -0.46236775016226228     
  0.65400000000000003       0.28177787823941081      -0.46515107719882925     
  0.65500000000000003       0.28131133741040620      -0.46792981338205775     
  0.65600000000000003       0.28084202015207405      -0.47070393128694354     
  0.65700000000000003       0.28036993109638619      -0.47347340353406292     
  0.65800000000000003       0.27989507490267101      -0.47623820278984286     
  0.65900000000000003       0.27941745625756742      -0.47899830176683095     
  0.66000000000000003       0.27893707987497862      -0.48175367322396462     
  0.66100000000000003       0.27845395049602556      -0.48450428996683997     
  0.66200000000000003       0.27796807288900016      -0.48725012484798025     
  0.66300000000000003       0.27747945184931827      -0.48999115076710376     
  0.66400000000000003       0.27698809219947224      -0.49272734067139129     
  0.66500000000000004       0.27649399878898345      -0.49545866755575318     
  0.66600000000000004       0.27599717649435440      -0.49818510446309577     
  0.66700000000000004       0.27549763021902057      -0.50090662448458756     
  0.66800000000000004       0.27499536489330201      -0.50362320075992462     
  0.66900000000000004       0.27449038547435467      -0.50633480647759588     
  0.67000000000000004       0.27398269694612154      -0.50904141487514765     
  0.67100000000000004       0.27347230431928349      -0.51174299923944777     
  0.67200000000000004       0.27295921263120965      -0.51443953290694933     
  0.67300000000000004       0.27244342694590784      -0.51713098926395362     
  0.67400000000000004       0.27192495235397451      -0.51981734174687311     
  0.67500000000000004       0.27140379397254460      -0.52249856384249327     
  0.67600000000000005       0.27087995694524092      -0.52517462908823442     
  0.67700000000000005       0.27035344644212339      -0.52784551107241307     
  0.67800000000000005       0.26982426765963818      -0.53051118343450232     
  0.67900000000000005       0.26929242582056623      -0.53317161986539219     
  0.68000000000000005       0.26875792617397171      -0.53582679410764911     
  0.68100000000000005       0.26822077399515037      -0.53847667995577531     
  0.68200000000000005       0.26768097458557738      -0.54112125125646737     
  0.68300000000000005       0.26713853327285497      -0.54376048190887416     
  0.68400000000000005       0.26659345541065993      -0.54639434586485469     
  0.68500000000000005       0.26604574637869061      -0.54902281712923506     
  0.68600000000000005       0.26549541158261408      -0.55164586976006502     
  0.68700000000000006       0.26494245645401260      -0.55426347786887420     
  0.68800000000000006       0.26438688645033004      -0.55687561562092736     
  0.68900000000000006       0.26382870705481803      -0.55948225723547940     
  0.69000000000000006       0.26326792377648189      -0.56208337698602995     
  0.69100000000000006       0.26270454215002614      -0.56467894920057726     
  0.69200000000000006       0.26213856773580002      -0.56726894826187146     
  0.69300000000000006       0.26157000611974246      -0.56985334860766745     
  0.69400000000000006       0.26099886291332708      -0.57243212473097727     
  0.69500000000000006       0.26042514375350673      -0.57500525118032164     
  0.69600000000000006       0.25984885430265792      -0.57757270255998139     
  0.69700000000000006       0.25927000024852481      -0.58013445353024784     
  0.69800000000000006       0.25868858730416328      -0.58269047880767322     
  0.69900000000000007       0.25810462120788430      -0.58524075316531998     
  0.70000000000000007       0.25751810772319750      -0.58778525143300986     
  0.70100000000000007       0.25692905263875421      -0.59032394849757219     
  0.70200000000000007       0.25633746176829031      -0.59285681930309198     
  0.70300000000000007       0.25574334095056878      -0.59538383885115687     
  0.70399999999999996       0.25514669604932227      -0.59790498220110411     
  0.70499999999999996       0.25454753295319510      -0.60042022447026677     
  0.70599999999999996       0.25394585757568511      -0.60292954083421901     
  0.70699999999999996       0.25334167585508532      -0.60543290652702153     
  0.70799999999999996       0.25273499375442549      -0.60793029684146560     
  0.70899999999999996       0.25212581726141292      -0.61042168712931699     
  0.70999999999999996       0.25151415238837371      -0.61290705280155944     
  0.71099999999999997       0.25090000517219319      -0.61538636932863711     
  0.71199999999999997       0.25028338167425646      -0.61785961224069696     
  0.71299999999999997       0.24966428798038845      -0.62032675712782992     
  0.71399999999999997       0.24904273020079401      -0.62278777964031196     
  0.71499999999999997       0.24841871446999750      -0.62524265548884450     
  0.71599999999999997       0.24779224694678223      -0.62769136044479401     
  0.71699999999999997       0.24716333381412972      -0.63013387034043111     
  0.71799999999999997       0.24653198127915871      -0.63257016106916930     
  0.71899999999999997       0.24589819557306380      -0.63500020858580275     
  0.71999999999999997       0.24526198295105406      -0.63742398890674346     
  0.72099999999999997       0.24462334969229119      -0.63984147811025815     
  0.72199999999999998       0.24398230209982763      -0.64225265233670448     
  0.72299999999999998       0.24333884650054430      -0.64465748778876619     
  0.72399999999999998       0.24269298924508820      -0.64705596073168836     
  0.72499999999999998       0.24204473670780968      -0.64944804749351137     
  0.72599999999999998       0.24139409528669958      -0.65183372446530463     
  0.72699999999999998       0.24074107140332607      -0.65421296810139951     
  0.72799999999999998       0.24008567150277119      -0.65658575491962190     
  0.72899999999999998       0.23942790205356737      -0.65895206150152397     
  0.72999999999999998       0.23876776954763351      -0.66131186449261492     
  0.73099999999999998       0.23810528050021096      -0.66366514060259207     
  0.73199999999999998       0.23744044144979912      -0.66601186660557021     
  0.73299999999999998       0.23677325895809101      -0.66835201934031119     
  0.73399999999999999       0.23610373960990849      -0.67068557571045229     
  0.73499999999999999       0.23543189001313722      -0.67301251268473428     
  0.73599999999999999       0.23475771679866145      -0.67533280729722867     
  0.73699999999999999       0.23408122662029865      -0.67764643664756430     
  0.73799999999999999       0.23340242615473375      -0.67995337790115362     
  0.73899999999999999       0.23272132210145330      -0.68225360828941783     
  0.73999999999999999       0.23203792118267932      -0.68454710511001160     
  0.74099999999999999       0.23135223014330297      -0.68683384572704731     
  0.74199999999999999       0.23066425575081800      -0.68911380757131835     
  0.74299999999999999       0.22997400479525390      -0.69138696814052170     
  0.74399999999999999       0.22928148408910892      -0.69365330499948030     
  0.74500000000000000       0.22858670046728286      -0.69591279578036436     
  0.74600000000000000       0.22788966078700953      -0.69816541818291211     
  0.74700000000000000       0.22719037192778918      -0.70041114997464982     
  0.74800000000000000       0.22648884079132053      -0.70264996899111132     
  0.74900000000000000       0.22578507430143269      -0.70488185313605689     
  0.75000000000000000       0.22507907940401675      -0.70710678038169106     
  0.75100000000000000       0.22437086306695736      -0.70932472876888009     
  0.75200000000000000       0.22366043228006383      -0.71153567640736892     
  0.75300000000000000       0.22294779405500117      -0.71373960147599702     
  0.75400000000000000       0.22223295542522101      -0.71593648222291373     
  0.75500000000000000       0.22151592344589197      -0.71812629696579289     
  0.75600000000000001       0.22079670519383024      -0.72030902409204722     
  0.75700000000000001       0.22007530776742959      -0.72248464205904117     
  0.75800000000000001       0.21935173828659135      -0.72465312939430371     
  0.75900000000000001       0.21862600389265421      -0.72681446469574029     
  0.76000000000000001       0.21789811174832363      -0.72896862663184414     
  0.76100000000000001       0.21716806903760119      -0.73111559394190662     
  0.76200000000000001       0.21643588296571370      -0.73325534543622717     
  0.76300000000000001       0.21570156075904212      -0.73538785999632239     
  0.76400000000000001       0.21496510966505014      -0.73751311657513463     
  0.76500000000000001       0.21422653695221275      -0.73963109419723938     
  0.76600000000000001       0.21348584990994443      -0.74174177195905255     
  0.76700000000000002       0.21274305584852726      -0.74384512902903688     
  0.76800000000000002       0.21199816209903874      -0.74594114464790717     
  0.76900000000000002       0.21125117601327945      -0.74802979812883552     
  0.77000000000000002       0.21050210496370048      -0.75011106885765533     
  0.77100000000000002       0.20975095634333066      -0.75218493629306482     
  0.77200000000000002       0.20899773756570361      -0.75425137996682956     
  0.77300000000000002       0.20824245606478459      -0.75631037948398483     
  0.77400000000000002       0.20748511929489707      -0.75836191452303670     
  0.77500000000000002       0.20672573473064923      -0.76040596483616252     
  0.77600000000000002       0.20596430986686010      -0.76244251024941090     
  0.77700000000000002       0.20520085221848572      -0.76447153066290097     
  0.77800000000000002       0.20443536932054482      -0.76649300605102033     
  0.77900000000000003       0.20366786872804457      -0.76850691646262292     
  0.78000000000000003       0.20289835801590597      -0.77051324202122617     
  0.78100000000000003       0.20212684477888906      -0.77251196292520685     
  0.78200000000000003       0.20135333663151803      -0.77450305944799647     
  0.78300000000000003       0.20057784120800598      -0.77648651193827634     
  0.78400000000000003       0.19980036616217969      -0.77846230082017098     
  0.78500000000000003       0.19902091916740394      -0.78043040659344198     
  0.78600000000000003       0.19823950791650591      -0.78239080983367981     
  0.78700000000000003       0.19745614012169915      -0.78434349119249602     
  0.78800000000000003       0.19667082351450757      -0.78628843139771387     
  0.78900000000000003       0.19588356584568897      -0.78822561125355883     
  0.79000000000000004       0.19509437488515877      -0.79015501164084778     
  0.79100000000000004       0.19430325842191307      -0.79207661351717784     
  0.79200000000000004       0.19351022426395201      -0.79399039791711434     
  0.79300000000000004       0.19271528023820256      -0.79589634595237779     
  0.79400000000000004       0.19191843419044130      -0.79779443881203072     
  0.79500000000000004       0.19111969398521700      -0.79968465776266273     
  0.79600000000000004       0.19031906750577304      -0.80156698414857608     
  0.79700000000000004       0.18951656265396952      -0.80344139939196912     
  0.79800000000000004       0.18871218735020534      -0.80530788499312034     
  0.79900000000000004       0.18790594953334003      -0.80716642253057025     
  0.80000000000000004       0.18709785716061531      -0.80901699366130375     
  0.80100000000000005       0.18628791820757665      -0.81085958012093096     
  0.80200000000000005       0.18547614066799453      -0.81269416372386727     
  0.80300000000000005       0.18466253255378554      -0.81452072636351336     
  0.80400000000000005       0.18384710189493328      -0.81633925001243324     
  0.80500000000000005       0.18302985673940914      -0.81814971672253278     
  0.80600000000000005       0.18221080515309288      -0.81995210862523649     
  0.80700000000000005       0.18138995521969298      -0.82174640793166398     
  0.80800000000000005       0.18056731504066686      -0.82353259693280545     
  0.80900000000000005       0.17974289273514099      -0.82531065799969661     
  0.81000000000000005       0.17891669643983069      -0.82708057358359255     
  0.81100000000000005       0.17808873430895983      -0.82884232621614107     
  0.81200000000000006       0.17725901451418036      -0.83059589850955495     
  0.81300000000000006       0.17642754524449170      -0.83234127315678352     
  0.81400000000000006       0.17559433470615982      -0.83407843293168382     
  0.81500000000000006       0.17475939112263636      -0.83580736068919004     
  0.81600000000000006       0.17392272273447743      -0.83752803936548337     
  0.81700000000000006       0.17308433779926219      -0.83924045197815988     
  0.81800000000000006       0.17224424459151150      -0.84094458162639840     
  0.81900000000000006       0.17140245140260615      -0.84264041149112734     
  0.82000000000000006       0.17055896654070507      -0.84432792483519059     
  0.82100000000000006       0.16971379833066330      -0.84600710500351284     
  0.82200000000000006       0.16886695511394986      -0.84767793542326364     
  0.82300000000000006       0.16801844524856541      -0.84934039960402130     
  0.82400000000000007       0.16716827710895973      -0.85099448113793552     
  0.82500000000000007       0.16631645908594916      -0.85264016369988938     
  0.82600000000000007       0.16546299958663366      -0.85427743104766041     
  0.82700000000000007       0.16460790703431394      -0.85590626702208095     
  0.82800000000000007       0.16375118986840825      -0.85752665554719743     
  0.82900000000000007       0.16289285654436916      -0.85913858063042936     
  0.83000000000000007       0.16203291553360002      -0.86074202636272701     
  0.83100000000000007       0.16117137532337145      -0.86233697691872824     
  0.83200000000000007       0.16030824441673749      -0.86392341655691507     
  0.83299999999999996       0.15944353133245173      -0.86550132961976867     
  0.83399999999999996       0.15857724460488321      -0.86707070053392421     
  0.83499999999999996       0.15770939278393215      -0.86863151381032433     
  0.83599999999999997       0.15683998443494568      -0.87018375404437220     
  0.83699999999999997       0.15596902813863320      -0.87172740591608333     
  0.83799999999999997       0.15509653249098171      -0.87326245419023696     
  0.83899999999999997       0.15422250610317104      -0.87478888371652641     
  0.83999999999999997       0.15334695760148873      -0.87630667942970841     
  0.84099999999999997       0.15246989562724503      -0.87781582634975219     
  0.84199999999999997       0.15159132883668752      -0.87931630958198681     
  0.84299999999999997       0.15071126590091574      -0.88080811431724859     
  0.84399999999999997       0.14982971550579557      -0.88229122583202713     
  0.84499999999999997       0.14894668635187350      -0.88376562948861048     
  0.84599999999999997       0.14806218715429073      -0.88523131073522976     
  0.84699999999999998       0.14717622664269731      -0.88668825510620286     
  0.84799999999999998       0.14628881356116577      -0.88813644822207705     
  0.84899999999999998       0.14539995666810496      -0.88957587578977093     
  0.84999999999999998       0.14450966473617355      -0.89100652360271559     
  0.85099999999999998       0.14361794655219348      -0.89242837754099469     
  0.85199999999999998       0.14272481091706324      -0.89384142357148388     
  0.85299999999999998       0.14183026664567094      -0.89524564774798931     
  0.85399999999999998       0.14093432256680741      -0.89664103621138536     
  0.85499999999999998       0.14003698752307894      -0.89802757518975118     
  0.85599999999999998       0.13913827037082019      -0.89940525099850677     
  0.85699999999999998       0.13823817998000659      -0.90077405004054822     
  0.85799999999999998       0.13733672523416693      -0.90213395880638159     
  0.85899999999999999       0.13643391503029559      -0.90348496387425625     
  0.85999999999999999       0.13552975827876479      -0.90482705191029777     
  0.86099999999999999       0.13462426390323667      -0.90616020966863908     
  0.86199999999999999       0.13371744084057513      -0.90748442399155127     
  0.86299999999999999       0.13280929804075767      -0.90879968180957360     
  0.86399999999999999       0.13189984446678710      -0.91010597014164241     
  0.86499999999999999       0.13098908909460302      -0.91140327609521921     
  0.86599999999999999       0.13007704091299327      -0.91269158686641805     
  0.86699999999999999       0.12916370892350515      -0.91397088974013163     
  0.86799999999999999       0.12824910214035670      -0.91524117209015721     
  0.86899999999999999       0.12733322959034760      -0.91650242137932081     
  0.87000000000000000       0.12641610031277015      -0.91775462515960116     
  0.87100000000000000       0.12549772335932008      -0.91899777107225245     
  0.87200000000000000       0.12457810779400713      -0.92023184684792636     
  0.87300000000000000       0.12365726269306565      -0.92145684030679331     
  0.87400000000000000       0.12273519714486503      -0.92267273935866245     
  0.87500000000000000       0.12181192024981996      -0.92387953200310091     
  0.87600000000000000       0.12088744112030066      -0.92507720632955259     
  0.87700000000000000       0.11996176888054287      -0.92626575051745541     
  0.87800000000000000       0.11903491266655791      -0.92744515283635809     
  0.87900000000000000       0.11810688162604241      -0.92861540164603584     
  0.88000000000000000       0.11717768491828806      -0.92977648539660540     
  0.88100000000000001       0.11624733171409123      -0.93092839262863891     
  0.88200000000000001       0.11531583119566242      -0.93207111197327708     
  0.88300000000000001       0.11438319255653571      -0.93320463215234128     
  0.88400000000000001       0.11344942500147792      -0.93432894197844496     
  0.88500000000000001       0.11251453774639783      -0.93544403035510415     
  0.88600000000000001       0.11157854001825521      -0.93654988627684665     
  0.88700000000000001       0.11064144105496976      -0.93764649882932105     
  0.88800000000000001       0.10970325010532990      -0.93873385718940405     
  0.88900000000000001       0.10876397642890155      -0.93981195062530776     
  0.89000000000000001       0.10782362929593667      -0.94088076849668523     
  0.89100000000000001       0.10688221798728183      -0.94194030025473552     
  0.89200000000000002       0.10593975179428657      -0.94299053544230793     
  0.89300000000000002       0.10499624001871172      -0.94403146369400526     
  0.89400000000000002       0.10405169197263758      -0.94506307473628581     
  0.89500000000000002       0.10310611697837203      -0.94608535838756513     
  0.89600000000000002       0.10215952436835851      -0.94709830455831634     
  0.89700000000000002       0.10121192348508393      -0.94810190325116961     
  0.89800000000000002       0.10026332368098641      -0.94909614456101110     
  0.89900000000000002        9.9313734318363059E-002 -0.95008101867508044     
  0.90000000000000002        9.8363164769277506E-002 -0.95105651587306772     
  0.90100000000000002        9.7411624415467440E-002 -0.95202262652720937     
  0.90200000000000002        9.6459122648251988E-002 -0.95297934110238336     
  0.90300000000000002        9.5505668868439045E-002 -0.95392665015620315     
  0.90400000000000003        9.4551272486232477E-002 -0.95486454433911072     
  0.90500000000000003        9.3595942921139264E-002 -0.95579301439446918     
  0.90600000000000003        9.2639689601876518E-002 -0.95671205115865399     
  0.90700000000000003        9.1682521966278435E-002 -0.95762164556114326     
  0.90800000000000003        9.0724449461203158E-002 -0.95852178862460746     
  0.90900000000000003        8.9765481542439504E-002 -0.95941247146499797     
  0.91000000000000003        8.8805627674613669E-002 -0.96029368529163472     
  0.91100000000000003        8.7844897331095823E-002 -0.96116542140729311     
  0.91200000000000003        8.6883299993906579E-002 -0.96202767120828947     
  0.91300000000000003        8.5920845153623429E-002 -0.96288042618456648     
  0.91400000000000003        8.4957542309287079E-002 -0.96372367791977676     
  0.91500000000000004        8.3993400968307694E-002 -0.96455741809136619     
  0.91600000000000004        8.3028430646371054E-002 -0.96538163847065583     
  0.91700000000000004        8.2062640867344661E-002 -0.96619633092292334     
  0.91800000000000004        8.1096041163183724E-002 -0.96700148740748304     
  0.91900000000000004        8.0128641073837076E-002 -0.96779709997776553     
  0.92000000000000004        7.9160450147153033E-002 -0.96858316078139606     
  0.92100000000000004        7.8191477938785156E-002 -0.96935966206027169     
  0.92200000000000004        7.7221734012097948E-002 -0.97012659615063834     
  0.92300000000000004        7.6251227938072444E-002 -0.97088395548316619     
  0.92400000000000004        7.5279969295211788E-002 -0.97163173258302438     
  0.92500000000000004        7.4307967669446667E-002 -0.97236992006995482     
  0.92600000000000005        7.3335232654040697E-002 -0.97309851065834507     
  0.92700000000000005        7.2361773849495756E-002 -0.97381749715730026     
  0.92800000000000005        7.1387600863457246E-002 -0.97452687247071379     
  0.92900000000000005        7.0412723310619235E-002 -0.97522662959733775     
  0.93000000000000005        6.9437150812629578E-002 -0.97591676163085173     
  0.93100000000000005        6.8460892997994974E-002 -0.97659726175993133     
  0.93200000000000005        6.7483959501985921E-002 -0.97726812326831491     
  0.93300000000000005        6.6506359966541598E-002 -0.97792933953487027     
  0.93400000000000005        6.5528104040174742E-002 -0.97858090403365972     
  0.93500000000000005        6.4549201377876397E-002 -0.97922281033400482     
  0.93600000000000005        6.3569661641020639E-002 -0.97985505210054946     
  0.93700000000000006        6.2589494497269207E-002 -0.98047762309332276     
  0.93800000000000006        6.1608709620476085E-002 -0.98109051716780027     
  0.93900000000000006        6.0627316690592035E-002 -0.98169372827496493     
  0.94000000000000006        5.9645325393569065E-002 -0.98228725046136667     
  0.94100000000000006        5.8662745421264824E-002 -0.98287107786918115     
  0.94200000000000006        5.7679586471346939E-002 -0.98344520473626762     
  0.94300000000000006        5.6695858247197327E-002 -0.98400962539622561     
  0.94400000000000006        5.5711570457816398E-002 -0.98456433427845103     
  0.94500000000000006        5.4726732817727254E-002 -0.98510932590819122     
  0.94600000000000006        5.3741355046879796E-002 -0.98564459490659884     
  0.94700000000000006        5.2755446870554799E-002 -0.98617013599078496     
  0.94800000000000006        5.1769018019267928E-002 -0.98668594397387122     
  0.94900000000000007        5.0782078228673699E-002 -0.98719201376504107     
  0.95000000000000007        4.9794637239469391E-002 -0.98768834036958997     
  0.95100000000000007        4.8806704797298914E-002 -0.98817491888897480     
  0.95200000000000007        4.7818290652656616E-002 -0.98865174452086202     
  0.95300000000000007        4.6829404560791058E-002 -0.98911881255917511     
  0.95400000000000007        4.5840056281608726E-002 -0.98957611839414106     
  0.95500000000000007        4.4850255579577711E-002 -0.99002365751233590     
  0.95600000000000007        4.3860012223631333E-002 -0.99046142549672922     
  0.95700000000000007        4.2869335987071731E-002 -0.99088941802672781     
  0.95800000000000007        4.1878236647473394E-002 -0.99130763087821816     
  0.95900000000000007        4.0886723986586673E-002 -0.99171605992360834     
  0.95999999999999996        3.9894807790241238E-002 -0.99211470113186850     
  0.96099999999999997        3.8902497848249479E-002 -0.99250355056857087     
  0.96199999999999997        3.7909803954309901E-002 -0.99288260439592846     
  0.96299999999999997        3.6916735905910464E-002 -0.99325185887283307     
  0.96399999999999997        3.5923303504231875E-002 -0.99361131035489203     
  0.96499999999999997        3.4929516554050868E-002 -0.99396095529446438     
  0.96599999999999997        3.3935384863643420E-002 -0.99430079024069573     
  0.96699999999999997        3.2940918244687957E-002 -0.99463081183955238     
  0.96799999999999997        3.1946126512168521E-002 -0.99495101683385434     
  0.96899999999999997        3.0951019484277888E-002 -0.99526140206330760     
  0.96999999999999997        2.9955606982320672E-002 -0.99556196446453527     
  0.97099999999999997        2.8959898830616396E-002 -0.99585270107110779     
  0.97199999999999998        2.7963904856402523E-002 -0.99613360901357229     
  0.97299999999999998        2.6967634889737468E-002 -0.99640468551948069     
  0.97399999999999998        2.5971098763403581E-002 -0.99666592791341735     
  0.97499999999999998        2.4974306312810106E-002 -0.99691733361702528     
  0.97599999999999998        2.3977267375896096E-002 -0.99715890014903175     
  0.97699999999999998        2.2979991793033328E-002 -0.99739062512527266     
  0.97799999999999998        2.1982489406929182E-002 -0.99761250625871589     
  0.97899999999999998        2.0984770062529488E-002 -0.99782454135948440     
  0.97999999999999998        1.9986843606921371E-002 -0.99802672833487727     
  0.98099999999999998        1.8988719889236061E-002 -0.99821906518939063     
  0.98199999999999998        1.7990408760551680E-002 -0.99840155002473741     
  0.98299999999999998        1.6991920073796025E-002 -0.99857418103986606     
  0.98399999999999999        1.5993263683649322E-002 -0.99873695653097805     
  0.98499999999999999        1.4994449446446954E-002 -0.99888987489154502     
  0.98599999999999999        1.3995487220082196E-002 -0.99903293461232445     
  0.98699999999999999        1.2996386863908917E-002 -0.99916613428137468     
  0.98799999999999999        1.1997158238644268E-002 -0.99928947258406886     
  0.98899999999999999        1.0997811206271368E-002 -0.99940294830310761     
  0.98999999999999999        9.9983556299419619E-003 -0.99950656031853136     
  0.99099999999999999        8.9988013738790829E-003 -0.99960030760773144     
  0.99199999999999999        7.9991583032796940E-003 -0.99968418924545999     
  0.99299999999999999        6.9994362842173185E-003 -0.99975820440383900     
  0.99399999999999999        5.9996451835446713E-003 -0.99982235235236883     
  0.99500000000000000        4.9997948687962738E-003 -0.99987663245793512     
  0.99600000000000000        3.9998952080910685E-003 -0.99992104418481509     
  0.99700000000000000        2.9999560700350201E-003 -0.99995558709468291     
  0.99800000000000000        1.9999873236237206E-003 -0.99998026084661407     
  0.99900000000000000        9.9999883814498353E-004 -0.99999506519708858     
   1.0000000000000000        4.8308143943409654E-010 -0.99999999999999345     
