   0.0000000000000000        1.0000000000000000        0.0000000000000000     
   1.0000000000000000E-003  0.99998293149929984       -2.5602805675985177E-002
   2.0000000000000000E-003  0.99994239426079479       -4.9979549119152145E-002
   3.0000000000000001E-003  0.99987798825851326       -7.5478401358252331E-002
   4.0000000000000001E-003  0.99978847884929911      -0.10112546915045677     
   5.0000000000000001E-003  0.99967357580881799      -0.12679524092998656     
   6.0000000000000001E-003  0.99953317529736130      -0.15245998623918849     
   7.0000000000000001E-003  0.99936723427839103      -0.17811234921146041     
   8.0000000000000002E-003  0.99917573488089639      -0.20375032214907077     
   9.0000000000000011E-003  0.99895867143282902      -0.22937340102057191     
   1.0000000000000000E-002  0.99871604495600219      -0.25498144926597294     
   1.0999999999999999E-002  0.99844786056436430      -0.28057434315591506     
   1.2000000000000000E-002  0.99815412613306720      -0.30615186736800248     
   1.3000000000000001E-002  0.99783485157489615      -0.33171369453415228     
   1.4000000000000000E-002  0.99749004842754341      -0.35725939235171689     
   1.4999999999999999E-002  0.99711972960892503      -0.38278843829693987     
   1.6000000000000000E-002  0.99672390926749199      -0.40830023490554662     
   1.7000000000000001E-002  0.99630260268826554      -0.43379412334903217     
   1.8000000000000002E-002  0.99585582623258473      -0.45926939480085094     
   1.9000000000000000E-002  0.99538359729878534      -0.48472529971147188     
   2.0000000000000000E-002  0.99488593429615912      -0.51016105529697175     
   2.1000000000000001E-002  0.99436285662749357      -0.53557585156658327     
   2.1999999999999999E-002  0.99381438467723682      -0.56096885617899128     
   2.3000000000000000E-002  0.99324053980339433      -0.58633921836775105     
   2.4000000000000000E-002  0.99264134433192119      -0.61168607212877713     
   2.5000000000000001E-002  0.99201682155279247      -0.63700853882237962     
   2.6000000000000002E-002  0.99136699571720288      -0.66230572930952525     
   2.7000000000000000E-002  0.99069189203552377      -0.68757674571607619     
   2.8000000000000001E-002  0.98999153667576267      -0.71282068289852618     
   2.9000000000000001E-002  0.98926595676235030      -0.73803662966904027     
   2.9999999999999999E-002  0.98851518037513164      -0.76322366982542045     
   3.1000000000000000E-002  0.98773923654847851      -0.78838088302216125     
   3.2000000000000001E-002  0.98693815527046203      -0.81350734551139714     
   3.3000000000000002E-002  0.98611196748204566      -0.83860213077679102     
   3.4000000000000002E-002  0.98526070507626851      -0.86366431007890199     
   3.5000000000000003E-002  0.98438440089740009      -0.88869295292701422     
   3.6000000000000004E-002  0.98348308874005252      -0.91368712748959635     
   3.6999999999999998E-002  0.98255680334824136      -0.93864590095331746     
   3.7999999999999999E-002  0.98160558041438839      -0.96356833983876189     
   3.9000000000000000E-002  0.98062945657826417      -0.98845351027954198     
   4.0000000000000001E-002  0.97962846942586679       -1.0133004782703536     
   4.1000000000000002E-002  0.97860265748823672       -1.0381083098885762     
   4.2000000000000003E-002  0.97755206024020791       -1.0628760714932559     
   4.3000000000000003E-002  0.97647671809909431       -1.0876028299046847     
   4.3999999999999997E-002  0.97537667242331383       -1.1122876525672758     
   4.4999999999999998E-002  0.97425196551095050       -1.1369296076980100     
   4.5999999999999999E-002  0.97310264059825491       -1.1615277644223818     
   4.7000000000000000E-002  0.97192874185808564       -1.1860811928994799     
   4.8000000000000001E-002  0.97073031439829194       -1.2105889644375942     
   4.9000000000000002E-002  0.96950740426003901       -1.2350501516015426     
   5.0000000000000003E-002  0.96826005841607743       -1.2594638283127355     
   5.1000000000000004E-002  0.96698832476895757       -1.2838290699428556     
   5.2000000000000005E-002  0.96569225214919041       -1.3081449534019101     
   5.2999999999999999E-002  0.96437189031335513       -1.3324105572213070     
   5.3999999999999999E-002  0.96302728994215558       -1.3566249616325221     
   5.5000000000000000E-002  0.96165850263842600       -1.3807872486418478     
   5.6000000000000001E-002  0.96026558092508629       -1.4048965021016533     
   5.7000000000000002E-002  0.95884857824304892       -1.4289518077785273     
   5.8000000000000003E-002  0.95740754894907698       -1.4529522534186325     
   5.9000000000000004E-002  0.95594254831359560       -1.4768969288105558     
   5.9999999999999998E-002  0.95445363251845572       -1.5007849258459078     
   6.0999999999999999E-002  0.95294085865465261       -1.5246153385778916     
   6.2000000000000000E-002  0.95140428471999805       -1.5483872632780362     
   6.3000000000000000E-002  0.94984396961674822       -1.5720997984912686     
   6.4000000000000001E-002  0.94825997314918697       -1.5957520450894733     
   6.5000000000000002E-002  0.94665235602116526       -1.6193431063236801     
   6.6000000000000003E-002  0.94502117983359735       -1.6428720878749941     
   6.7000000000000004E-002  0.94336650708191394       -1.6663380979043800     
   6.8000000000000005E-002  0.94168840115347285       -1.6897402471013925     
   6.9000000000000006E-002  0.93998692632492808       -1.7130776487319388     
   7.0000000000000007E-002  0.93826214775955641       -1.7363494186851489     
   7.1000000000000008E-002  0.93651413150454366       -1.7595546755194218     
   7.2000000000000008E-002  0.93474294448822914       -1.7826925405077074     
   7.2999999999999995E-002  0.93294865451731035       -1.8057621376820792     
   7.3999999999999996E-002  0.93113133027400674       -1.8287625938776471     
   7.4999999999999997E-002  0.92929104131318419       -1.8516930387758523     
   7.5999999999999998E-002  0.92742785805943906       -1.8745526049471870     
   7.6999999999999999E-002  0.92554185180414394       -1.8973404278933701     
   7.8000000000000000E-002  0.92363309470245336       -1.9200556460890152     
   7.9000000000000001E-002  0.92170165977027152       -1.9426974010228177     
   8.0000000000000002E-002  0.91974762088118089       -1.9652648372382857     
   8.1000000000000003E-002  0.91777105276333315       -1.9877571023740424     
   8.2000000000000003E-002  0.91577203099630167       -2.0101733472037160     
   8.3000000000000004E-002  0.91375063200789641       -2.0325127256754416     
   8.4000000000000005E-002  0.91170693307094153       -2.0547743949509880     
   8.5000000000000006E-002  0.90964101230001526       -2.0769575154445281     
   8.6000000000000007E-002  0.90755294864815339       -2.0990612508610664     
   8.7000000000000008E-002  0.90544282190351533       -2.1210847682345357     
   8.7999999999999995E-002  0.90331071268601382       -2.1430272379655761     
   8.8999999999999996E-002  0.90115670244390866       -2.1648878338590047     
   8.9999999999999997E-002  0.89898087345036359       -2.1866657331609889     
   9.0999999999999998E-002  0.89678330879996782       -2.2083601165959292     
   9.1999999999999998E-002  0.89456409240522150       -2.2299701684030606     
   9.2999999999999999E-002  0.89232330899298595       -2.2514950763727790     
   9.4000000000000000E-002  0.89006104410089848       -2.2729340318826998     
   9.5000000000000001E-002  0.88777738407375217       -2.2942862299334554     
   9.6000000000000002E-002  0.88547241605984051       -2.3155508691842335     
   9.7000000000000003E-002  0.88314622800726794       -2.3367271519880646     
   9.8000000000000004E-002  0.88079890866022514       -2.3578142844268615     
   9.9000000000000005E-002  0.87843054755523098       -2.3788114763462147     
  0.10000000000000001       0.87604123501733955       -2.3997179413899468     
  0.10100000000000001       0.87363106215631392       -2.4205328970344295     
  0.10200000000000001       0.87120012086276599       -2.4412555646226659     
  0.10300000000000001       0.86874850380426272       -2.4618851693981409     
  0.10400000000000001       0.86627630442139969       -2.4824209405384412     
  0.10500000000000000       0.86378361692384087       -2.5028621111886467     
  0.10600000000000000       0.86127053628632622       -2.5232079184944962     
  0.10700000000000000       0.85873715824464603       -2.5434576036353294     
  0.10800000000000000       0.85618357929158340       -2.5636104118568017     
  0.10900000000000000       0.85360989667282394       -2.5836655925033805     
  0.11000000000000000       0.85101620838283376       -2.6036223990506167     
  0.11100000000000000       0.84840261316070564       -2.6234800891371988     
  0.11200000000000000       0.84576921048597320       -2.6432379245967845     
  0.11300000000000000       0.84311610057439423       -2.6628951714896130     
  0.11400000000000000       0.84044338437370225       -2.6824511001338998     
  0.11500000000000000       0.83775116355932711       -2.7019049851370109     
  0.11600000000000001       0.83503954053008522       -2.7212561054264204     
  0.11700000000000001       0.83230861840383874       -2.7405037442804479     
  0.11800000000000001       0.82955850101312423       -2.7596471893587791     
  0.11900000000000001       0.82678929290075165       -2.7786857327327659     
  0.12000000000000000       0.82400109931537313       -2.7976186709155111     
  0.12100000000000000       0.82119402620702142       -2.8164453048917308     
  0.12200000000000000       0.81836818022261970       -2.8351649401474019     
  0.12300000000000000       0.81552366870146142       -2.8537768866991859     
  0.12400000000000000       0.81266059967066107       -2.8722804591236368     
  0.12500000000000000       0.80977908184057612       -2.8906749765861881     
  0.12600000000000000       0.80687922460020001       -2.9089597628699173     
  0.12700000000000000       0.80396113801252711       -2.9271341464040930     
  0.12800000000000000       0.80102493280988885       -2.9451974602924977     
  0.12900000000000000       0.79807072038926186       -2.9631490423415303     
  0.13000000000000000       0.79509861280754868       -2.9809882350880854     
  0.13100000000000001       0.79210872277683031       -2.9987143858272103     
  0.13200000000000001       0.78910116365959138       -3.0163268466395361     
  0.13300000000000001       0.78607604946391851       -3.0338249744184878     
  0.13400000000000001       0.78303349483867135       -3.0512081308972663     
  0.13500000000000001       0.77997361506862661       -3.0684756826756066     
  0.13600000000000001       0.77689652606959625       -3.0856270012463076     
  0.13700000000000001       0.77380234438351858       -3.1026614630215370     
  0.13800000000000001       0.77069118717352381       -3.1195784493589063     
  0.13900000000000001       0.76756317221897341       -3.1363773465873188     
  0.14000000000000001       0.76441841791047382       -3.1530575460325863     
  0.14100000000000001       0.76125704324486509       -3.1696184440428170     
  0.14200000000000002       0.75807916782018370       -3.1860594420135717     
  0.14300000000000002       0.75488491183060114       -3.2023799464127891     
  0.14400000000000002       0.75167439606133690       -3.2185793688054773     
  0.14499999999999999       0.74844774188354790       -3.2346571258781722     
  0.14599999999999999       0.74520507124919277       -3.2506126394631623     
  0.14699999999999999       0.74194650668587259       -3.2664453365624784     
  0.14799999999999999       0.73867217129164786       -3.2821546493716469     
  0.14899999999999999       0.73538218872983141       -3.2977400153032073     
  0.14999999999999999       0.73207668322375852       -3.3132008770099910     
  0.15100000000000000       0.72875577955153337       -3.3285366824081644     
  0.15200000000000000       0.72541960304075315       -3.3437468847000291     
  0.15300000000000000       0.72206827956320940       -3.3588309423965859     
  0.15400000000000000       0.71870193552956652       -3.3737883193398566     
  0.15500000000000000       0.71532069788401864       -3.3886184847249639     
  0.15600000000000000       0.71192469409892434       -3.4033209131219699     
  0.15700000000000000       0.70851405216941976       -3.4178950844974709     
  0.15800000000000000       0.70508890060801033       -3.4323404842359486     
  0.15900000000000000       0.70164936843914105       -3.4466566031608772     
  0.16000000000000000       0.69819558519374603       -3.4608429375555843     
  0.16100000000000000       0.69472768090377734       -3.4748989891838651     
  0.16200000000000001       0.69124578609671339       -3.4888242653103521     
  0.16300000000000001       0.68775003179004690       -3.5026182787206337     
  0.16400000000000001       0.68424054948575308       -3.5162805477411259     
  0.16500000000000001       0.68071747116473835       -3.5298105962586956     
  0.16600000000000001       0.67718092928126894       -3.5432079537400325     
  0.16700000000000001       0.67363105675738078       -3.5564721552507708     
  0.16800000000000001       0.67006798697727032       -3.5696027414743581     
  0.16900000000000001       0.66649185378166653       -3.5825992587306756     
  0.17000000000000001       0.66290279146218445       -3.5954612589944008     
  0.17100000000000001       0.65930093475566076       -3.6081882999131194     
  0.17200000000000001       0.65568641883847101       -3.6207799448251818     
  0.17300000000000001       0.65205937932082925       -3.6332357627773058     
  0.17400000000000002       0.64841995224107052       -3.6455553285419207     
  0.17500000000000002       0.64476827405991577       -3.6577382226342587     
  0.17599999999999999       0.64110448165471989       -3.6697840313291863     
  0.17699999999999999       0.63742871231370324       -3.6816923466777780     
  0.17799999999999999       0.63374110373016668       -3.6934627665236341     
  0.17899999999999999       0.63004179399669036       -3.7050948945189366     
  0.17999999999999999       0.62633092159931647       -3.7165883401402469     
  0.18099999999999999       0.62260862541171691       -3.7279427187040417     
  0.18200000000000000       0.61887504468934473       -3.7391576513819911     
  0.18300000000000000       0.61513031906357118       -3.7502327652159710     
  0.18400000000000000       0.61137458853580740       -3.7611676931328164     
  0.18500000000000000       0.60760799347161165       -3.7719620739588100     
  0.18600000000000000       0.60383067459478257       -3.7826155524339100     
  0.18700000000000000       0.60004277298143771       -3.7931277792257103     
  0.18800000000000000       0.59624443005407868       -3.8034984109431402     
  0.18900000000000000       0.59243578757564241       -3.8137271101498960     
  0.19000000000000000       0.58861698764353976       -3.8238135453776088     
  0.19100000000000000       0.58478817268368033       -3.8337573911387457     
  0.19200000000000000       0.58094948544448488       -3.8435583279392453     
  0.19300000000000000       0.57710106899088554       -3.8532160422908843     
  0.19400000000000001       0.57324306669831326       -3.8627302267233778     
  0.19500000000000001       0.56937562224667349       -3.8721005797962120     
  0.19600000000000001       0.56549887961431033       -3.8813268061102080     
  0.19700000000000001       0.56161298307195928       -3.8904086163188154     
  0.19800000000000001       0.55771807717668853       -3.8993457271391390     
  0.19900000000000001       0.55381430676582954       -3.9081378613626931     
  0.20000000000000001       0.54990181695089735       -3.9167847478658877     
  0.20100000000000001       0.54598075311149974       -3.9252861216202426     
  0.20200000000000001       0.54205126088923716       -3.9336417237023307     
  0.20300000000000001       0.53811348618159238       -3.9418513013034508     
  0.20400000000000001       0.53416757513581070       -3.9499146077390277     
  0.20500000000000002       0.53021367414277110       -3.9578314024577401     
  0.20600000000000002       0.52625192983084801       -3.9656014510503761     
  0.20700000000000002       0.52228248905976471       -3.9732245252584169     
  0.20800000000000002       0.51830549891443833       -3.9807004029823445     
  0.20899999999999999       0.51432110669881625       -3.9880288682896796     
  0.20999999999999999       0.51032945992970513       -3.9952097114227425     
  0.21099999999999999       0.50633070633059185       -4.0022427288061415     
  0.21199999999999999       0.50232499382545770       -4.0091277230539877     
  0.21299999999999999       0.49831247053258471       -4.0158645029768323     
  0.21400000000000000       0.49429328475835593       -4.0224528835883309     
  0.21500000000000000       0.49026758499104883       -4.0288926861116341     
  0.21600000000000000       0.48623551989462233       -4.0351837379854993     
  0.21700000000000000       0.48219723830249817       -4.0413258728701287     
  0.21800000000000000       0.47815288921133636       -4.0473189306527324     
  0.21900000000000000       0.47410262177480544       -4.0531627574528137     
  0.22000000000000000       0.47004658529734727       -4.0588572056271799     
  0.22100000000000000       0.46598492922793716       -4.0644021337746734     
  0.22200000000000000       0.46191780315383957       -4.0697974067406317     
  0.22300000000000000       0.45784535679435900       -4.0750428956210651     
  0.22400000000000000       0.45376773999458747       -4.0801384777665612     
  0.22500000000000001       0.44968510271914769       -4.0850840367859114     
  0.22600000000000001       0.44559759504593310       -4.0898794625494608     
  0.22700000000000001       0.44150536715984445       -4.0945246511921791     
  0.22800000000000001       0.43740856934652378       -4.0990195051164564     
  0.22900000000000001       0.43330735198608533       -4.1033639329946219     
  0.23000000000000001       0.42920186554684442       -4.1075578497711813     
  0.23100000000000001       0.42509226057904415       -4.1116011766647818     
  0.23200000000000001       0.42097868770858005       -4.1154938411698980     
  0.23300000000000001       0.41686129763072355       -4.1192357770582388     
  0.23400000000000001       0.41274024110384394       -4.1228269243798783     
  0.23500000000000001       0.40861566894312940       -4.1262672294641076     
  0.23600000000000002       0.40448773201430727       -4.1295566449200125     
  0.23700000000000002       0.40035658122736406       -4.1326951296367689     
  0.23800000000000002       0.39622236753026513       -4.1356826487836651     
  0.23900000000000002       0.39208524190267446       -4.1385191738098444     
  0.23999999999999999       0.38794535534967506       -4.1412046824437718     
  0.24099999999999999       0.38380285889548982       -4.1437391586924219     
  0.24199999999999999       0.37965790357720341       -4.1461225928401912     
  0.24299999999999999       0.37551064043848531       -4.1483549814475307     
  0.24399999999999999       0.37136122052331455       -4.1504363273493050     
  0.24500000000000000       0.36720979486970606       -4.1523666396528736     
  0.24600000000000000       0.36305651450343912       -4.1541459337358946     
  0.24700000000000000       0.35890153043178818       -4.1557742312438508     
  0.24800000000000000       0.35474499363725626       -4.1572515600873032     
  0.24900000000000000       0.35058705507131127       -4.1585779544388650     
  0.25000000000000000       0.34642786564812544       -4.1597534547299002     
  0.25100000000000000       0.34226757623831827       -4.1607781076469479     
  0.25200000000000000       0.33810633766270309       -4.1616519661278701     
  0.25300000000000000       0.33394430068603781       -4.1623750893577220     
  0.25400000000000000       0.32978161601077965       -4.1629475427643525     
  0.25500000000000000       0.32561843427084464       -4.1633693980137245     
  0.25600000000000001       0.32145490602537180       -4.1636407330049625     
  0.25700000000000001       0.31729118175249260       -4.1637616318651283     
  0.25800000000000001       0.31312741184310561       -4.1637321849437177     
  0.25900000000000001       0.30896374659465670       -4.1635524888068876     
  0.26000000000000001       0.30480033620492547       -4.1632226462314090     
  0.26100000000000001       0.30063733076581756       -4.1627427661983445     
  0.26200000000000001       0.29647488025716373       -4.1621129638864565     
  0.26300000000000001       0.29231313454052527       -4.1613333606653393     
  0.26400000000000001       0.28815224335300671       -4.1604040840882837     
  0.26500000000000001       0.28399235630107578       -4.1593252678848636     
  0.26600000000000001       0.27983362285439078       -4.1580970519532583     
  0.26700000000000002       0.27567619233963603       -4.1567195823523004     
  0.26800000000000002       0.27152021393436493       -4.1551930112932505     
  0.26900000000000002       0.26736583666085190       -4.1535174971313076     
  0.27000000000000002       0.26321320937995268       -4.1516932043568460     
  0.27100000000000002       0.25906248078497363       -4.1497203035863839     
  0.27200000000000002       0.25491379939554998       -4.1475989715532844     
  0.27300000000000002       0.25076731355153381       -4.1453293910981852     
  0.27400000000000002       0.24662317140689161       -4.1429117511591649     
  0.27500000000000002       0.24248152092361172       -4.1403462467616379     
  0.27600000000000002       0.23834250986562219       -4.1376330790079860     
  0.27700000000000002       0.23420628579271893       -4.1347724550669209     
  0.27800000000000002       0.23007299605450482       -4.1317645881625831     
  0.27900000000000003       0.22594278778433979       -4.1286096975633733     
  0.28000000000000003       0.22181580789330216       -4.1253080085705207     
  0.28100000000000003       0.21769220306416157       -4.1218597525063903     
  0.28200000000000003       0.21357211974536378       -4.1182651667025194     
  0.28300000000000003       0.20945570414502748       -4.1145244944873989     
  0.28400000000000003       0.20534310222495358       -4.1106379851739856     
  0.28500000000000003       0.20123445969464696       -4.1066058940469574     
  0.28600000000000003       0.19712992200535120       -4.1024284823497084     
  0.28700000000000003       0.19302963434409645       -4.0981060172710784     
  0.28800000000000003       0.18893374162776064       -4.0936387719318255     
  0.28899999999999998       0.18484238849714438       -4.0890270253708429     
  0.28999999999999998       0.18075571931105983       -4.0842710625311112     
  0.29099999999999998       0.17667387814043359       -4.0793711742453960     
  0.29199999999999998       0.17259700876242426       -4.0743276572216898     
  0.29299999999999998       0.16852525465455440       -4.0691408140283958     
  0.29399999999999998       0.16445875898885773       -4.0638109530792565     
  0.29499999999999998       0.16039766462604130       -4.0583383886180266     
  0.29599999999999999       0.15634211410966320       -4.0527234407028931     
  0.29699999999999999       0.15229224966032603       -4.0469664351906420     
  0.29799999999999999       0.14824821316988623       -4.0410677037205707     
  0.29899999999999999       0.14421014619567971       -4.0350275836981515     
  0.29999999999999999       0.14017818995476389       -4.0288464182784409     
  0.30099999999999999       0.13615248531817645       -4.0225245563492411     
  0.30199999999999999       0.13213317280521109       -4.0160623525140107     
  0.30299999999999999       0.12812039257771052       -4.0094601670745273     
  0.30399999999999999       0.12411428443437679       -4.0027183660133021     
  0.30499999999999999       0.12011498780509949       -3.9958373209757485     
  0.30599999999999999       0.11612264174530178       -3.9888174092521029     
  0.30700000000000000       0.11213738493030467       -3.9816590137591015     
  0.30800000000000000       0.10815935564970980       -3.9743625230214130     
  0.30900000000000000       0.10418869180180079       -3.9669283311528276     
  0.31000000000000000       0.10022553088796363       -3.9593568378372028     
  0.31100000000000000        9.6270010007126192E-002  -3.9516484483091685     
  0.31200000000000000        9.2322265850217175E-002  -3.9438035733345900     
  0.31300000000000000        8.8382434694644685E-002  -3.9358226291907941     
  0.31400000000000000        8.4450652398794776E-002  -3.9277060376465531     
  0.31500000000000000        8.0527054396550016E-002  -3.9194542259418332     
  0.31600000000000000        7.6611775691828518E-002  -3.9110676267673048     
  0.31700000000000000        7.2704950853143560E-002  -3.9025466782436169     
  0.31800000000000000        6.8806714008184000E-002  -3.8938918239004381     
  0.31900000000000001        6.4917198838415846E-002  -3.8851035126552613     
  0.32000000000000001        6.1036538573705057E-002  -3.8761821987919776     
  0.32100000000000001        5.7164865986961945E-002  -3.8671283419392166     
  0.32200000000000001        5.3302313388807324E-002  -3.8579424070484571     
  0.32300000000000001        4.9449012622260681E-002  -3.8486248643719079     
  0.32400000000000001        4.5605095057450570E-002  -3.8391761894401579     
  0.32500000000000001        4.1770691586347476E-002  -3.8295968630396016     
  0.32600000000000001        3.7945932617519350E-002  -3.8198873711896346     
  0.32700000000000001        3.4130948070910092E-002  -3.8100482051196272     
  0.32800000000000001        3.0325867372641153E-002  -3.8000798612456697     
  0.32900000000000001        2.6530819449836512E-002  -3.7899828411470970     
  0.33000000000000002        2.2745932725471228E-002  -3.7797576515427900     
  0.33100000000000002        1.8971335113243813E-002  -3.7694048042672552     
  0.33200000000000002        1.5207154012472640E-002  -3.7589248162464854     
  0.33300000000000002        1.1453516303016584E-002  -3.7483182094736014     
  0.33400000000000002        7.7105483402201466E-003  -3.7375855109842746     
  0.33500000000000002        3.9783759498832564E-003  -3.7267272528319348     
  0.33600000000000002        2.5712442325597417E-004  -3.7157439720627616     
  0.33700000000000002       -3.4530814879416842E-003  -3.7046362106904613     
  0.33800000000000002       -7.1521175764746002E-003  -3.6934045156708324     
  0.33900000000000002       -1.0839860184521858E-002  -3.6820494388761160     
  0.34000000000000002       -1.4516186208580299E-002  -3.6705715370691396     
  0.34100000000000003       -1.8180973104342114E-002  -3.6589713718772487     
  0.34200000000000003       -2.1834098891546264E-002  -3.6472495097660302     
  0.34300000000000003       -2.5475442158803506E-002  -3.6354065220128309     
  0.34400000000000003       -2.9104882068394865E-002  -3.6234429846800680     
  0.34500000000000003       -3.2722298361043282E-002  -3.6113594785883363     
  0.34600000000000003       -3.6327571360658284E-002  -3.5991565892893127     
  0.34700000000000003       -3.9920581979053460E-002  -3.5868349070384573     
  0.34800000000000003       -4.3501211720636514E-002  -3.5743950267675149     
  0.34900000000000003       -4.7069342687071754E-002  -3.5618375480568165     
  0.35000000000000003       -5.0624857581914755E-002  -3.5491630751073839     
  0.35100000000000003       -5.4167639715219047E-002  -3.5363722167128357     
  0.35199999999999998       -5.7697573008114587E-002  -3.5234655862310995     
  0.35299999999999998       -6.1214541997357874E-002  -3.5104438015559292     
  0.35399999999999998       -6.4718431839853471E-002  -3.4973074850882302     
  0.35499999999999998       -6.8209128317146747E-002  -3.4840572637071912     
  0.35599999999999998       -7.1686517839887678E-002  -3.4706937687412291     
  0.35699999999999998       -7.5150487452265477E-002  -3.4572176359387425     
  0.35799999999999998       -7.8600924836413885E-002  -3.4436295054386790     
  0.35899999999999999       -8.2037718316786953E-002  -3.4299300217409159     
  0.35999999999999999       -8.5460756864505105E-002  -3.4161198336764573     
  0.36099999999999999       -8.8869930101671282E-002  -3.4021995943774468     
  0.36199999999999999       -9.2265128305657043E-002  -3.3881699612469989     
  0.36299999999999999       -9.5646242413358395E-002  -3.3740315959288507     
  0.36399999999999999       -9.9013164025421180E-002  -3.3597851642768335     
  0.36499999999999999      -0.10236578541043584       -3.3454313363241668     
  0.36599999999999999      -0.10570399950910139       -3.3309707862525779     
  0.36699999999999999      -0.10902769993835845       -3.3164041923612446     
  0.36799999999999999      -0.11233678099549108       -3.3017322370355662     
  0.36899999999999999      -0.11563113766219733       -3.2869556067157610     
  0.37000000000000000      -0.11891066560862835       -3.2720749918652960     
  0.37100000000000000      -0.12217526119739572       -3.2570910869391461     
  0.37200000000000000      -0.12542482148754708       -3.2420045903518853     
  0.37300000000000000      -0.12865924423850972       -3.2268162044456137     
  0.37400000000000000      -0.13187842791400201       -3.2115266354577190     
  0.37500000000000000      -0.13508227168591250       -3.1961365934884758     
  0.37600000000000000      -0.13827067543814653       -3.1806467924684823     
  0.37700000000000000      -0.14144353977044030       -3.1650579501259384     
  0.37800000000000000      -0.14460076600214194       -3.1493707879537651     
  0.37900000000000000      -0.14774225617595987       -3.1335860311765664     
  0.38000000000000000      -0.15086791306167779       -3.1177044087174370     
  0.38100000000000001      -0.15397764015983659       -3.1017266531646155     
  0.38200000000000001      -0.15707134170538276       -3.0856535007379851     
  0.38300000000000001      -0.16014892267128322       -3.0694856912554247     
  0.38400000000000001      -0.16321028877210647       -3.0532239680990103     
  0.38500000000000001      -0.16625534646756979       -3.0368690781810690     
  0.38600000000000001      -0.16928400296605248       -3.0204217719100854     
  0.38700000000000001      -0.17229616622807495       -3.0038828031564679     
  0.38800000000000001      -0.17529174496974348       -2.9872529292181671     
  0.38900000000000001      -0.17827064866616046       -2.9705329107861567     
  0.39000000000000001      -0.18123278755480021       -2.9537235119097729     
  0.39100000000000001      -0.18417807263884989       -2.9368254999619170     
  0.39200000000000002      -0.18710641569051559       -2.9198396456041209     
  0.39300000000000002      -0.19001772925429353       -2.9027667227514775     
  0.39400000000000002      -0.19291192665020598       -2.8856075085374395     
  0.39500000000000002      -0.19578892197700204       -2.8683627832784846     
  0.39600000000000002      -0.19864863011532286       -2.8510333304386521     
  0.39700000000000002      -0.20149096673083153       -2.8336199365939523     
  0.39800000000000002      -0.20431584827730709       -2.8161233913966464     
  0.39900000000000002      -0.20712319199970300       -2.7985444875394041     
  0.40000000000000002      -0.20991291593716951       -2.7808840207193373     
  0.40100000000000002      -0.21268493892604012       -2.7631427896019112     
  0.40200000000000002      -0.21543918060278178       -2.7453215957847359     
  0.40300000000000002      -0.21817556140690897       -2.7274212437612415     
  0.40400000000000003      -0.22089400258386127       -2.7094425408842335     
  0.40500000000000003      -0.22359442618784450       -2.6913862973293350     
  0.40600000000000003      -0.22627675508463518       -2.6732533260583167     
  0.40700000000000003      -0.22894091295434837       -2.6550444427823132     
  0.40800000000000003      -0.23158682429416852       -2.6367604659249309     
  0.40900000000000003      -0.23421441442104352       -2.6184022165852467     
  0.41000000000000003      -0.23682360947434161       -2.5999705185007018     
  0.41100000000000003      -0.23941433641847121       -2.5814661980098892     
  0.41200000000000003      -0.24198652304546331       -2.5628900840152391     
  0.41300000000000003      -0.24454009797751672       -2.5442430079456035     
  0.41400000000000003      -0.24707499066950572       -2.5255258037187391     
  0.41500000000000004      -0.24959113141145020       -2.5067393077036946     
  0.41600000000000004      -0.25208845133094798       -2.4878843586831012     
  0.41699999999999998      -0.25456688239556974       -2.4689617978153686     
  0.41799999999999998      -0.25702635741521562       -2.4499724685967879     
  0.41899999999999998      -0.25946681004443434       -2.4309172168235449     
  0.41999999999999998      -0.26188817478470383       -2.4117968905536431     
  0.42099999999999999      -0.26429038698667423       -2.3926123400687391     
  0.42199999999999999      -0.26667338285237230       -2.3733644178358939     
  0.42299999999999999      -0.26903709943736764       -2.3540539784692389     
  0.42399999999999999      -0.27138147465290063       -2.3346818786915606     
  0.42499999999999999      -0.27370644726797183       -2.3152489772958047     
  0.42599999999999999      -0.27601195691139291       -2.2957561351065001     
  0.42699999999999999      -0.27829794407379888       -2.2762042149411101     
  0.42799999999999999      -0.28056435010962155       -2.2565940815713041     
  0.42899999999999999      -0.28281111723902463       -2.2369266016841585     
  0.42999999999999999      -0.28503818854979951       -2.2172026438432852     
  0.43099999999999999      -0.28724550799922227       -2.1974230784498925     
  0.43200000000000000      -0.28943302041587204       -2.1775887777037739     
  0.43300000000000000      -0.29160067150140984       -2.1577006155642353     
  0.43400000000000000      -0.29374840783231859       -2.1377594677109553     
  0.43500000000000000      -0.29587617686160400       -2.1177662115047826     
  0.43600000000000000      -0.29798392692045589       -2.0977217259484751     
  0.43700000000000000      -0.30007160721987070       -2.0776268916473772     
  0.43800000000000000      -0.30213916785223421       -2.0574825907700429     
  0.43900000000000000      -0.30418655979286524       -2.0372897070088003     
  0.44000000000000000      -0.30621373490151943       -2.0170491255402658     
  0.44100000000000000      -0.30822064592385395       -1.9967617329858043     
  0.44200000000000000      -0.31020724649285242       -1.9764284173719402     
  0.44300000000000000      -0.31217349113021026       -1.9560500680907209     
  0.44400000000000001      -0.31411933524768038       -1.9356275758600332     
  0.44500000000000001      -0.31604473514837916       -1.9151618326838755     
  0.44600000000000001      -0.31794964802805276       -1.8946537318125878     
  0.44700000000000001      -0.31983403197630333       -1.8741041677030397     
  0.44800000000000001      -0.32169784597777595       -1.8535140359787809     
  0.44900000000000001      -0.32354104991330507       -1.8328842333901536     
  0.45000000000000001      -0.32536360456102159       -1.8122156577743693     
  0.45100000000000001      -0.32716547159741960       -1.7915092080155532     
  0.45200000000000001      -0.32894661359838340       -1.7707657840047555     
  0.45300000000000001      -0.33070699404017434       -1.7499862865999334     
  0.45400000000000001      -0.33244657730037780       -1.7291716175859058     
  0.45500000000000002      -0.33416532865880988       -1.7083226796342801     
  0.45600000000000002      -0.33586321429838439       -1.6874403762633565     
  0.45700000000000002      -0.33754020130593926       -1.6665256117980078     
  0.45800000000000002      -0.33919625767302308       -1.6455792913295402     
  0.45900000000000002      -0.34083135229664163       -1.6246023206755338     
  0.46000000000000002      -0.34244545497996387       -1.6035956063396666     
  0.46100000000000002      -0.34403853643298804       -1.5825600554715238     
  0.46200000000000002      -0.34561056827316744       -1.5614965758263921     
  0.46300000000000002      -0.34716152302599612       -1.5404060757250444     
  0.46400000000000002      -0.34869137412555412       -1.5192894640135128     
  0.46500000000000002      -0.35020009591501267       -1.4981476500228552     
  0.46600000000000003      -0.35168766364709919       -1.4769815435289149     
  0.46700000000000003      -0.35315405348452178       -1.4557920547120760     
  0.46800000000000003      -0.35459924250035380       -1.4345800941170168     
  0.46900000000000003      -0.35602320867837800       -1.4133465726124623     
  0.47000000000000003      -0.35742593091339037       -1.3920924013509379     
  0.47100000000000003      -0.35880738901146392       -1.3708184917285258     
  0.47200000000000003      -0.36016756369017205       -1.3495257553446267     
  0.47300000000000003      -0.36150643657877185       -1.3282151039617289     
  0.47400000000000003      -0.36282399021834699       -1.3068874494651843     
  0.47500000000000003      -0.36412020806191042       -1.2855437038229960     
  0.47600000000000003      -0.36539507447446717       -1.2641847790456173     
  0.47700000000000004      -0.36664857473303641       -1.2428115871457657     
  0.47800000000000004      -0.36788069502663384       -1.2214250400982514     
  0.47900000000000004      -0.36909142245621362       -1.2000260497998247     
  0.47999999999999998      -0.37028074503457026       -1.1786155280290420     
  0.48099999999999998      -0.37144865168620034       -1.1571943864061538     
  0.48199999999999998      -0.37259513224712421       -1.1357635363530150     
  0.48299999999999998      -0.37372017746466762       -1.1143238890530205     
  0.48399999999999999      -0.37482377899720309       -1.0928763554110679     
  0.48499999999999999      -0.37590592941385148       -1.0714218460135483     
  0.48599999999999999      -0.37696662219414356       -1.0499612710883675     
  0.48699999999999999      -0.37800585172764140       -1.0284955404649996     
  0.48799999999999999      -0.37902361331352019       -1.0070255635345742     
  0.48899999999999999      -0.38001990316010975      -0.98555224920999973     
  0.48999999999999999      -0.38099471838439652      -0.96407650588612459     
  0.49099999999999999      -0.38194805701148560      -0.94259924139993667     
  0.49199999999999999      -0.38287991797402288      -0.92112136299080527     
  0.49299999999999999      -0.38379030111157769      -0.89964377726076517     
  0.49399999999999999      -0.38467920716998560      -0.87816739013484602     
  0.49500000000000000      -0.38554663780065157      -0.85669310682144784     
  0.49600000000000000      -0.38639259555981359      -0.83522183177276510     
  0.49700000000000000      -0.38721708390776666      -0.81375446864526124     
  0.49800000000000000      -0.38802010720804730      -0.79229192026019435     
  0.49900000000000000      -0.38880167072657873      -0.77083508856419725     
  0.50000000000000000      -0.38956178063077640      -0.74938487458991299     
  0.50100000000000000      -0.39030044398861452      -0.72794217841668729     
  0.50200000000000000      -0.39101766876765304      -0.70650789913132017     
  0.50300000000000000      -0.39171346383402555      -0.68508293478887849     
  0.50400000000000000      -0.39238783895138785      -0.66366818237357073     
  0.50500000000000000      -0.39304080477982778      -0.64226453775968662     
  0.50600000000000001      -0.39367237287473561      -0.62087289567260251     
  0.50700000000000001      -0.39428255568563575      -0.59949414964985448     
  0.50800000000000001      -0.39487136655497951      -0.57812919200228141     
  0.50900000000000001      -0.39543881971689887      -0.55677891377523892     
  0.51000000000000001      -0.39598493029592180      -0.53544420470988696     
  0.51100000000000001      -0.39650971430564863      -0.51412595320455190     
  0.51200000000000001      -0.39701318864738999      -0.49282504627616486     
  0.51300000000000001      -0.39749537110876609      -0.47154236952177914     
  0.51400000000000001      -0.39795628036226777      -0.45027880708016693     
  0.51500000000000001      -0.39839593596377892      -0.42903524159349815     
  0.51600000000000001      -0.39881435835106083      -0.40781255416910278     
  0.51700000000000002      -0.39921156884219822      -0.38661162434131796     
  0.51800000000000002      -0.39958758963400726      -0.36543333003342254     
  0.51900000000000002      -0.39994244380040544      -0.34427854751965981     
  0.52000000000000002      -0.40027615529074373      -0.32314815138735081     
  0.52100000000000002      -0.40058874892810065      -0.30204301449909937     
  0.52200000000000002      -0.40088025040753866      -0.28096400795509108     
  0.52300000000000002      -0.40115068629432299      -0.25991200105548756     
  0.52400000000000002      -0.40140008402210287      -0.23888786126291764     
  0.52500000000000002      -0.40162847189105527      -0.21789245416506753     
  0.52600000000000002      -0.40183587906599127      -0.19692664343737126     
  0.52700000000000002      -0.40202233557442524      -0.17599129080580322     
  0.52800000000000002      -0.40218787230460673      -0.15508725600977444     
  0.52900000000000003      -0.40233252100351558      -0.13421539676513425     
  0.53000000000000003      -0.40245631427481970      -0.11337656872727908     
  0.53100000000000003      -0.40255928557679638       -9.2571625454369880E-002
  0.53200000000000003      -0.40264146922021660       -7.1801418370659884E-002
  0.53300000000000003      -0.40270290036619288       -5.1066796729934381E-002
  0.53400000000000003      -0.40274361502399064       -3.0368607579064094E-002
  0.53500000000000003      -0.40276365004880299       -9.7076957216737716E-003
  0.53600000000000003      -0.40276304313948941        1.0915096318072373E-002
  0.53700000000000003      -0.40274183283627835        3.1498928331566728E-002
  0.53800000000000003      -0.40270005851843349        5.2042962461734323E-002
  0.53900000000000003      -0.40263776040188437        7.2546363238887149E-002
  0.54000000000000004      -0.40255497953682118        9.3008297616455252E-002
  0.54100000000000004      -0.40245175780525372       0.11342793500659296     
  0.54200000000000004      -0.40232813791853500       0.13380444731565863     
  0.54300000000000004      -0.40218416341484930       0.15413700897956653     
  0.54400000000000004      -0.40201987865666505       0.17442479699900884     
  0.54500000000000004      -0.40183532882815248       0.19466699097454687     
  0.54600000000000004      -0.40163055993256619       0.21486277314156932     
  0.54700000000000004      -0.40140561878959302       0.23501132840511635     
  0.54800000000000004      -0.40116055303266501       0.25511184437456791     
  0.54900000000000004      -0.40089541110623772       0.27516351139819456     
  0.55000000000000004      -0.40061024226303410       0.29516552259756973     
  0.55100000000000005      -0.40030509656125413       0.31511707390184129     
  0.55200000000000005      -0.39998002486175022       0.33501736408186139     
  0.55300000000000005      -0.39963507882516830       0.35486559478417279     
  0.55400000000000005      -0.39927031090905535       0.37466097056485026     
  0.55500000000000005      -0.39888577436493300       0.39440269892319574     
  0.55600000000000005      -0.39848152323533748       0.41408999033528543     
  0.55700000000000005      -0.39805761235082621       0.43372205828736743     
  0.55800000000000005      -0.39761409732695080       0.45329811930910879     
  0.55900000000000005      -0.39715103456119732       0.47281739300668996     
  0.56000000000000005      -0.39666848122989312       0.49227910209574566     
  0.56100000000000005      -0.39616649528508108       0.51168247243415044     
  0.56200000000000006      -0.39564513545136099       0.53102673305464743     
  0.56300000000000006      -0.39510446122269849       0.55031111619731921     
  0.56400000000000006      -0.39454453285920144       0.56953485734189901     
  0.56500000000000006      -0.39396541138386437       0.58869719523992103     
  0.56600000000000006      -0.39336715857928045       0.60779737194670824     
  0.56700000000000006      -0.39274983698432198       0.62683463285319663     
  0.56800000000000006      -0.39211350989078880       0.64580822671759386     
  0.56900000000000006      -0.39145824134002538       0.66471740569687188     
  0.57000000000000006      -0.39078409611950621       0.68356142537809139     
  0.57100000000000006      -0.39009113975939030       0.70233954480955663     
  0.57200000000000006      -0.38937943852904433       0.72105102653180020     
  0.57300000000000006      -0.38864905943353495       0.73969513660839525     
  0.57400000000000007      -0.38790007021009060       0.75827114465659440     
  0.57500000000000007      -0.38713253932453234       0.77677832387779411     
  0.57600000000000007      -0.38634653596767482       0.79521595108782295     
  0.57699999999999996      -0.38554213005169652       0.81358330674705237     
  0.57799999999999996      -0.38471939220648038       0.83187967499032889     
  0.57899999999999996      -0.38387839377592436       0.85010434365672627     
  0.57999999999999996      -0.38301920681422247       0.86825660431911622     
  0.58099999999999996      -0.38214190408211629       0.88633575231355699     
  0.58199999999999996      -0.38124655904311705       0.90434108676849745     
  0.58299999999999996      -0.38033324585969880       0.92227191063379677     
  0.58399999999999996      -0.37940203938946260       0.94012753070955690     
  0.58499999999999996      -0.37845301518127178       0.95790725767476825     
  0.58599999999999997      -0.37748624947135906       0.97561040611576588     
  0.58699999999999997      -0.37650181917940484       0.99323629455449558     
  0.58799999999999997      -0.37549980190458765        1.0107842454765892     
  0.58899999999999997      -0.37448027592160638        1.0282535853592467     
  0.58999999999999997      -0.37344332017667509        1.0456436446989250     
  0.59099999999999997      -0.37238901428348975        1.0629537580388313     
  0.59199999999999997      -0.37131743851916799        1.0801832639962212     
  0.59299999999999997      -0.37022867382016134        1.0973315052894981     
  0.59399999999999997      -0.36912280177814072        1.1143978287651153     
  0.59499999999999997      -0.36799990463585502        1.1313815854242781     
  0.59599999999999997      -0.36686006528296311        1.1482821304494450     
  0.59699999999999998      -0.36570336725183927        1.1650988232306267     
  0.59799999999999998      -0.36452989471335273        1.1818310273914827     
  0.59899999999999998      -0.36333973247262097        1.1984781108152132     
  0.59999999999999998      -0.36213296596473737        1.2150394456702458     
  0.60099999999999998      -0.36090968125047324        1.2315144084357159     
  0.60199999999999998      -0.35966996501195442        1.2479023799267392     
  0.60299999999999998      -0.35841390454831273        1.2642027453194766     
  0.60399999999999998      -0.35714158777131255        1.2804148941759883     
  0.60499999999999998      -0.35585310320095248        1.2965382204688778     
  0.60599999999999998      -0.35454853996104274        1.3125721226057245     
  0.60699999999999998      -0.35322798777475783        1.3285160034533023     
  0.60799999999999998      -0.35189153696016551        1.3443692703615859     
  0.60899999999999999      -0.35053927842573163        1.3601313351875413     
  0.60999999999999999      -0.34917130366580129        1.3758016143186997     
  0.61099999999999999      -0.34778770475605664        1.3913795286965174     
  0.61199999999999999      -0.34638857434895126        1.4068645038395140     
  0.61299999999999999      -0.34497400566912179        1.4222559698661952     
  0.61399999999999999      -0.34354409250877649        1.4375533615177531     
  0.61499999999999999      -0.34209892922306123        1.4527561181805482     
  0.61599999999999999      -0.34063861072540325        1.4678636839083674     
  0.61699999999999999      -0.33916323248283264        1.4828755074444613     
  0.61799999999999999      -0.33767289051128213        1.4977910422433565     
  0.61899999999999999      -0.33616768137086472        1.5126097464924442     
  0.62000000000000000      -0.33464770216113032        1.5273310831333433     
  0.62100000000000000      -0.33311305051630086        1.5419545198830376     
  0.62200000000000000      -0.33156382460048450        1.5564795292547844     
  0.62300000000000000      -0.33000012310286897        1.5709055885787970     
  0.62400000000000000      -0.32842204523289437        1.5852321800226972     
  0.62500000000000000      -0.32682969071540557        1.5994587906117375     
  0.62600000000000000      -0.32522315978578470        1.6135849122487946     
  0.62700000000000000      -0.32360255318506348        1.6276100417341302     
  0.62800000000000000      -0.32196797215501616        1.6415336807849183     
  0.62900000000000000      -0.32031951843323292        1.6553553360545430     
  0.63000000000000000      -0.31865729424817407        1.6690745191516589     
  0.63100000000000001      -0.31698140231420535        1.6826907466590189     
  0.63200000000000001      -0.31529194582661457        1.6962035401520656     
  0.63300000000000001      -0.31358902845660974        1.7096124262172883     
  0.63400000000000001      -0.31187275434629880        1.7229169364703398     
  0.63500000000000001      -0.31014322810365164        1.7361166075739194     
  0.63600000000000001      -0.30840055479744416        1.7492109812554146     
  0.63700000000000001      -0.30664483995218489        1.7621996043243056     
  0.63800000000000001      -0.30487618954302426        1.7750820286893281     
  0.63900000000000001      -0.30309470999064686        1.7878578113753980     
  0.64000000000000001      -0.30130050815614701        1.8005265145402929     
  0.64100000000000001      -0.29949369133588744        1.8130877054910923     
  0.64200000000000002      -0.29767436725634205        1.8255409567003762     
  0.64300000000000002      -0.29584264406892236        1.8378858458221794     
  0.64400000000000002      -0.29399863034478818        1.8501219557077027     
  0.64500000000000002      -0.29214243506964271        1.8622488744207788     
  0.64600000000000002      -0.29027416763851221        1.8742661952530946     
  0.64700000000000002      -0.28839393785051076        1.8861735167391667     
  0.64800000000000002      -0.28650185590358990        1.8979704426710711     
  0.64900000000000002      -0.28459803238927389        1.9096565821129257     
  0.65000000000000002      -0.28268257828738058        1.9212315494151264     
  0.65100000000000002      -0.28075560496072799        1.9326949642283340     
  0.65200000000000002      -0.27881722414982729        1.9440464515172133     
  0.65300000000000002      -0.27686754796756197        1.9552856415739235     
  0.65400000000000003      -0.27490668889385361        1.9664121700313586     
  0.65500000000000003      -0.27293475977031484        1.9774256778761377     
  0.65600000000000003      -0.27095187379488900        1.9883258114613447     
  0.65700000000000003      -0.26895814451647765        1.9991122225190177     
  0.65800000000000003      -0.26695368582955520        2.0097845681723858     
  0.65900000000000003      -0.26493861196877200        2.0203425109478554     
  0.66000000000000003      -0.26291303750354500        2.0307857187867424     
  0.66100000000000003      -0.26087707733263726        2.0411138650567522     
  0.66200000000000003      -0.25883084667872591        2.0513266285632077     
  0.66300000000000003      -0.25677446108295898        2.0614236935600214     
  0.66400000000000003      -0.25470803639950135        2.0714047497604149     
  0.66500000000000004      -0.25263168879007042        2.0812694923473840     
  0.66600000000000004      -0.25054553471846097        2.0910176219839074     
  0.66700000000000004      -0.24844969094506028        2.1006488448229015     
  0.66800000000000004      -0.24634427452135341        2.1101628725169204     
  0.66900000000000004      -0.24422940278441865        2.1195594222275975     
  0.67000000000000004      -0.24210519335141395        2.1288382166348332     
  0.67100000000000004      -0.23997176411405408        2.1379989839457241     
  0.67200000000000004      -0.23782923323307920        2.1470414579032369     
  0.67300000000000004      -0.23567771913271462        2.1559653777946246     
  0.67400000000000004      -0.23351734049512252        2.1647704884595851     
  0.67500000000000004      -0.23134821625484545        2.1734565402981612     
  0.67600000000000005      -0.22917046559324222        2.1820232892783840     
  0.67700000000000005      -0.22698420793291615        2.1904704969436586     
  0.67800000000000005      -0.22478956293213614        2.1987979304198881     
  0.67900000000000005      -0.22258665047925072        2.2070053624223429     
  0.68000000000000005      -0.22037559068709528        2.2150925712622684     
  0.68100000000000005      -0.21815650388739302        2.2230593408532346     
  0.68200000000000005      -0.21592951062514948        2.2309054607172261     
  0.68300000000000005      -0.21369473165304120        2.2386307259904723     
  0.68400000000000005      -0.21145228792579873        2.2462349374290200     
  0.68500000000000005      -0.20920230059458403        2.2537179014140425     
  0.68600000000000005      -0.20694489100136285        2.2610794299568928     
  0.68700000000000006      -0.20468018067327218        2.2683193407038940     
  0.68800000000000006      -0.20240829131698293        2.2754374569408702     
  0.68900000000000006      -0.20012934481305830        2.2824336075974174     
  0.69000000000000006      -0.19784346321030796        2.2893076272509152     
  0.69100000000000006      -0.19555076872013838        2.2960593561302747     
  0.69200000000000006      -0.19325138371089956        2.3026886401194302     
  0.69300000000000006      -0.19094543070222836        2.3091953307605668     
  0.69400000000000006      -0.18863303235938869        2.3155792852570900     
  0.69500000000000006      -0.18631431148760902        2.3218403664763319     
  0.69600000000000006      -0.18398939102641709        2.3279784429520003     
  0.69700000000000006      -0.18165839404397252        2.3339933888863640     
  0.69800000000000006      -0.17932144373139719        2.3398850841521788     
  0.69900000000000007      -0.17697866339710394        2.3456534142943539     
  0.70000000000000007      -0.17463017646112372        2.3512982705313554     
  0.70100000000000007      -0.17227610644943137        2.3568195497563509     
  0.70200000000000007      -0.16991657698827051        2.3622171545380937     
  0.70300000000000007      -0.16755171179847761        2.3674909931215455     
  0.70399999999999996      -0.16518163468980554        2.3726409794282399     
  0.70499999999999996      -0.16280646955524700        2.3776670330563849     
  0.70599999999999996      -0.16042634036535786        2.3825690792807057     
  0.70699999999999996      -0.15804137116258080        2.3873470490520270     
  0.70799999999999996      -0.15565168605556956        2.3920008789965963     
  0.70899999999999996      -0.15325740921351402        2.3965305114151469     
  0.70999999999999996      -0.15085866486046620        2.4009358942817007     
  0.71099999999999997      -0.14845557726966774        2.4052169812421123     
  0.71199999999999997      -0.14604827075787885        2.4093737316123547     
  0.71299999999999997      -0.14363686967970921        2.4134061103765436     
  0.71399999999999997      -0.14122149842195089        2.4173140881847055     
  0.71499999999999997      -0.13880228139791373        2.4210976413502849     
  0.71599999999999997      -0.13637934304176313        2.4247567518473945     
  0.71699999999999997      -0.13395280780286103        2.4282914073078068     
  0.71799999999999997      -0.13152280014010978        2.4317016010176884     
  0.71899999999999997      -0.12908944451629950        2.4349873319140740     
  0.71999999999999997      -0.12665286539245907        2.4381486045810870     
  0.72099999999999997      -0.12421318722221104        2.4411854292459001     
  0.72199999999999998      -0.12177053444613076        2.4440978217744402     
  0.72299999999999998      -0.11932503148610980        2.4468858036668362     
  0.72399999999999998      -0.11687680273972421        2.4495494020526110     
  0.72499999999999998      -0.11442597257460757        2.4520886496856176     
  0.72599999999999998      -0.11197266532282935        2.4545035849387200     
  0.72699999999999998      -0.10951700527527861        2.4567942517982186     
  0.72799999999999998      -0.10705911667605354        2.4589606998580198     
  0.72899999999999998      -0.10459912371685681        2.4610029843135530     
  0.72999999999999998      -0.10213715053139721        2.4629211659554331     
  0.73099999999999998       -9.9673321189797742E-002   2.4647153111628688     
  0.73199999999999998       -9.7207759693010445E-002   2.4663854918968173     
  0.73299999999999998       -9.4740589967238151E-002   2.4679317856928873     
  0.73399999999999999       -9.2271935858363505E-002   2.4693542756539895     
  0.73499999999999999       -8.9801921126385423E-002   2.4706530504427349     
  0.73599999999999999       -8.7330669439863340E-002   2.4718282042735806     
  0.73699999999999999       -8.4858304370369342E-002   2.4728798369047276     
  0.73799999999999999       -8.2384949386948611E-002   2.4738080536297651     
  0.73899999999999999       -7.9910727850588337E-002   2.4746129652690656     
  0.73999999999999999       -7.7435763008695285E-002   2.4752946881609317     
  0.74099999999999999       -7.4960177989582460E-002   2.4758533441524930     
  0.74199999999999999       -7.2484095796964895E-002   2.4762890605903545     
  0.74299999999999999       -7.0007639304464950E-002   2.4766019703109974     
  0.74399999999999999       -6.7530931250127393E-002   2.4767922116309324     
  0.74500000000000000       -6.5054094230944326E-002   2.4768599283366068     
  0.74600000000000000       -6.2577250697390466E-002   2.4768052696740641     
  0.74700000000000000       -6.0100522947968762E-002   2.4766283903383597     
  0.74800000000000000       -5.7624033123766821E-002   2.4763294504627305     
  0.74900000000000000       -5.5147903203024227E-002   2.4759086156075192     
  0.75000000000000000       -5.2672254995711078E-002   2.4753660567488578     
  0.75100000000000000       -5.0197210138117961E-002   2.4747019502671050     
  0.75200000000000000       -4.7722890087457601E-002   2.4739164779350418     
  0.75300000000000000       -4.5249416116478453E-002   2.4730098269058267     
  0.75400000000000000       -4.2776909308090430E-002   2.4719821897007082     
  0.75500000000000000       -4.0305490550003084E-002   2.4708337641964961     
  0.75600000000000001       -3.7835280529376389E-002   2.4695647536127963     
  0.75700000000000001       -3.5366399727484440E-002   2.4681753664990023     
  0.75800000000000001       -3.2898968414392257E-002   2.4666658167210511     
  0.75900000000000001       -3.0433106643645982E-002   2.4650363234479409     
  0.76000000000000001       -2.7968934246976641E-002   2.4632871111380101     
  0.76100000000000001       -2.5506570829017777E-002   2.4614184095249834     
  0.76200000000000001       -2.3046135762037134E-002   2.4594304536037783     
  0.76300000000000001       -2.0587748180682656E-002   2.4573234836160807     
  0.76400000000000001       -1.8131526976743032E-002   2.4550977450356837     
  0.76500000000000001       -1.5677590793923026E-002   2.4527534885535958     
  0.76600000000000001       -1.3226058022633793E-002   2.4502909700629143     
  0.76700000000000002       -1.0777046794798456E-002   2.4477104506434681     
  0.76800000000000002       -8.3306749786731527E-003   2.4450121965462306     
  0.76900000000000002       -5.8870601736837752E-003   2.4421964791775013     
  0.77000000000000002       -3.4463197052786569E-003   2.4392635750828591     
  0.77100000000000002       -1.0085706197974073E-003   2.4362137659308876     
  0.77200000000000002        1.4260703206438580E-003   2.4330473384966722     
  0.77300000000000002        3.8574866432506726E-003   2.4297645846450711     
  0.77400000000000002        6.2855621696315317E-003   2.4263658013137608     
  0.77500000000000002        8.7101810208621393E-003   2.4228512904960566     
  0.77600000000000002        1.1131227622532361E-002   2.4192213592235103     
  0.77700000000000002        1.3548586709775670E-002   2.4154763195482825     
  0.77800000000000002        1.5962143332280843E-002   2.4116164885252953     
  0.77900000000000003        1.8371782859285708E-002   2.4076421881941630     
  0.78000000000000003        2.0777390984552713E-002   2.4035537455609024     
  0.78100000000000003        2.3178853731326079E-002   2.3993514925794246     
  0.78200000000000003        2.5576057457270363E-002   2.3950357661328074     
  0.78300000000000003        2.7968888859390161E-002   2.3906069080143522     
  0.78400000000000003        3.0357234978930763E-002   2.3860652649084222     
  0.78500000000000003        3.2740983206259559E-002   2.3814111883710676     
  0.78600000000000003        3.5120021285727943E-002   2.3766450348104349     
  0.78700000000000003        3.7494237320513511E-002   2.3717671654669639     
  0.78800000000000003        3.9863519777442374E-002   2.3667779463933716     
  0.78900000000000003        4.2227757491791348E-002   2.3616777484344258     
  0.79000000000000004        4.4586839672069778E-002   2.3564669472065072     
  0.79100000000000004        4.6940655904780866E-002   2.3511459230769631     
  0.79200000000000004        4.9289096159162223E-002   2.3457150611432533     
  0.79300000000000004        5.1632050791905450E-002   2.3401747512118880     
  0.79400000000000004        5.3969410551854592E-002   2.3345253877771603     
  0.79500000000000004        5.6301066584683188E-002   2.3287673699996740     
  0.79600000000000004        5.8626910437549765E-002   2.3229011016846663     
  0.79700000000000004        6.0946834063731546E-002   2.3169269912601300     
  0.79800000000000004        6.3260729827236184E-002   2.3108454517547314     
  0.79900000000000004        6.5568490507391303E-002   2.3046569007755306     
  0.80000000000000004        6.7870009303411680E-002   2.2983617604854998     
  0.80100000000000005        7.0165179838943811E-002   2.2919604575808448     
  0.80200000000000005        7.2453896166587747E-002   2.2854534232681294     
  0.80300000000000005        7.4736052772395922E-002   2.2788410932412035     
  0.80400000000000005        7.7011544580348798E-002   2.2721239076579365     
  0.80500000000000005        7.9280266956807219E-002   2.2653023111167561     
  0.80600000000000005        8.1542115714941119E-002   2.2583767526329974     
  0.80700000000000005        8.3796987119134525E-002   2.2513476856150585     
  0.80800000000000005        8.6044777889366625E-002   2.2442155678403659     
  0.80900000000000005        8.8285385205568723E-002   2.2369808614311530     
  0.81000000000000005        9.0518706711956803E-002   2.2296440328300484     
  0.81100000000000005        9.2744640521339697E-002   2.2222055527754807     
  0.81200000000000006        9.4963085219402457E-002   2.2146658962768959     
  0.81300000000000006        9.7173939868964956E-002   2.2070255425897911     
  0.81400000000000006        9.9377104014215331E-002   2.1992849751905674     
  0.81500000000000006       0.10157247768491826        2.1914446817511997     
  0.81600000000000006       0.10375996140059779        2.1835051541137251     
  0.81700000000000006       0.10593945617469458        2.1754668882645567     
  0.81800000000000006       0.10811086351869734        2.1673303843086154     
  0.81900000000000006       0.11027408544624832        2.1590961464432867     
  0.82000000000000006       0.11242902447722275        2.1507646829322047     
  0.82100000000000006       0.11457558364178180        2.1423365060788591     
  0.82200000000000006       0.11671366648439925        2.1338121322000316     
  0.82300000000000006       0.11884317706786138        2.1251920815990615     
  0.82400000000000007       0.12096401997724013        2.1164768785389398     
  0.82500000000000007       0.12307610032383917        2.1076670512152371     
  0.82600000000000007       0.12517932374911295        2.0987631317288629     
  0.82700000000000007       0.12727359642855829        2.0897656560586593     
  0.82800000000000007       0.12935882507557853        2.0806751640338303     
  0.82900000000000007       0.13143491694532008        2.0714921993062094     
  0.83000000000000007       0.13350177983848113        2.0622173093223637     
  0.83100000000000007       0.13555932210509231        2.0528510452955384     
  0.83200000000000007       0.13760745264826926        2.0433939621774431     
  0.83299999999999996       0.13964608092793701        2.0338466186298789     
  0.83399999999999996       0.14167511696452575        2.0242095769962116     
  0.83499999999999996       0.14369447134263810        2.0144834032726888     
  0.83599999999999997       0.14570405521468757        2.0046686670796037     
  0.83699999999999997       0.14770378030450809        1.9947659416323071     
  0.83799999999999997       0.14969355891093455        1.9847758037120695     
  0.83899999999999997       0.15167330391135414        1.9746988336367939     
  0.83999999999999997       0.15364292876522812        1.9645356152315800     
  0.84099999999999997       0.15560234751758442        1.9542867357991447     
  0.84199999999999997       0.15755147480248027        1.9439527860900945     
  0.84299999999999997       0.15949022584643521        1.9335343602730581     
  0.84399999999999997       0.16141851647183417        1.9230320559046747     
  0.84499999999999997       0.16333626310030031        1.9124464738994431     
  0.84599999999999997       0.16524338275603784        1.9017782184994318     
  0.84699999999999998       0.16713979306914434        1.8910278972438519     
  0.84799999999999998       0.16902541227889264        1.8801961209384934     
  0.84899999999999998       0.17090015923698210        1.8692835036250282     
  0.84999999999999998       0.17276395341075895        1.8582906625501792     
  0.85099999999999998       0.17461671488640607        1.8472182181347585     
  0.85199999999999998       0.17645836437210136        1.8360667939425761     
  0.85299999999999998       0.17828882320114525        1.8248370166492192     
  0.85399999999999998       0.18010801333505683        1.8135295160107057     
  0.85499999999999998       0.18191585736663843        1.8021449248320116     
  0.85599999999999998       0.18371227852300889        1.7906838789354755     
  0.85699999999999998       0.18549720066860506        1.7791470171290800     
  0.85799999999999998       0.18727054830815151        1.7675349811746117     
  0.85899999999999999       0.18903224658959839        1.7558484157557050     
  0.85999999999999999       0.19078222130702718        1.7440879684457646     
  0.86099999999999999       0.19252039890352451        1.7322542896757744     
  0.86199999999999999       0.19424670647402345        1.7203480327019909     
  0.86299999999999999       0.19596107176811262        1.7083698535735237     
  0.86399999999999999       0.19766342319281288        1.6963204110998051     
  0.86499999999999999       0.19935368981532120        1.6842003668179497     
  0.86599999999999999       0.20103180136572210        1.6720103849600052     
  0.86699999999999999       0.20269768823966605        1.6597511324200973     
  0.86799999999999999       0.20435128150101517        1.6474232787214698     
  0.86899999999999999       0.20599251288445578        1.6350274959834195     
  0.87000000000000000       0.20762131479807788        1.6225644588881318     
  0.87100000000000000       0.20923762032592141        1.6100348446474144     
  0.87200000000000000       0.21084136323048921        1.5974393329693317     
  0.87300000000000000       0.21243247795522655        1.5847786060247444     
  0.87400000000000000       0.21401089962696712        1.5720533484137516     
  0.87500000000000000       0.21557656405834555        1.5592642471320401     
  0.87600000000000000       0.21712940775017597        1.5464119915371417     
  0.87700000000000000       0.21866936789379712        1.5334972733145986     
  0.87800000000000000       0.22019638237338326        1.5205207864440413     
  0.87900000000000000       0.22171038976822138        1.5074832271651786     
  0.88000000000000000       0.22321132935495414        1.4943852939437019     
  0.88100000000000001       0.22469914110978881        1.4812276874371053     
  0.88200000000000001       0.22617376571067194        1.4680111104604239     
  0.88300000000000001       0.22763514453942976        1.4547362679518905     
  0.88400000000000001       0.22908321968387416        1.4414038669385139     
  0.88500000000000001       0.23051793393987419        1.4280146165015792     
  0.88600000000000001       0.23193923081339307        1.4145692277420729     
  0.88700000000000001       0.23334705452249060        1.4010684137460330     
  0.88800000000000001       0.23474134999929083        1.3875128895498274     
  0.88900000000000001       0.23612206289191501        1.3739033721053615     
  0.89000000000000001       0.23748913956637968        1.3602405802452153     
  0.89100000000000001       0.23884252710845993        1.3465252346477148     
  0.89200000000000002       0.24018217332551758        1.3327580578019367     
  0.89300000000000002       0.24150802674829447        1.3189397739726487     
  0.89400000000000002       0.24282003663267054        1.3050711091651876     
  0.89500000000000002       0.24411815296138689        1.2911527910902769     
  0.89600000000000002       0.24540232644573348        1.2771855491287847     
  0.89700000000000002       0.24667250852720166        1.2631701142964242     
  0.89800000000000002       0.24792865137910131        1.2491072192083994     
  0.89900000000000002       0.24917070790814266        1.2349975980439953     
  0.90000000000000002       0.25039863175598265        1.2208419865111166     
  0.90100000000000002       0.25161237730073577        1.2066411218107753     
  0.90200000000000002       0.25281189965844941        1.1923957426015295     
  0.90300000000000002       0.25399715468454359        1.1781065889638751     
  0.90400000000000003       0.25516809897521509        1.1637744023645913     
  0.90500000000000003       0.25632468986880586        1.1493999256210425     
  0.90600000000000003       0.25746688544713575        1.1349839028654380     
  0.90700000000000003       0.25859464453679948        1.1205270795090509     
  0.90800000000000003       0.25970792671042781        1.1060302022063984     
  0.90900000000000003       0.26080669228791276        1.0914940188193851     
  0.91000000000000003       0.26189090233759721        1.0769192783814103     
  0.91100000000000003       0.26296051867742831        1.0623067310614420     
  0.91200000000000003       0.26401550387607514        1.0476571281280591     
  0.91300000000000003       0.26505582125401028        1.0329712219134624     
  0.91400000000000003       0.26608143488455543        1.0182497657774574     
  0.91500000000000004       0.26709230959489105        1.0034935140714114     
  0.91600000000000004       0.26808841096702979       0.98870322210218287     
  0.91700000000000004       0.26906970533875407       0.97387964609602951     
  0.91800000000000004       0.27003615980451723       0.95902354316249327     
  0.91900000000000004       0.27098774221630900       0.94413567125826603     
  0.92000000000000004       0.27192442118448429       0.92921678915103645     
  0.92100000000000004       0.27284616607855638       0.91426765638331997     
  0.92200000000000004       0.27375294702795344       0.89928903323627440     
  0.92300000000000004       0.27464473492273922       0.88428168069350188     
  0.92400000000000004       0.27552150141429727       0.86924636040483927     
  0.92500000000000004       0.27638321891597917       0.85418383465013870     
  0.92600000000000005       0.27722986060371629       0.83909486630304020     
  0.92700000000000005       0.27806140041659566       0.82398021879473748     
  0.92800000000000005       0.27887781305739923       0.80884065607773947     
  0.92900000000000005       0.27967907399310715       0.79367694258962840     
  0.93000000000000005       0.28046515945536471       0.77848984321681669     
  0.93100000000000005       0.28123604644091305       0.76328012325830452     
  0.93200000000000005       0.28199171271198359       0.74804854838943879     
  0.93300000000000005       0.28273213679665626       0.73279588462567680     
  0.93400000000000005       0.28345729798918151       0.71752289828635452     
  0.93500000000000005       0.28416717635026617       0.70223035595846273     
  0.93600000000000005       0.28486175270732278       0.68691902446043174     
  0.93700000000000006       0.28554100865468313       0.67158967080592646     
  0.93800000000000006       0.28620492655377533       0.65624306216765449     
  0.93900000000000006       0.28685348953326467       0.64087996584118745     
  0.94000000000000006       0.28748668148915857       0.62550114920879840     
  0.94100000000000006       0.28810448708487502       0.61010737970331652     
  0.94200000000000006       0.28870689175127523       0.59469942477200088     
  0.94300000000000006       0.28929388168665987       0.57927805184043502     
  0.94400000000000006       0.28986544385672952       0.56384402827644375     
  0.94500000000000006       0.29042156599450875       0.54839812135403443     
  0.94600000000000006       0.29096223660023424       0.53294109821736368     
  0.94700000000000006       0.29148744494120704       0.51747372584473228     
  0.94800000000000006       0.29199718105160866       0.50199677101260820     
  0.94900000000000007       0.29249143573228131       0.48651100025968158     
  0.95000000000000007       0.29297020055047213       0.47101717985095143     
  0.95100000000000007       0.29343346783954150       0.45551607574184710     
  0.95200000000000007       0.29388123069863564       0.44000845354238538     
  0.95300000000000007       0.29431348299232324       0.42449507848136508     
  0.95400000000000007       0.29473021935019639       0.40897671537060115     
  0.95500000000000007       0.29513143516643564       0.39345412856919942     
  0.95600000000000007       0.29551712659933954       0.37792808194787403     
  0.95700000000000007       0.29588729057081847       0.36239933885330911     
  0.95800000000000007       0.29624192476585259       0.34686866207256611     
  0.95900000000000007       0.29658102763191468       0.33133681379753910     
  0.95999999999999996       0.29690459837835709       0.31580455558945869     
  0.96099999999999997       0.29721263697576339       0.30027264834344730     
  0.96199999999999997       0.29750514415526458       0.28474185225312659     
  0.96299999999999997       0.29778212140781979       0.26921292677527908     
  0.96399999999999997       0.29804357098346201       0.25368663059456559     
  0.96499999999999997       0.29828949589050813       0.23816372158830013     
  0.96599999999999997       0.29851989989473415       0.22264495679128360     
  0.96699999999999997       0.29873478751851501       0.20713109236069832     
  0.96799999999999997       0.29893416403992956       0.19162288354106483     
  0.96899999999999997       0.29911803549183036       0.17612108462926251     
  0.96999999999999997       0.29928640866087847       0.16062644893961583     
  0.97099999999999997       0.29943929108654355       0.14513972876904765     
  0.97199999999999998       0.29957669106006912       0.12966167536230133     
  0.97299999999999998       0.29969861762340294       0.11419303887723310     
  0.97399999999999998       0.29980508056809274        9.8734568350176535E-002
  0.97499999999999998       0.29989609043414761        8.3287011661380458E-002
  0.97599999999999998       0.29997165850886448        6.7851115500522030E-002
  0.97699999999999998       0.30003179682562042        5.2427625332296585E-002
  0.97799999999999998       0.30007651816263042        3.7017285362085810E-002
  0.97899999999999998       0.30010583604167101        2.1620838501705791E-002
  0.97999999999999998       0.30011976472676960        6.2390263352365763E-003
  0.98099999999999998       0.30011831922285964       -9.1274109150652292E-003
  0.98199999999999998       0.30010151527440182       -2.4477734422769223E-002
  0.98299999999999998       0.30006936936397127       -3.9811206791187798E-002
  0.98399999999999999       0.30002189871081086       -5.5127092087204954E-002
  0.98499999999999999       0.29995912126935087       -7.0424655875015868E-002
  0.98599999999999999       0.29988105572769475       -8.5703165249775559E-002
  0.98699999999999999       0.29978772150607130      -0.10096188887115518     
  0.98799999999999999       0.29967913875525359      -0.11620009699680439     
  0.98899999999999999       0.29955532835494414      -0.13141706151571828     
  0.98999999999999999       0.29941631191212703      -0.14661205598150720     
  0.99099999999999999       0.29926211175938666      -0.16178435564556823     
  0.99199999999999999       0.29909275095319343      -0.17693323749015649     
  0.99299999999999999       0.29890825327215625      -0.19205798026135495     
  0.99399999999999999       0.29870864321524254      -0.20715786450194118     
  0.99500000000000000       0.29849394599996482      -0.22223217258414957     
  0.99600000000000000       0.29826418756053524      -0.23728018874232740     
  0.99700000000000000       0.29801939454598697      -0.25230119910548349     
  0.99800000000000000       0.29775959431826332      -0.26729449172972780     
  0.99900000000000000       0.29748481495027457      -0.28225935663060037     
   1.0000000000000000       0.29719508522392235      -0.29719508581528853     
