   0.0000000000000000        1.0000000000000000        0.0000000000000000     
   1.0000000000000000E-003  0.99996483575512729       -5.2746599163390355E-002
   2.0000000000000000E-003  0.99988132258631091      -0.10296457826829070     
   3.0000000000000001E-003  0.99974863999943508      -0.15549002102797596     
   4.0000000000000001E-003  0.99956424974169089      -0.20831440621990066     
   5.0000000000000001E-003  0.99932756137587264      -0.26117701844769980     
   6.0000000000000001E-003  0.99903837059255918      -0.31401858508964320     
   7.0000000000000001E-003  0.99869660049108122      -0.36682180826291860     
   8.0000000000000002E-003  0.99830222815930003      -0.41958040913342043     
   9.0000000000000011E-003  0.99785525795889840      -0.47229120831752786     
   1.0000000000000000E-002  0.99735571018201519      -0.52495178561614664     
   1.0999999999999999E-002  0.99680361568891307      -0.57755974977318481     
   1.2000000000000000E-002  0.99619901316335591      -0.63011252367147097     
   1.3000000000000001E-002  0.99554194761894332      -0.68260730249705992     
   1.4000000000000000E-002  0.99483246954554494      -0.73504106867608254     
   1.4999999999999999E-002  0.99407063440164811      -0.78741062246656168     
   1.6000000000000000E-002  0.99325650230213380      -0.83971261371479899     
   1.7000000000000001E-002  0.99239013782057806      -0.89194357009853686     
   1.8000000000000002E-002  0.99147160986073379      -0.94409992081579941     
   1.9000000000000000E-002  0.99050099157086235      -0.99617801596498756     
   2.0000000000000000E-002  0.98947836028515324       -1.0481741422441495     
   2.1000000000000001E-002  0.98840379748254914       -1.1000845356399478     
   2.1999999999999999E-002  0.98727738875688953       -1.1519053917033790     
   2.3000000000000000E-002  0.98609922379447057       -1.2036328739074487     
   2.4000000000000000E-002  0.98486939635647641       -1.2552631204842715     
   2.5000000000000001E-002  0.98358800426459736       -1.3067922500556841     
   2.6000000000000002E-002  0.98225514938870484       -1.3582163663038720     
   2.7000000000000000E-002  0.98087093763581712       -1.4095315618751065     
   2.8000000000000001E-002  0.97943547893983196       -1.4607339216680006     
   2.9000000000000001E-002  0.97794888725166418       -1.5118195256253244     
   2.9999999999999999E-002  0.97641128052953796       -1.5627844511233180     
   3.1000000000000000E-002  0.97482278072926032       -1.6136247750329602     
   3.2000000000000001E-002  0.97318351379435353       -1.6643365755124817     
   3.3000000000000002E-002  0.97149360964596243       -1.7149159335785653     
   3.4000000000000002E-002  0.96975320217247818       -1.7653589344943816     
   3.5000000000000003E-002  0.96796242921883846       -1.8156616690052867     
   3.6000000000000004E-002  0.96612143257547689       -1.8658202344472090     
   3.6999999999999998E-002  0.96423035796690393       -1.9158307357481441     
   3.7999999999999999E-002  0.96228935503990809       -1.9656892863394861     
   3.9000000000000000E-002  0.96029857735137081       -2.0153920089909692     
   4.0000000000000001E-002  0.95825818235569205       -2.0649350365806032     
   4.1000000000000002E-002  0.95616833139182489       -2.1143145128090501     
   4.2000000000000003E-002  0.95402918966992178       -2.1635265928663197     
   4.3000000000000003E-002  0.95184092625759165       -2.2125674440573668     
   4.3999999999999997E-002  0.94960371406577349       -2.2614332463921230     
   4.4999999999999998E-002  0.94731772983422724       -2.3101201931446202     
   4.5999999999999999E-002  0.94498315411664668       -2.3586244913851444     
   4.7000000000000000E-002  0.94260017126539819       -2.4069423624887603     
   4.8000000000000001E-002  0.94016896941588823       -2.4550700426230452     
   4.9000000000000002E-002  0.93768974047056441       -2.5030037832174590     
   5.0000000000000003E-002  0.93516268008255321       -2.5507398514164192     
   5.1000000000000004E-002  0.93258798763893813       -2.5982745305178629     
   5.2000000000000005E-002  0.92996586624368294       -2.6456041203988208     
   5.2999999999999999E-002  0.92729652270020180       -2.6927249379293259     
   5.3999999999999999E-002  0.92458016749358196       -2.7396333173757901     
   5.5000000000000000E-002  0.92181701477246025       -2.7863256107948366     
   5.6000000000000001E-002  0.91900728233055862       -2.8327981884184443     
   5.7000000000000002E-002  0.91615119158788061       -2.8790474390311429     
   5.8000000000000003E-002  0.91324896757157292       -2.9250697703399089     
   5.9000000000000004E-002  0.91030083889645397       -2.9708616093373235     
   5.9999999999999998E-002  0.90730703774521437       -3.0164194026584861     
   6.0999999999999999E-002  0.90426779984828987       -3.0617396169321132     
   6.2000000000000000E-002  0.90118336446341196       -3.1068187391261981     
   6.3000000000000000E-002  0.89805397435483758       -3.1516532768885619     
   6.4000000000000001E-002  0.89487987577226125       -3.1962397588825855     
   6.5000000000000002E-002  0.89166131842941243       -3.2405747351183756     
   6.6000000000000003E-002  0.88839855548234059       -3.2846547772795867     
   6.7000000000000004E-002  0.88509184350739112       -3.3284764790460959     
   6.8000000000000005E-002  0.88174144247887454       -3.3720364564127019     
   6.9000000000000006E-002  0.87834761574643139       -3.4153313480039977     
   7.0000000000000007E-002  0.87491063001209624       -3.4583578153855501     
   7.1000000000000008E-002  0.87143075530706271       -3.5011125433715020     
   7.2000000000000008E-002  0.86790826496815254       -3.5435922403287003     
   7.2999999999999995E-002  0.86434343561399085       -3.5857936384774347     
   7.3999999999999996E-002  0.86073654712089109       -3.6277134941888676     
   7.4999999999999997E-002  0.85708788259845159       -3.6693485882792247     
   7.5999999999999998E-002  0.85339772836486594       -3.7106957263007989     
   7.6999999999999999E-002  0.84966637392195132       -3.7517517388298258     
   7.8000000000000000E-002  0.84589411192989572       -3.7925134817512682     
   7.9000000000000001E-002  0.84208123818172764       -3.8329778365405516     
   8.0000000000000002E-002  0.83822805157751046       -3.8731417105422787     
   8.1000000000000003E-002  0.83433485409826436       -3.9130020372459566     
   8.2000000000000003E-002  0.83040195077961876       -3.9525557765587496     
   8.3000000000000004E-002  0.82642964968519672       -3.9917999150752856     
   8.4000000000000005E-002  0.82241826187973532       -4.0307314663445259     
   8.5000000000000006E-002  0.81836810140194394       -4.0693474711337103     
   8.6000000000000007E-002  0.81427948523710303       -4.1076449976893894     
   8.7000000000000008E-002  0.81015273328940696       -4.1456211419955480     
   8.7999999999999995E-002  0.80598816835405218       -4.1832730280288271     
   8.8999999999999996E-002  0.80178611608907491       -4.2205978080108384     
   8.9999999999999997E-002  0.79754690498693992       -4.2575926626575873     
   9.0999999999999998E-002  0.79327086634588384       -4.2942548014259829     
   9.1999999999999998E-002  0.78895833424101547       -4.3305814627574515     
   9.2999999999999999E-002  0.78460964549517598       -4.3665699143186369     
   9.4000000000000000E-002  0.78022513964956164       -4.4022174532391851     
   9.5000000000000001E-002  0.77580515893411206       -4.4375214063466144     
   9.6000000000000002E-002  0.77135004823766662       -4.4724791303982512     
   9.7000000000000003E-002  0.76686015507789163       -4.5070880123102350     
   9.8000000000000004E-002  0.76233582957098223       -4.5413454693835780     
   9.9000000000000005E-002  0.75777742440113993       -4.5752489495272686     
  0.10000000000000001       0.75318529478983098       -4.6087959314784168     
  0.10100000000000001       0.74855979846482623       -4.6419839250194226     
  0.10200000000000001       0.74390129562902707       -4.6748104711921616     
  0.10300000000000001       0.73921014892907944       -4.7072731425091723     
  0.10400000000000001       0.73448672342377941       -4.7393695431618417     
  0.10500000000000000       0.72973138655227276       -4.7710973092255688     
  0.10600000000000000       0.72494450810205191       -4.8024541088618982     
  0.10700000000000000       0.72012646017675308       -4.8334376425176124     
  0.10800000000000000       0.71527761716375660       -4.8640456431207681     
  0.10900000000000000       0.71039835570159360       -4.8942758762736673     
  0.11000000000000000       0.70548905464716183       -4.9241261404427492     
  0.11100000000000000       0.70055009504275378       -4.9535942671453856     
  0.11200000000000000       0.69558186008290046       -4.9826781211335813     
  0.11300000000000000       0.69058473508103324       -5.0113756005745493     
  0.11400000000000000       0.68555910743596749       -5.0396846372281603     
  0.11500000000000000       0.68050536659821070       -5.0676031966212527     
  0.11600000000000001       0.67542390403609875       -5.0951292782187858     
  0.11700000000000001       0.67031511320176251       -5.1222609155918288     
  0.11800000000000001       0.66517938949692912       -5.1489961765823713     
  0.11900000000000001       0.66001713023855990       -5.1753331634649449     
  0.12000000000000000       0.65482873462432900       -5.2012700131050416     
  0.12100000000000000       0.64961460369794588       -5.2268048971143202     
  0.12200000000000000       0.64437514031432364       -5.2519360220025852     
  0.12300000000000000       0.63911074910459842       -5.2766616293265338     
  0.12400000000000000       0.63382183644100143       -5.3009799958352479     
  0.12500000000000000       0.62850881040158735       -5.3248894336124364     
  0.12600000000000000       0.62317208073482289       -5.3483882902154001     
  0.12700000000000000       0.61781205882403789       -5.3714749488107216     
  0.12800000000000000       0.61242915765174277       -5.3941478283066635     
  0.12900000000000000       0.60702379176381560       -5.4164053834822639     
  0.13000000000000000       0.60159637723356196       -5.4382461051131230     
  0.13100000000000001       0.59614733162565070       -5.4596685200938708     
  0.13200000000000001       0.59067707395992952       -5.4806711915572999     
  0.13300000000000001       0.58518602467512271       -5.5012527189901661     
  0.13400000000000001       0.57967460559241579       -5.5214117383456340     
  0.13500000000000001       0.57414323987892879       -5.5411469221523717     
  0.13600000000000001       0.56859235201108271       -5.5604569796202767     
  0.13700000000000001       0.56302236773786218       -5.5793406567428283     
  0.13800000000000001       0.55743371404397735       -5.5977967363960612     
  0.13900000000000001       0.55182681911292886       -5.6158240384341465     
  0.14000000000000001       0.54620211228997917       -5.6334214197815777     
  0.14100000000000001       0.54056002404503334       -5.6505877745219548     
  0.14200000000000002       0.53490098593543300       -5.6673220339833552     
  0.14300000000000002       0.52922543056866667       -5.6836231668202899     
  0.14400000000000002       0.52353379156500013       -5.6994901790922334     
  0.14499999999999999       0.51782650352003023       -5.7149221143387274     
  0.14599999999999999       0.51210400196716499       -5.7299180536510486     
  0.14699999999999999       0.50636672334003430       -5.7444771157404348     
  0.14799999999999999       0.50061510493483385       -5.7585984570028677     
  0.14899999999999999       0.49484958487260672       -5.7722812715804039     
  0.14999999999999999       0.48907060206146463       -5.7855247914190517     
  0.15100000000000000       0.48327859615875385       -5.7983282863231889     
  0.15200000000000000       0.47747400753316821       -5.8106910640065195     
  0.15300000000000000       0.47165727722681294       -5.8226124701395614     
  0.15400000000000000       0.46582884691722304       -5.8340918883936652     
  0.15500000000000000       0.45998915887933928       -5.8451287404815613     
  0.15600000000000000       0.45413865594744551       -5.8557224861944324     
  0.15700000000000000       0.44827778147707087       -5.8658726234355063     
  0.15800000000000000       0.44240697930685990       -5.8755786882501706     
  0.15900000000000000       0.43652669372041475       -5.8848402548526062     
  0.16000000000000000       0.43063736940811220       -5.8936569356489352     
  0.16100000000000000       0.42473945142889963       -5.9020283812568923     
  0.16200000000000001       0.41883338517207280       -5.9099542805220011     
  0.16300000000000001       0.41291961631903973       -5.9174343605302742     
  0.16400000000000001       0.40699859080507317       -5.9244683866174253     
  0.16500000000000001       0.40107075478105608       -5.9310561623745937     
  0.16600000000000001       0.39513655457522284       -5.9371975296505894     
  0.16700000000000001       0.38919643665490034       -5.9428923685506492     
  0.16800000000000001       0.38325084758825184       -5.9481405974317134     
  0.16900000000000001       0.37730023400602747       -5.9529421728942209     
  0.17000000000000001       0.37134504256332468       -5.9572970897704263     
  0.17100000000000001       0.36538571990136226       -5.9612053811092354     
  0.17200000000000001       0.35942271260927111       -5.9646671181575703     
  0.17300000000000001       0.35345646718590562       -5.9676824103382611     
  0.17400000000000002       0.34748743000167887       -5.9702514052244684     
  0.17500000000000002       0.34151604726042512       -5.9723742885106370     
  0.17599999999999999       0.33554276496129315       -5.9740512839799953     
  0.17699999999999999       0.32956802886067399       -5.9752826534685886     
  0.17799999999999999       0.32359228443416610       -5.9760686968258616     
  0.17899999999999999       0.31761597683858206       -5.9764097518717954     
  0.17999999999999999       0.31163955087399969       -5.9763061943505953     
  0.18099999999999999       0.30566345094586123       -5.9757584378809403     
  0.18200000000000000       0.29968812102712405       -5.9747669339028038     
  0.18300000000000000       0.29371400462046632       -5.9733321716208430     
  0.18400000000000000       0.28774154472055097       -5.9714546779443678     
  0.18500000000000000       0.28177118377635152       -5.9691350174238957     
  0.18600000000000000       0.27580336365354297       -5.9663737921842994     
  0.18700000000000000       0.26983852559696131       -5.9631716418545544     
  0.18800000000000000       0.26387711019313503       -5.9595292434940905     
  0.18900000000000000       0.25791955733289196       -5.9554473115157620     
  0.19000000000000000       0.25196630617404497       -5.9509265976054406     
  0.19100000000000000       0.24601779510415955       -5.9459678906382347     
  0.19200000000000000       0.24007446170340713       -5.9405720165913563     
  0.19300000000000000       0.23413674270750703       -5.9347398384536314     
  0.19400000000000001       0.22820507397076079       -5.9284722561316698     
  0.19500000000000001       0.22227989042918181       -5.9217702063527060     
  0.19600000000000001       0.21636162606372394       -5.9146346625641160     
  0.19700000000000001       0.21045071386361233       -5.9070666348296230     
  0.19800000000000001       0.20454758578977947       -5.8990671697222021     
  0.19900000000000001       0.19865267273841028       -5.8906373502136971     
  0.20000000000000001       0.19276640450459906       -5.8817782955611531     
  0.20100000000000001       0.18688920974612183       -5.8724911611898891     
  0.20200000000000001       0.18102151594732724       -5.8627771385733114     
  0.20300000000000001       0.17516374938314927       -5.8526374551094813     
  0.20400000000000001       0.16931633508324503       -5.8420733739944568     
  0.20500000000000002       0.16347969679626087       -5.8310861940924141     
  0.20600000000000002       0.15765425695422985       -5.8196772498025640     
  0.20700000000000002       0.15184043663710417       -5.8078479109228756     
  0.20800000000000002       0.14603865553742515       -5.7955995825106239     
  0.20899999999999999       0.14024933192513450       -5.7829337047397704     
  0.20999999999999999       0.13447288261252974       -5.7698517527551987     
  0.21099999999999999       0.12870972291936694       -5.7563552365238060     
  0.21199999999999999       0.12296026663811394       -5.7424457006824845     
  0.21299999999999999       0.11722492599935715       -5.7281247243829885     
  0.21400000000000000       0.11150411163736514       -5.7133939211337141     
  0.21500000000000000       0.10579823255581182       -5.6982549386384074     
  0.21600000000000000       0.10010769609366264       -5.6827094586318090     
  0.21700000000000000        9.4432907891226547E-002  -5.6667591967122588     
  0.21800000000000000        8.8774271856376902E-002  -5.6504059021712738     
  0.21900000000000000        8.3132190130944389E-002  -5.6336513578201171     
  0.22000000000000000        7.7507063057284775E-002  -5.6164973798133762     
  0.22100000000000000        7.1899289145024650E-002  -5.5989458174695645     
  0.22200000000000000        6.6309265037988049E-002  -5.5809985530887642     
  0.22300000000000000        6.0737385481306853E-002  -5.5626575017673359     
  0.22400000000000000        5.5184043288718052E-002  -5.5439246112096994     
  0.22500000000000001        4.9649629310050611E-002  -5.5248018615372185     
  0.22600000000000001        4.4134532398904920E-002  -5.5052912650941961     
  0.22700000000000001        3.8639139380527723E-002  -5.4853948662510081     
  0.22800000000000001        3.3163835019885290E-002  -5.4651147412043919     
  0.22900000000000001        2.7709001989937775E-002  -5.4444529977749054     
  0.23000000000000001        2.2275020840117510E-002  -5.4234117752015809     
  0.23100000000000001        1.6862269965014040E-002  -5.4019932439337932     
  0.23200000000000001        1.1471125573268678E-002  -5.3801996054203611     
  0.23300000000000001        6.1019616566813581E-003  -5.3580330918959014     
  0.23400000000000001        7.5514995953250216E-004  -5.3354959661644621     
  0.23500000000000001       -4.5689400518774048E-003  -5.3125905213804465     
  0.23600000000000002       -9.8699412194677913E-003  -5.2893190808268571     
  0.23700000000000002       -1.5147488723394890E-002  -5.2656839976908794     
  0.23800000000000002       -2.0401220111842890E-002  -5.2416876548368245     
  0.23900000000000002       -2.5630775330586705E-002  -5.2173324645764554     
  0.23999999999999999       -3.0835796752323771E-002  -5.1926208684367161     
  0.24099999999999999       -3.6015929205772269E-002  -5.1675553369248917     
  0.24199999999999999       -4.1170820004533239E-002  -5.1421383692912146     
  0.24299999999999999       -4.6300118975714018E-002  -5.1163724932889476     
  0.24399999999999999       -5.1403478488310506E-002  -5.0902602649319597     
  0.24500000000000000       -5.6480553481345751E-002  -5.0638042682498225     
  0.24600000000000000       -6.1531001491762424E-002  -5.0370071150404527     
  0.24700000000000000       -6.6554482682066679E-002  -5.0098714446203187     
  0.24800000000000000       -7.1550659867721023E-002  -4.9823999235722365     
  0.24900000000000000       -7.6519198544283781E-002  -4.9545952454907889     
  0.25000000000000000       -8.1459766914292811E-002  -4.9264601307253750     
  0.25100000000000000       -8.6372035913891046E-002  -4.8979973261209331     
  0.25200000000000000       -9.1255679239191673E-002  -4.8692096047563460     
  0.25300000000000000       -9.6110373372380487E-002  -4.8400997656805700     
  0.25400000000000000      -0.10093579760755329       -4.8106706336464935     
  0.25500000000000000      -0.10573163407628602       -4.7809250588425716     
  0.25600000000000001      -0.11049756777293540       -4.7508659166222467     
  0.25700000000000001      -0.11523328657966786       -4.7204961072311873     
  0.25800000000000001      -0.11993848129121472       -4.6898185555323719     
  0.25900000000000001      -0.12461284563935128       -4.6588362107290449     
  0.26000000000000001      -0.12925607631709790       -4.6275520460855661     
  0.26100000000000001      -0.13386787300264077       -4.5959690586461841     
  0.26200000000000001      -0.13844793838297059       -4.5640902689517624     
  0.26300000000000001      -0.14299597817723678       -4.5319187207544838     
  0.26400000000000001      -0.14751170115981552       -4.4994574807305554     
  0.26500000000000001      -0.15199481918308941       -4.4667096381909506     
  0.26600000000000001      -0.15644504719993699       -4.4336783047902113     
  0.26700000000000002      -0.16086210328593006       -4.4003666142333344     
  0.26800000000000002      -0.16524570866123692       -4.3667777219807773     
  0.26900000000000002      -0.16959558771222966       -4.3329148049516082     
  0.27000000000000002      -0.17391146801279381       -4.2987810612248287     
  0.27100000000000002      -0.17819308034533826       -4.2643797097388951     
  0.27200000000000002      -0.18244015872150388       -4.2297139899894729     
  0.27300000000000002      -0.18665244040256895       -4.1947871617254489     
  0.27400000000000002      -0.19082966591954992       -4.1596025046432317     
  0.27500000000000002      -0.19497157909299540       -4.1241633180793666     
  0.27600000000000002      -0.19907792705247207       -4.0884729207015011     
  0.27700000000000002      -0.20314846025574074       -4.0525346501977211     
  0.27800000000000002      -0.20718293250762085       -4.0163518629642976     
  0.27900000000000003      -0.21118110097854201       -3.9799279337918629     
  0.28000000000000003      -0.21514272622278094       -3.9432662555500579     
  0.28100000000000003      -0.21906757219638226       -3.9063702388706689     
  0.28200000000000003      -0.22295540627476168       -3.8692433118292917     
  0.28300000000000003      -0.22680599926999020       -3.8318889196255523     
  0.28400000000000003      -0.23061912544775773       -3.7943105242619115     
  0.28500000000000003      -0.23439456254401483       -3.7565116042210858     
  0.28600000000000003      -0.23813209178129124       -3.7184956541421172     
  0.28700000000000003      -0.24183149788468974       -3.6802661844951183     
  0.28800000000000003      -0.24549256909755426       -3.6418267212547279     
  0.28899999999999998      -0.24911509719681055       -3.6031808055723049     
  0.28999999999999998      -0.25269887750797870       -3.5643319934468933     
  0.29099999999999998      -0.25624370891985582       -3.5252838553949899     
  0.29199999999999998      -0.25974939389886798       -3.4860399761191441     
  0.29299999999999998      -0.26321573850309021       -3.4466039541754228     
  0.29399999999999998      -0.26664255239593343       -3.4069794016397714     
  0.29499999999999998      -0.27002964885949704       -3.3671699437733031     
  0.29599999999999999      -0.27337684480758634       -3.3271792186865468     
  0.29699999999999999      -0.27668396079839391       -3.2870108770026865     
  0.29799999999999999      -0.27995082104684338       -3.2466685815198240     
  0.29899999999999999      -0.28317725343659522       -3.2061560068722970     
  0.29999999999999999      -0.28636308953171341       -3.1654768391910828     
  0.30099999999999999      -0.28950816458799183       -3.1246347757633242     
  0.30199999999999999      -0.29261231756394002       -3.0836335246910020     
  0.30299999999999999      -0.29567539113142705       -3.0424768045487971     
  0.30399999999999999      -0.29869723168598289       -3.0011683440411629     
  0.30499999999999999      -0.30167768935675648       -2.9597118816586505     
  0.30599999999999999      -0.30461661801612983       -2.9181111653335106     
  0.30700000000000000      -0.30751387528898705       -2.8763699520946124     
  0.30800000000000000      -0.31036932256163857       -2.8344920077217060     
  0.30900000000000000      -0.31318282499039868       -2.7924811063990638     
  0.31000000000000000      -0.31595425150981682       -2.7503410303685332     
  0.31100000000000000      -0.31868347484056142       -2.7080755695820327     
  0.31200000000000000      -0.32137037149695619       -2.6656885213535237     
  0.31300000000000000      -0.32401482179416791       -2.6231836900104946     
  0.31400000000000000      -0.32661670985504548       -2.5805648865449826     
  0.31500000000000000      -0.32917592361661013       -2.5378359282641738     
  0.31600000000000000      -0.33169235483619547       -2.4950006384406089     
  0.31700000000000000      -0.33416589909723798       -2.4520628459620317     
  0.31800000000000000      -0.33659645581471703       -2.4090263849809088     
  0.31900000000000001      -0.33898392824024437       -2.3658950945636583     
  0.32000000000000001      -0.34132822346680253       -2.3226728183396150     
  0.32100000000000001      -0.34362925243313225       -2.2793634041497710     
  0.32200000000000001      -0.34588692992776837       -2.2359707036953198     
  0.32300000000000001      -0.34810117459272438       -2.1924985721860395     
  0.32400000000000001      -0.35027190892682519       -2.1489508679885474     
  0.32500000000000001      -0.35239905928868809       -2.1053314522744584     
  0.32600000000000001      -0.35448255589935174       -2.0616441886684815     
  0.32700000000000001      -0.35652233284455354       -2.0178929428964860     
  0.32800000000000001      -0.35851832807665474       -1.9740815824335716     
  0.32900000000000001      -0.36047048341621374       -1.9302139761521739     
  0.33000000000000002      -0.36237874455320762       -1.8862939939702401     
  0.33100000000000002      -0.36424306104790177       -1.8423255064995061     
  0.33200000000000002      -0.36606338633136803       -1.7983123846939089     
  0.33300000000000002      -0.36783967770565101       -1.7542584994981667     
  0.33400000000000002      -0.36957189634358351       -1.7101677214965603     
  0.33500000000000002      -0.37126000728825037       -1.6660439205619466     
  0.33600000000000002      -0.37290397945210191       -1.6218909655050409     
  0.33700000000000002      -0.37450378561571640       -1.5777127237239958     
  0.33800000000000002      -0.37605940242621272       -1.5335130608543135     
  0.33900000000000002      -0.37757081039531259       -1.4892958404191217     
  0.34000000000000002      -0.37903799389705362       -1.4450649234798474     
  0.34100000000000003      -0.38046094116515328       -1.4008241682873195     
  0.34200000000000003      -0.38183964429002387       -1.3565774299333340     
  0.34300000000000003      -0.38317409921543971       -1.3123285600027137     
  0.34400000000000003      -0.38446430573485629       -1.2680814062258954     
  0.34500000000000003      -0.38571026748738257       -1.2238398121320757     
  0.34600000000000003      -0.38691199195340653       -1.1796076167029488     
  0.34700000000000003      -0.38806949044987471       -1.1353886540270681     
  0.34800000000000003      -0.38918277812522684       -1.0911867529548640     
  0.34900000000000003      -0.39025187395398525       -1.0470057367543490     
  0.35000000000000003      -0.39127680073100080       -1.0028494227675442     
  0.35100000000000003      -0.39225758506535541      -0.95872162206765588     
  0.35199999999999998      -0.39319425737392216      -0.91462613911703750     
  0.35299999999999998      -0.39408685187458387      -0.87056677142596595     
  0.35399999999999998      -0.39493540657911064      -0.82654730921226549     
  0.35499999999999998      -0.39573996328569772      -0.78257153506181043     
  0.35599999999999998      -0.39650056757116414      -0.73864322358993728     
  0.35699999999999998      -0.39721726878281349      -0.69476614110379920     
  0.35799999999999998      -0.39789012002995705      -0.65094404526569249     
  0.35899999999999999      -0.39851917817510124      -0.60718068475738718     
  0.35999999999999999      -0.39910450382479967      -0.56347979894549260     
  0.36099999999999999      -0.39964616132017111      -0.51984511754788854     
  0.36199999999999999      -0.40014421872708450      -0.47628036030125354     
  0.36299999999999999      -0.40059874782601190      -0.43278923662971985     
  0.36399999999999999      -0.40100982410155095      -0.38937544531468693     
  0.36499999999999999      -0.40137752673161742      -0.34604267416582302     
  0.36599999999999999      -0.40170193857630954      -0.30279459969328548     
  0.36699999999999999      -0.40198314616644515      -0.25963488678119018     
  0.36799999999999999      -0.40222123969177304      -0.21656718836235983     
  0.36899999999999999      -0.40241631298885938      -0.17359514509438134     
  0.37000000000000000      -0.40256846352865133      -0.13072238503700179     
  0.37100000000000000      -0.40267779240371837       -8.7952523330893012E-002
  0.37200000000000000      -0.40274440431517322       -4.5289161877814114E-002
  0.37300000000000000      -0.40276840755927357       -2.7358890222012738E-003
  0.37400000000000000      -0.40274991401370630        3.9703720765785835E-002
  0.37500000000000000      -0.40268903912355525        8.2026107205731877E-002
  0.37600000000000000      -0.40258590188695448       0.12422772452091921     
  0.37700000000000000      -0.40244062484042825       0.16630504175073774     
  0.37800000000000000      -0.40225333404391933       0.20825454306152288     
  0.37900000000000000      -0.40202415906550731       0.25007272805579295     
  0.38000000000000000      -0.40175323296581855       0.29175611207985791     
  0.38100000000000001      -0.40144069228212931       0.33330122652977112     
  0.38200000000000001      -0.40108667701216361       0.37470461915559633     
  0.38300000000000001      -0.40069133059758805       0.41596285436396208     
  0.38400000000000001      -0.40025479990720453       0.45707251351887568     
  0.38500000000000001      -0.39977723521984321       0.49803019524076986     
  0.38600000000000001      -0.39925879020695748       0.53883251570375401     
  0.38700000000000001      -0.39869962191492225       0.57947610893104373     
  0.38800000000000001      -0.39809989074703811       0.61995762708854163     
  0.38900000000000001      -0.39745976044524239       0.66027374077654211     
  0.39000000000000001      -0.39677939807153007       0.70042113931953420     
  0.39100000000000001      -0.39605897398908513       0.74039653105407621     
  0.39200000000000002      -0.39529866184312568       0.78019664361471541     
  0.39300000000000002      -0.39449863854146366       0.81981822421792749     
  0.39400000000000002      -0.39365908423478191       0.85925803994404981     
  0.39500000000000002      -0.39278018229663014       0.89851287801718249     
  0.39600000000000002      -0.39186211930314208       0.93757954608303307     
  0.39700000000000002      -0.39090508501247589       0.97645487248467844     
  0.39800000000000002      -0.38990927234397976        1.0151357065362199     
  0.39900000000000002      -0.38887487735708492        1.0536189187943064     
  0.40000000000000002      -0.38780209922992837        1.0919014013275010     
  0.40100000000000002      -0.38669114023770707        1.1299800679834684     
  0.40200000000000002      -0.38554220573076625        1.1678518546539549     
  0.40300000000000002      -0.38435550411242381        1.2055137195375432     
  0.40400000000000003      -0.38313124681653293        1.2429626434001526     
  0.40500000000000003      -0.38186964828478565        1.2801956298332655     
  0.40600000000000003      -0.38057092594375891        1.3172097055098542     
  0.40700000000000003      -0.37923530018170631        1.3540019204379861     
  0.40800000000000003      -0.37786299432509707        1.3905693482120860     
  0.40900000000000003      -0.37645423461490507        1.4269090862618301     
  0.41000000000000003      -0.37500925018265013        1.4630182560986520     
  0.41100000000000003      -0.37352827302619418        1.4988940035598373     
  0.41200000000000003      -0.37201153798529413        1.5345334990501862     
  0.41300000000000003      -0.37045928271691475        1.5699339377812211     
  0.41400000000000003      -0.36887174767030334        1.6050925400079197     
  0.41500000000000004      -0.36724917606182889        1.6400065512629500     
  0.41600000000000004      -0.36559181384958839        1.6746732425883901     
  0.41699999999999998      -0.36389990970778274        1.7090899107649085     
  0.41799999999999998      -0.36217371500086443        1.7432538785383875     
  0.41899999999999998      -0.36041348375746030        1.7771624948439682     
  0.41999999999999998      -0.35861947264407118        1.8108131350274965     
  0.42099999999999999      -0.35679194093855165        1.8442032010643539     
  0.42199999999999999      -0.35493115050337232        1.8773301217756497     
  0.42299999999999999      -0.35303736575866684        1.9101913530417589     
  0.42399999999999999      -0.35111085365506722        1.9427843780131848     
  0.42499999999999999      -0.34915188364632943        1.9751067073187294     
  0.42599999999999999      -0.34716072766175193        2.0071558792709525     
  0.42699999999999999      -0.34513766007839053        2.0389294600689021     
  0.42799999999999999      -0.34308295769307162        2.0704250439980978     
  0.42899999999999999      -0.34099689969420688        2.1016402536277501     
  0.42999999999999999      -0.33887976763341221        2.1325727400051990     
  0.43099999999999999      -0.33673184539693335        2.1632201828475544     
  0.43200000000000000      -0.33455341917688181        2.1935802907305217     
  0.43300000000000000      -0.33234477744228269        2.2236508012743972     
  0.43400000000000000      -0.33010621090993864        2.2534294813272151     
  0.43500000000000000      -0.32783801251511141        2.2829141271450331     
  0.43600000000000000      -0.32554047738202518        2.3121025645693392     
  0.43700000000000000      -0.32321390279419343        2.3409926492015662     
  0.43800000000000000      -0.32085858816457313        2.3695822665746968     
  0.43900000000000000      -0.31847483500554857        2.3978693323219460     
  0.44000000000000000      -0.31606294689874787        2.4258517923425065     
  0.44100000000000000      -0.31362322946469556        2.4535276229643435     
  0.44200000000000000      -0.31115599033230368        2.4808948311040231     
  0.44300000000000000      -0.30866153910820426        2.5079514544235639     
  0.44400000000000001      -0.30614018734592696        2.5346955614842956     
  0.44500000000000001      -0.30359224851492400        2.5611252518977143     
  0.44600000000000001      -0.30101803796944582        2.5872386564733190     
  0.44700000000000001      -0.29841787291727045        2.6130339373634199     
  0.44800000000000001      -0.29579207238828958        2.6385092882049062     
  0.44900000000000001      -0.29314095720295430        2.6636629342579581     
  0.45000000000000001      -0.29046484994058391        2.6884931325416965     
  0.45100000000000001      -0.28776407490754025        2.7129981719667575     
  0.45200000000000001      -0.28503895810527136        2.7371763734647772     
  0.45300000000000001      -0.28228982719822693        2.7610260901147829     
  0.45400000000000001      -0.27951701148164909        2.7845457072664761     
  0.45500000000000002      -0.27672084184924134        2.8077336426603972     
  0.45600000000000002      -0.27390165076071898        2.8305883465449657     
  0.45700000000000002      -0.27105977220924404        2.8531083017903827     
  0.45800000000000002      -0.26819554168874787        2.8752920239993887     
  0.45900000000000002      -0.26530929616114446        2.8971380616148679     
  0.46000000000000002      -0.26240137402343794        2.9186449960242911     
  0.46100000000000002      -0.25947211507472701        2.9398114416609866     
  0.46200000000000002      -0.25652186048310988        2.9606360461022363     
  0.46300000000000002      -0.25355095275249251        2.9811174901641819     
  0.46400000000000002      -0.25055973568930373        3.0012544879935437     
  0.46500000000000002      -0.24754855436912004        3.0210457871561354     
  0.46600000000000003      -0.24451775510320370        3.0404901687221764     
  0.46700000000000003      -0.24146768540495694        3.0595864473483889     
  0.46800000000000003      -0.23839869395629584        3.0783334713568804     
  0.46900000000000003      -0.23531113057394679        3.0967301228107984     
  0.47000000000000003      -0.23220534617566901        3.1147753175867603     
  0.47100000000000003      -0.22908169274640627        3.1324680054440459     
  0.47200000000000003      -0.22594052330437087        3.1498071700905528     
  0.47300000000000003      -0.22278219186706349        3.1667918292455095     
  0.47400000000000003      -0.21960705341723191        3.1834210346989389     
  0.47500000000000003      -0.21641546386877172        3.1996938723678738     
  0.47600000000000003      -0.21320778003257271        3.2156094623493168     
  0.47700000000000004      -0.20998435958231368        3.2311669589699425     
  0.47800000000000004      -0.20674556102020933        3.2463655508325400     
  0.47900000000000004      -0.20349174364271230        3.2612044608591932     
  0.47999999999999998      -0.20022326750617367        3.2756829463311963     
  0.48099999999999998      -0.19694049339246511        3.2898002989257007     
  0.48199999999999998      -0.19364378277456615        3.3035558447490971     
  0.48299999999999998      -0.19033349778211953        3.3169489443671250     
  0.48399999999999999      -0.18701000116695823        3.3299789928317138     
  0.48499999999999999      -0.18367365626860724        3.3426454197045530     
  0.48599999999999999      -0.18032482697976335        3.3549476890773886     
  0.48699999999999999      -0.17696387771175637        3.3668852995890521     
  0.48799999999999999      -0.17359117335999485        3.3784577844392163     
  0.48899999999999999      -0.17020707926939979        3.3896647113988809     
  0.48999999999999999      -0.16681196119982936        3.4005056828175899     
  0.49099999999999999      -0.16340618529149822        3.4109803356273805     
  0.49199999999999999      -0.15999011803039437        3.4210883413434652     
  0.49299999999999999      -0.15656412621369700        3.4308294060616507     
  0.49399999999999999      -0.15312857691519860        3.4402032704524927     
  0.49500000000000000      -0.14968383745073444        3.4492097097521937     
  0.49600000000000000      -0.14623027534362290        3.4578485337502403     
  0.49700000000000000      -0.14276825829011969        3.4661195867737904     
  0.49800000000000000      -0.13929815412488938        3.4740227476688079     
  0.49900000000000000      -0.13582033078649741        3.4815579297779524     
  0.50000000000000000      -0.13233515628292575        3.4887250809152244     
  0.50100000000000000      -0.12884299865711563        3.4955241833373747     
  0.50200000000000000      -0.12534422595254047        3.5019552537120795     
  0.50300000000000000      -0.12183920617881219        3.5080183430828877     
  0.50400000000000000      -0.11832830727732424        3.5137135368309442     
  0.50500000000000000      -0.11481189708693446        3.5190409546334966     
  0.50600000000000001      -0.11129034330969111        3.5240007504191913     
  0.50700000000000001      -0.10776401347660515        3.5285931123201624     
  0.50800000000000001      -0.10423327491347209        3.5328182626209235     
  0.50900000000000001      -0.10069849470674644        3.5366764577040679     
  0.51000000000000001       -9.7160039669472162E-002   3.5401679879927821     
  0.51100000000000001       -9.3618276307272166E-002   3.5432931778901851     
  0.51200000000000001       -9.0073570784400009E-002   3.5460523857154955     
  0.51300000000000001       -8.6526288889857056E-002   3.5484460036370393     
  0.51400000000000001       -8.2976796003578213E-002   3.5504744576021023     
  0.51500000000000001       -7.9425457062689317E-002   3.5521382072636412     
  0.51600000000000001       -7.5872636527839474E-002   3.5534377459038553     
  0.51700000000000002       -7.2318698349611327E-002   3.5543736003546367     
  0.51800000000000002       -6.8764005935012432E-002   3.5549463309148992     
  0.51900000000000002       -6.5208922114050924E-002   3.5551565312648035     
  0.52000000000000002       -6.1653809106398401E-002   3.5550048283768838     
  0.52100000000000002       -5.8099028488143335E-002   3.5544918824240899     
  0.52200000000000002       -5.4544941158637908E-002   3.5536183866847515     
  0.52300000000000002       -5.0991907307441443E-002   3.5523850674444799     
  0.52400000000000002       -4.7440286381363446E-002   3.5507926838950152     
  0.52500000000000002       -4.3890437051609353E-002   3.5488420280300321     
  0.52600000000000002       -4.0342717181031947E-002   3.5465339245379162     
  0.52700000000000002       -3.6797483791491545E-002   3.5438692306915214     
  0.52800000000000002       -3.3255093031327905E-002   3.5408488362349240     
  0.52900000000000003       -2.9715900142946894E-002   3.5374736632671815     
  0.53000000000000003       -2.6180259430524877E-002   3.5337446661231149     
  0.53100000000000003       -2.2648524227833811E-002   3.5296628312511218     
  0.53200000000000003       -1.9121046866190004E-002   3.5252291770880393     
  0.53300000000000003       -1.5598178642529487E-002   3.5204447539310664     
  0.53400000000000003       -1.2080269787612914E-002   3.5153106438067612     
  0.53500000000000003       -8.5676694343629362E-003   3.5098279603371290     
  0.53600000000000003       -5.0607255863369290E-003   3.5039978486028147     
  0.53700000000000003       -1.5597850863379660E-003   3.4978214850034131     
  0.53800000000000003        1.9348064148330744E-003   3.4913000771149134     
  0.53900000000000003        5.4227044894814306E-003   3.4844348635442959     
  0.54000000000000004        8.9035659639755474E-003   3.4772271137812916     
  0.54100000000000004        1.2377048949554522E-002   3.4696781280473239     
  0.54200000000000004        1.5842812872983086E-002   3.4617892371416499     
  0.54300000000000004        1.9300518507051341E-002   3.4535618022847130     
  0.54400000000000004        2.2749828000916447E-002   3.4449972149587298     
  0.54500000000000004        2.6190404910283530E-002   3.4360968967455223     
  0.54600000000000004        2.9621914227423059E-002   3.4268622991616171     
  0.54700000000000004        3.3044022411021945E-002   3.4172949034906273     
  0.54800000000000004        3.6456397415865677E-002   3.4073962206129349     
  0.54900000000000004        3.9858708722348826E-002   3.3971677908326923     
  0.55000000000000004        4.3250627365811166E-002   3.3866111837021604     
  0.55100000000000005        4.6631825965696851E-002   3.3757279978434029     
  0.55200000000000005        5.0001978754533945E-002   3.3645198607673543     
  0.55300000000000005        5.3360761606731748E-002   3.3529884286902822     
  0.55400000000000005        5.6707852067193254E-002   3.3411353863476627     
  0.55500000000000005        6.0042929379740213E-002   3.3289624468054857     
  0.55600000000000005        6.3365674515348233E-002   3.3164713512690147     
  0.55700000000000005        6.6675770200189347E-002   3.3036638688890179     
  0.55800000000000005        6.9972900943479605E-002   3.2905417965654911     
  0.55900000000000005        7.3256753065129077E-002   3.2771069587488926     
  0.56000000000000005        7.6527014723191927E-002   3.2633612072389138     
  0.56100000000000005        7.9783375941113968E-002   3.2493064209808007     
  0.56200000000000006        8.3025528634775372E-002   3.2349445058592541     
  0.56300000000000006        8.6253166639326070E-002   3.2202773944899232     
  0.56400000000000006        8.9465985735811410E-002   3.2053070460085213     
  0.56500000000000006        9.2663683677585804E-002   3.1900354458575770     
  0.56600000000000006        9.5845960216511927E-002   3.1744646055708521     
  0.56700000000000006        9.9012517128943170E-002   3.1585965625554402     
  0.56800000000000006       0.10216305824148707        3.1424333798715738     
  0.56900000000000006       0.10529728945654739        3.1259771460101606     
  0.57000000000000006       0.10841491877764259        3.1092299746680716     
  0.57100000000000006       0.11151565633449852        3.0921940045212044     
  0.57200000000000006       0.11459921440791303        3.0748713989953456     
  0.57300000000000006       0.11766530745439037        3.0572643460348545     
  0.57400000000000007       0.12071365213054322        3.0393750578691932     
  0.57500000000000007       0.12374396731726010        3.0212057707773243     
  0.57600000000000007       0.12675597414363626        3.0027587448500053     
  0.57699999999999996       0.12974939601066565        2.9840362637499971     
  0.57799999999999996       0.13272395861469222        2.9650406344702183     
  0.57899999999999996       0.13567938997061824        2.9457741870898628     
  0.57999999999999996       0.13861542043486785        2.9262392745285108     
  0.58099999999999996       0.14153178272810363        2.9064382722982565     
  0.58199999999999996       0.14442821195769431        2.8863735782538762     
  0.58299999999999996       0.14730444563993181        2.8660476123410650     
  0.58399999999999996       0.15016022372199533        2.8454628163427635     
  0.58499999999999996       0.15299528860366110        2.8246216536236055     
  0.58599999999999997       0.15580938515875545        2.8035266088725073     
  0.58699999999999997       0.15860226075634956        2.7821801878434282     
  0.58799999999999997       0.16137366528169422        2.7605849170943273     
  0.58899999999999997       0.16412335115689247        2.7387433437243414     
  0.58999999999999997       0.16685107336130867        2.7166580351092118     
  0.59099999999999997       0.16955658945171206        2.6943315786349893     
  0.59199999999999997       0.17223965958215323        2.6717665814300378     
  0.59299999999999997       0.17490004652357166        2.6489656700953690     
  0.59399999999999997       0.17753751568313292        2.6259314904333340     
  0.59499999999999997       0.18015183512329361        2.6026667071746972     
  0.59599999999999997       0.18274277558059268        2.5791740037041206     
  0.59699999999999998       0.18531011048416732        2.5554560817840892     
  0.59799999999999998       0.18785361597399219        2.5315156612772984     
  0.59899999999999998       0.19037307091884015        2.5073554798675390     
  0.59999999999999998       0.19286825693396312        2.4829782927791011     
  0.60099999999999998       0.19533895839849172        2.4583868724947293     
  0.60199999999999998       0.19778496247255209        2.4335840084721547     
  0.60299999999999998       0.20020605911409850        2.4085725068592345     
  0.60399999999999998       0.20260204109546054        2.3833551902077241     
  0.60499999999999998       0.20497270401960327        2.3579348971857139     
  0.60599999999999998       0.20731784633609920        2.3323144822887567     
  0.60699999999999998       0.20963726935681085        2.3064968155497168     
  0.60799999999999998       0.21193077727128237        2.2804847822473655     
  0.60899999999999999       0.21419817716183928        2.2542812826137593     
  0.60999999999999999       0.21643927901839488        2.2278892315404200     
  0.61099999999999999       0.21865389575296235        2.2013115582833551     
  0.61199999999999999       0.22084184321387124        2.1745512061669432     
  0.61299999999999999       0.22300294019968731        2.1476111322867117     
  0.61399999999999999       0.22513700847283460        2.1204943072110427     
  0.61499999999999999       0.22724387277291869        2.0932037146818292     
  0.61599999999999999       0.22932336082975013        2.0657423513141171     
  0.61699999999999999       0.23137530337606693        2.0381132262947603     
  0.61799999999999999       0.23339953415995532        2.0103193610801164     
  0.61899999999999999       0.23539588995696772        1.9823637890928183     
  0.62000000000000000       0.23736421058193699        1.9542495554176456     
  0.62100000000000000       0.23930433890048608        1.9259797164965304     
  0.62200000000000000       0.24121612084023245        1.8975573398227255     
  0.62300000000000000       0.24309940540168601        1.8689855036341645     
  0.62400000000000000       0.24495404466884019        1.8402672966060460     
  0.62500000000000000       0.24677989381945517        1.8114058175426697     
  0.62600000000000000       0.24857681113503260        1.7824041750685571     
  0.62700000000000000       0.25034465801048106        1.7532654873188849     
  0.62800000000000000       0.25208329896347159        1.7239928816292638     
  0.62900000000000000       0.25379260164348288        1.6945894942248909     
  0.63000000000000000       0.25547243684053506        1.6650584699091071     
  0.63100000000000001       0.25712267849361187        1.6354029617513905     
  0.63200000000000001       0.25874320369877057        1.6056261307748165     
  0.63300000000000001       0.26033389271693919        1.5757311456430128     
  0.63400000000000001       0.26189462898140009        1.5457211823466437     
  0.63500000000000001       0.26342529910496021        1.5155994238894508     
  0.63600000000000001       0.26492579288680701        1.4853690599738836     
  0.63700000000000001       0.26639600331904961        1.4550332866863485     
  0.63800000000000001       0.26783582659294547        1.4245953061821075     
  0.63900000000000001       0.26924516210481142        1.3940583263698596     
  0.64000000000000001       0.27062391246161926        1.3634255605960310     
  0.64100000000000001       0.27197198348627544        1.3327002273288098     
  0.64200000000000002       0.27328928422258492        1.3018855498419517     
  0.64300000000000002       0.27457572693989835        1.2709847558983920     
  0.64400000000000002       0.27583122713744312        1.2400010774336891     
  0.64500000000000002       0.27705570354833753        1.2089377502393357     
  0.64600000000000002       0.27824907814328836        1.1777980136459647     
  0.64700000000000002       0.27941127613397160        1.1465851102064826     
  0.64800000000000002       0.28054222597609618        1.1153022853791592     
  0.64900000000000002       0.28164185937215097        1.0839527872107078     
  0.65000000000000002       0.28271011127383461        1.0525398660193812     
  0.65100000000000002       0.28374691988416878        1.0210667740781207     
  0.65200000000000002       0.28475222665929439       0.98953676529778278     
  0.65300000000000002       0.28572597630995106       0.95795309491047742     
  0.65400000000000003       0.28666811680264026       0.92631901915304882     
  0.65500000000000003       0.28757859936047170       0.89463779495072693     
  0.65600000000000003       0.28845737846369368       0.86291267960098272     
  0.65700000000000003       0.28930441184990741       0.83114693045761590     
  0.65800000000000003       0.29011966051396521       0.79934380461510623     
  0.65900000000000003       0.29090308870755383       0.76750655859325934     
  0.66000000000000003       0.29165466393846201       0.73563844802217648     
  0.66100000000000003       0.29237435696953340       0.70374272732757948     
  0.66200000000000003       0.29306214181730506       0.67182264941652003     
  0.66300000000000003       0.29371799575033175       0.63988146536350488     
  0.66400000000000003       0.29434189928719667       0.60792242409706587     
  0.66500000000000004       0.29493383619420893       0.57594877208680562     
  0.66600000000000004       0.29549379348278826       0.54396375303094868     
  0.66700000000000004       0.29602176140653780       0.51197060754442836     
  0.66800000000000004       0.29651773345800486       0.47997257284753847     
  0.66900000000000004       0.29698170636513105       0.44797288245518069     
  0.67000000000000004       0.29741368008739161       0.41597476586673660     
  0.67100000000000004       0.29781365781162511       0.38398144825659425     
  0.67200000000000004       0.29818164594755409       0.35199615016535912     
  0.67300000000000004       0.29851765412299697       0.32002208719177860     
  0.67400000000000004       0.29882169517877272       0.28806246968540961     
  0.67500000000000004       0.29909378516329804       0.25612050244005868     
  0.67600000000000005       0.29933394332687879       0.22419938438802361     
  0.67700000000000005       0.29954219211569605       0.19230230829516592     
  0.67800000000000005       0.29971855716548723       0.16043246045684326     
  0.67900000000000005       0.29986306729492429       0.12859302039473033     
  0.68000000000000005       0.29997575449868852        9.6787160554557716E-002
  0.68100000000000005       0.30005665394024400        6.5018046004796742E-002
  0.68200000000000005       0.30010580394431008        3.3288834136319508E-002
  0.68300000000000005       0.30012324598903389        1.6026743630622245E-003
  0.68400000000000005       0.30010902469786432       -3.0037292176279526E-002
  0.68500000000000005       0.30006318783112801       -6.1627932915495474E-002
  0.68600000000000005       0.29998578627730860       -9.3166124157017069E-002
  0.68700000000000006       0.29987687404403046      -0.12464875136695755     
  0.68800000000000006       0.29973650824874815      -0.15607270946900789     
  0.68900000000000006       0.29956474910914210      -0.18743490313716074     
  0.69000000000000006       0.29936165993322267      -0.21873224708723468     
  0.69100000000000006       0.29912730710914281      -0.24996166636717149     
  0.69200000000000006       0.29886176009472160      -0.28112009664607884     
  0.69300000000000006       0.29856509140667881      -0.31220448450199118     
  0.69400000000000006       0.29823737660958283      -0.34321178770832189     
  0.69500000000000006       0.29787869430451247      -0.37413897551897968     
  0.69600000000000006       0.29748912611743450      -0.40498302895212235     
  0.69700000000000006       0.29706875668729810      -0.43574094107252120     
  0.69800000000000006       0.29661767365384767      -0.46640971727251002     
  0.69900000000000007       0.29613596764515537      -0.49698637555149161     
  0.70000000000000007       0.29562373226487493      -0.52746794679397635     
  0.70100000000000007       0.29508106407921797      -0.55785147504612620     
  0.70200000000000007       0.29450806260365486      -0.58813401779077856     
  0.70300000000000007       0.29390483028934122      -0.61831264622092474     
  0.70399999999999996       0.29327147250927144      -0.64838444551161600     
  0.70499999999999996       0.29260809754416151      -0.67834651509027388     
  0.70599999999999996       0.29191481656806206      -0.70819596890537784     
  0.70699999999999996       0.29119174363370376      -0.73792993569350596     
  0.70799999999999996       0.29043899565757619      -0.76754555924470402     
  0.70899999999999996       0.28965669240474262      -0.79703999866615804     
  0.70999999999999996       0.28884495647339153      -0.82641042864414538     
  0.71099999999999997       0.28800391327912733      -0.85565403970424103     
  0.71199999999999997       0.28713369103900177      -0.88476803846975416     
  0.71299999999999997       0.28623442075528760      -0.91374964791837121     
  0.71399999999999997       0.28530623619899664      -0.94259610763698221     
  0.71499999999999997       0.28434927389314396      -0.97130467407466581     
  0.71599999999999997       0.28336367309575999      -0.99987262079381078     
  0.71699999999999997       0.28234957578265241       -1.0282972387193505     
  0.71799999999999997       0.28130712662991963       -1.0565758363860864     
  0.71899999999999997       0.28023647299621829       -1.0847057401840794     
  0.71999999999999997       0.27913776490478592       -1.1126842946020852     
  0.72099999999999997       0.27801115502522145       -1.1405088624690121     
  0.72199999999999998       0.27685679865502510       -1.1681768251933793     
  0.72299999999999998       0.27567485370089989       -1.1956855830007518     
  0.72399999999999998       0.27446548065981674       -1.2230325551691335     
  0.72499999999999998       0.27322884259984509       -1.2502151802622934     
  0.72599999999999998       0.27196510514075145       -1.2772309163610072     
  0.72699999999999998       0.27067443643436756       -1.3040772412921895     
  0.72799999999999998       0.26935700714473065       -1.3307516528558989     
  0.72899999999999998       0.26801299042799753       -1.3572516690501935     
  0.72999999999999998       0.26664256191213520       -1.3835748282938172     
  0.73099999999999998       0.26524589967638967       -1.4097186896466964     
  0.73199999999999998       0.26382318423053541       -1.4356808330282271     
  0.73299999999999998       0.26237459849390771       -1.4614588594333322     
  0.73399999999999999       0.26090032777422001       -1.4870503911462700     
  0.73499999999999999       0.25940055974616866       -1.5124530719521763     
  0.73599999999999999       0.25787548442982705       -1.5376645673463163     
  0.73699999999999999       0.25632529416883204       -1.5626825647410334     
  0.73799999999999999       0.25475018360836416       -1.5875047736703718     
  0.73899999999999999       0.25315034967292471       -1.6121289259923568     
  0.73999999999999999       0.25152599154391153       -1.6365527760889145     
  0.74099999999999999       0.24987731063699614       -1.6607741010634121     
  0.74199999999999999       0.24820451057930457       -1.6847907009358019     
  0.74299999999999999       0.24650779718640406       -1.7086003988353522     
  0.74399999999999999       0.24478737843909859       -1.7322010411909470     
  0.74500000000000000       0.24304346446003491       -1.7555904979189378     
  0.74600000000000000       0.24127626749012235       -1.7787666626085314     
  0.74700000000000000       0.23948600186476812       -1.8017274527046969     
  0.74800000000000000       0.23767288398993128       -1.8244708096885764     
  0.74900000000000000       0.23583713231799730       -1.8469946992553825     
  0.75000000000000000       0.23397896732347617       -1.8692971114897678     
  0.75100000000000000       0.23209861147852623       -1.8913760610386516     
  0.75200000000000000       0.23019628922830659       -1.9132295872814868     
  0.75300000000000000       0.22827222696616056       -1.9348557544979545     
  0.75400000000000000       0.22632665300863258       -1.9562526520330699     
  0.75500000000000000       0.22435979757032148       -1.9774183944596864     
  0.75600000000000001       0.22237189273857241       -1.9983511217383836     
  0.75700000000000001       0.22036317244801029       -2.0190489993747249     
  0.75800000000000001       0.21833387245491731       -2.0395102185738718     
  0.75900000000000001       0.21628423031145702       -2.0597329963925417     
  0.76000000000000001       0.21421448533974807       -2.0797155758882946     
  0.76100000000000001       0.21212487860578966       -2.0994562262661405     
  0.76200000000000001       0.21001565289324203       -2.1189532430224487     
  0.76300000000000001       0.20788705267706420       -2.1382049480861522     
  0.76400000000000001       0.20573932409701193       -2.1572096899572331     
  0.76500000000000001       0.20357271493099860       -2.1759658438424769     
  0.76600000000000001       0.20138747456832162       -2.1944718117884854     
  0.76700000000000002       0.19918385398275729       -2.2127260228119372     
  0.76800000000000002       0.19696210570552666       -2.2307269330270847     
  0.76900000000000002       0.19472248379813548       -2.2484730257704770     
  0.77000000000000002       0.19246524382509053       -2.2659628117228983     
  0.77100000000000002       0.19019064282649575       -2.2831948290285129     
  0.77200000000000002       0.18789893929053034       -2.3001676434112053     
  0.77300000000000002       0.18559039312581202       -2.3168798482881088     
  0.77400000000000002       0.18326526563364826       -2.3333300648803106     
  0.77500000000000002       0.18092381948017808       -2.3495169423207263     
  0.77600000000000002       0.17856631866840753       -2.3654391577591354     
  0.77700000000000002       0.17619302851014140       -2.3810954164643676     
  0.77800000000000002       0.17380421559781437       -2.3964844519236355     
  0.77900000000000003       0.17140014777622400       -2.4116050259390023     
  0.78000000000000003       0.16898109411416903       -2.4264559287209795     
  0.78100000000000003       0.16654732487599511       -2.4410359789792473     
  0.78200000000000003       0.16409911149305162       -2.4553440240104889     
  0.78300000000000003       0.16163672653506192       -2.4693789397833354     
  0.78400000000000003       0.15916044368141008       -2.4831396310204115     
  0.78500000000000003       0.15667053769234709       -2.4966250312774800     
  0.78600000000000003       0.15416728438011942       -2.5098341030196760     
  0.78700000000000003       0.15165096058002261       -2.5227658376948274     
  0.78800000000000003       0.14912184412138324       -2.5354192558038560     
  0.78900000000000003       0.14658021379847178       -2.5477934069682542     
  0.79000000000000004       0.14402634934134956       -2.5598873699946334     
  0.79100000000000004       0.14146053138665252       -2.5717002529363402     
  0.79200000000000004       0.13888304144831495       -2.5832311931521348     
  0.79300000000000004       0.13629416188823593       -2.5944793573619296     
  0.79400000000000004       0.13369417588689150       -2.6054439416995843     
  0.79500000000000004       0.13108336741389559       -2.6161241717627552     
  0.79600000000000004       0.12846202119851247       -2.6265193026597937     
  0.79700000000000004       0.12583042270012387       -2.6366286190536932     
  0.79800000000000004       0.12318885807865358       -2.6464514352030837     
  0.79900000000000004       0.12053761416495254       -2.6559870950002686     
  0.80000000000000004       0.11787697843114738       -2.6652349720063051     
  0.80100000000000005       0.11520723896095533       -2.6741944694831261     
  0.80200000000000005       0.11252868441996855       -2.6828650204227027     
  0.80300000000000005       0.10984160402591071       -2.6912460875732447     
  0.80400000000000005       0.10714628751886891       -2.6993371634624430     
  0.80500000000000005       0.10444302513150375       -2.7071377704177495     
  0.80600000000000005       0.10173210755924071       -2.7146474605836972     
  0.80700000000000005        9.9013825930445651E-002  -2.7218658159362588     
  0.80800000000000005        9.6288471776587350E-002  -2.7287924482942483     
  0.80900000000000005        9.3556337002390258E-002  -2.7354269993277622     
  0.81000000000000005        9.0817713855980198E-002  -2.7417691405636648     
  0.81100000000000005        8.8072894899026075E-002  -2.7478185733881184     
  0.81200000000000006        8.5322172976880550E-002  -2.7535750290461589     
  0.81300000000000006        8.2565841188722608E-002  -2.7590382686383230     
  0.81400000000000006        7.9804192857704945E-002  -2.7642080831143225     
  0.81500000000000006        7.7037521501109221E-002  -2.7690842932637780     
  0.81600000000000006        7.4266120800511953E-002  -2.7736667497040046     
  0.81700000000000006        7.1490284571964199E-002  -2.7779553328648632     
  0.81800000000000006        6.8710306736187776E-002  -2.7819499529706726     
  0.81900000000000006        6.5926481288791070E-002  -2.7856505500191915     
  0.82000000000000006        6.3139102270507327E-002  -2.7890570937576729     
  0.82100000000000006        6.0348463737458349E-002  -2.7921695836559950     
  0.82200000000000006        5.7554859731446500E-002  -2.7949880488768750     
  0.82300000000000006        5.4758584250277978E-002  -2.7975125482431693     
  0.82400000000000007        5.1959931218120245E-002  -2.7997431702022655     
  0.82500000000000007        4.9159194455896491E-002  -2.8016800327875737     
  0.82600000000000007        4.6356667651720078E-002  -2.8033232835771211     
  0.82700000000000007        4.3552644331371827E-002  -2.8046730996492575     
  0.82800000000000007        4.0747417828823039E-002  -2.8057296875354756     
  0.82900000000000007        3.7941281256807131E-002  -2.8064932831703580     
  0.83000000000000007        3.5134527477442778E-002  -2.8069641518386512     
  0.83100000000000007        3.2327449072911393E-002  -2.8071425881194823     
  0.83200000000000007        2.9520338316191830E-002  -2.8070289158277153     
  0.83299999999999996        2.6713487141855147E-002  -2.8066234879524665     
  0.83399999999999996        2.3907187116922277E-002  -2.8059266865927781     
  0.83499999999999996        2.1101729411787451E-002  -2.8049389228904635     
  0.83599999999999997        1.8297404771210168E-002  -2.8036606369601316     
  0.83699999999999997        1.5494503485378562E-002  -2.8020922978163973     
  0.83799999999999997        1.2693315361046948E-002  -2.8002344032982927     
  0.83899999999999997        9.8941296927503725E-003  -2.7980874799908797     
  0.83999999999999997        7.0972352340989298E-003  -2.7956520831440850     
  0.84099999999999997        4.3029201691546313E-003  -2.7929287965887575     
  0.84199999999999997        1.5114720838936085E-003  -2.7899182326499656     
  0.84299999999999997       -1.2768220622436121E-003  -2.7866210320575391     
  0.84399999999999997       -4.0616759647110028E-003  -2.7830378638538731     
  0.84499999999999997       -6.8428040021223623E-003  -2.7791694252989982     
  0.84599999999999997       -9.6199212644203554E-003  -2.7750164417729350     
  0.84699999999999998       -1.2392743580946558E-002  -2.7705796666753382     
  0.84799999999999998       -1.5160987548409784E-002  -2.7658598813224486     
  0.84899999999999998       -1.7924370558750038E-002  -2.7608578948413594     
  0.84999999999999998       -2.0682610826895386E-002  -2.7555745440616128     
  0.85099999999999998       -2.3435427418409094E-002  -2.7500106934041399     
  0.85199999999999998       -2.6182540277024394E-002  -2.7441672347675539     
  0.85299999999999998       -2.8923670252064205E-002  -2.7380450874118121     
  0.85399999999999998       -3.1658539125743228E-002  -2.7316451978392595     
  0.85499999999999998       -3.4386869640349767E-002  -2.7249685396730694     
  0.85599999999999998       -3.7108385525304703E-002  -2.7180161135330905     
  0.85699999999999998       -3.9822811524095010E-002  -2.7107889469091204     
  0.85799999999999998       -4.2529873421079285E-002  -2.7032880940316164     
  0.85899999999999999       -4.5229298068162699E-002  -2.6955146357398583     
  0.85999999999999999       -4.7920813411338838E-002  -2.6874696793475787     
  0.86099999999999999       -5.0604148517095944E-002  -2.6791543585060791     
  0.86199999999999999       -5.3279033598684973E-002  -2.6705698330648406     
  0.86299999999999999       -5.5945200042247061E-002  -2.6617172889296521     
  0.86399999999999999       -5.8602380432797863E-002  -2.6525979379182654     
  0.86499999999999999       -6.1250308580066325E-002  -2.6432130176135988     
  0.86599999999999999       -6.3888719544185429E-002  -2.6335637912145020     
  0.86699999999999999       -6.6517349661232503E-002  -2.6236515473841000     
  0.86799999999999999       -6.9135936568616663E-002  -2.6134776000957345     
  0.86899999999999999       -7.1744219230311018E-002  -2.6030432884765160     
  0.87000000000000000       -7.4341937961927201E-002  -2.5923499766485074     
  0.87100000000000000       -7.6928834455629966E-002  -2.5813990535675559     
  0.87200000000000000       -7.9504651804889387E-002  -2.5701919328597889     
  0.87300000000000000       -8.2069134529068444E-002  -2.5587300526557950     
  0.87400000000000000       -8.4622028597843596E-002  -2.5470148754225059     
  0.87500000000000000       -8.7163081455456121E-002  -2.5350478877927980     
  0.87600000000000000       -8.9692042044791920E-002  -2.5228306003928327     
  0.87700000000000000       -9.2208660831287551E-002  -2.5103645476671548     
  0.87800000000000000       -9.4712689826660215E-002  -2.4976512877015669     
  0.87900000000000000       -9.7203882612459533E-002  -2.4846924020437999     
  0.88000000000000000       -9.9681994363438914E-002  -2.4714894955219973     
  0.88100000000000001      -0.10214678187074427       -2.4580441960610364     
  0.88200000000000001      -0.10459800356491809       -2.4443581544967024     
  0.88300000000000001      -0.10703541953871645       -2.4304330443877369     
  0.88400000000000001      -0.10945879156973719       -2.4162705618257840     
  0.88500000000000001      -0.11186788314285688       -2.4018724252432486     
  0.88600000000000001      -0.11426245947247470       -2.3872403752190916     
  0.88700000000000001      -0.11664228752456096       -2.3723761742825831     
  0.88800000000000001      -0.11900713603850852       -2.3572816067150320     
  0.88900000000000001      -0.12135677554878480       -2.3419584783495155     
  0.89000000000000001      -0.12369097840638263       -2.3264086163686284     
  0.89100000000000001      -0.12600951880006780       -2.3106338691002746     
  0.89200000000000002      -0.12831217277742146       -2.2946361058115214     
  0.89300000000000002      -0.13059871826567543       -2.2784172165005421     
  0.89400000000000002      -0.13286893509233844       -2.2619791116866623     
  0.89500000000000002      -0.13512260500561160       -2.2453237221985409     
  0.89600000000000002      -0.13735951169459096       -2.2284529989604982     
  0.89700000000000002      -0.13957944080925566       -2.2113689127770240     
  0.89800000000000002      -0.14178217998023954       -2.1940734541154812     
  0.89900000000000002      -0.14396751883838466       -2.1765686328870291     
  0.90000000000000002      -0.14613524903407479       -2.1588564782257929     
  0.90100000000000002      -0.14828516425634727       -2.1409390382662998     
  0.90200000000000002      -0.15041706025178139       -2.1228183799192046     
  0.90300000000000002      -0.15253073484316171       -2.1044965886453295     
  0.90400000000000003      -0.15462598794791449       -2.0859757682280442     
  0.90500000000000003      -0.15670262159631579       -2.0672580405440040     
  0.90600000000000003      -0.15876043994946948       -2.0483455453322765     
  0.90700000000000003      -0.16079924931705344       -2.0292404399618786     
  0.90800000000000003      -0.16281885817483277       -2.0099448991977451     
  0.90900000000000003      -0.16481907718193795       -1.9904611149651583     
  0.91000000000000003      -0.16679971919790673       -1.9707912961126599     
  0.91100000000000003      -0.16876059929948839       -1.9509376681734720     
  0.91200000000000003      -0.17070153479720829       -1.9309024731254498     
  0.91300000000000003      -0.17262234525169209       -1.9106879691495930     
  0.91400000000000003      -0.17452285248974742       -1.8902964303871401     
  0.91500000000000004      -0.17640288062020210       -1.8697301466952707     
  0.91600000000000004      -0.17826225604949741       -1.8489914234014422     
  0.91700000000000004      -0.18010080749703497       -1.8280825810563843     
  0.91800000000000004      -0.18191836601027589       -1.8070059551857800     
  0.91900000000000004      -0.18371476497959111       -1.7857638960406552     
  0.92000000000000004      -0.18548984015286132       -1.7643587683465061     
  0.92100000000000004      -0.18724342964982560       -1.7427929510511877     
  0.92200000000000004      -0.18897537397617709       -1.7210688370715916     
  0.92300000000000004      -0.19068551603740491       -1.6991888330391374     
  0.92400000000000004      -0.19237370115238098       -1.6771553590441042     
  0.92500000000000004      -0.19403977706669051       -1.6549708483788315     
  0.92600000000000005      -0.19568359396570525       -1.6326377472798101     
  0.92700000000000005      -0.19730500448739824       -1.6101585146686963     
  0.92800000000000005      -0.19890386373489899       -1.5875356218922703     
  0.92900000000000005      -0.20048002928878816       -1.5647715524613690     
  0.93000000000000005      -0.20203336121913071       -1.5418688017888187     
  0.93100000000000005      -0.20356372209724638       -1.5188298769263946     
  0.93200000000000005      -0.20507097700721680       -1.4956572963008348     
  0.93300000000000005      -0.20655499355712797       -1.4723535894489344     
  0.93400000000000005      -0.20801564189004765       -1.4489212967517482     
  0.93500000000000005      -0.20945279469473613       -1.4253629691679293     
  0.93600000000000005      -0.21086632721609036       -1.4016811679662284     
  0.93700000000000006      -0.21225611726531987       -1.3778784644571855     
  0.93800000000000006      -0.21362204522985401       -1.3539574397240361     
  0.93900000000000006      -0.21496399408297986       -1.3299206843528639     
  0.94000000000000006      -0.21628184939320988       -1.3057707981620252     
  0.94100000000000006      -0.21757549933337850       -1.2815103899308726     
  0.94200000000000006      -0.21884483468946725       -1.2571420771278066     
  0.94300000000000006      -0.22008974886915755       -1.2326684856376815     
  0.94400000000000006      -0.22131013791011064       -1.2080922494885946     
  0.94500000000000006      -0.22250590048797389       -1.1834160105780853     
  0.94600000000000006      -0.22367693792411317       -1.1586424183987729     
  0.94700000000000006      -0.22482315419307053       -1.1337741297634591     
  0.94800000000000006      -0.22594445592974666       -1.1088138085297270     
  0.94900000000000007      -0.22704075243630778       -1.0837641253240582     
  0.95000000000000007      -0.22811195568881645       -1.0586277572655032     
  0.95100000000000007      -0.22915798034358578       -1.0334073876889267     
  0.95200000000000007      -0.23017874374325667       -1.0081057058678597     
  0.95300000000000007      -0.23117416592259776      -0.98272540673698572     
  0.95400000000000007      -0.23214416961402767      -0.95726919061428672     
  0.95500000000000007      -0.23308868025285928      -0.93173976292288052     
  0.95600000000000007      -0.23400762598226560      -0.90613983391257480     
  0.95700000000000007      -0.23490093765796716      -0.88047211838116723     
  0.95800000000000007      -0.23576854885264056      -0.85473933539551905     
  0.95900000000000007      -0.23661039586004801      -0.82894420801243074     
  0.95999999999999996      -0.23742641769888750      -0.80308946299934736     
  0.96099999999999997      -0.23821655611636391      -0.77717783055492173     
  0.96199999999999997      -0.23898075559148035      -0.75121204402946384     
  0.96299999999999997      -0.23971896333804998      -0.72519483964530418     
  0.96399999999999997      -0.24043112930742824      -0.69912895621709903     
  0.96499999999999997      -0.24111720619096530      -0.67301713487210602     
  0.96599999999999997      -0.24177714942217879      -0.64686211877045763     
  0.96699999999999997      -0.24241091717864677      -0.62066665282546096     
  0.96799999999999997      -0.24301847038362118      -0.59443348342395130     
  0.96899999999999997      -0.24359977270736144      -0.56816535814672797     
  0.96999999999999997      -0.24415479056818881      -0.54186502548910020     
  0.97099999999999997      -0.24468349313326110      -0.51553523458157047     
  0.97199999999999998      -0.24518585231906836      -0.48917873491068381     
  0.97299999999999998      -0.24566184279164938      -0.46279827604007057     
  0.97399999999999998      -0.24611144196652940      -0.43639660733171060     
  0.97499999999999998      -0.24653463000837916      -0.40997647766744627     
  0.97599999999999998      -0.24693138983039570      -0.38354063517077264     
  0.97699999999999998      -0.24730170709340493      -0.35709182692893171     
  0.97799999999999998      -0.24764557020468664      -0.33063279871533879     
  0.97899999999999998      -0.24796297031652201      -0.30416629471236878     
  0.97999999999999998      -0.24825390132446412      -0.27769505723452920     
  0.98099999999999998      -0.24851835986533180      -0.25122182645204799     
  0.98199999999999998      -0.24875634531492735      -0.22474934011490336     
  0.98299999999999998      -0.24896785978547850      -0.19828033327732264     
  0.98399999999999999      -0.24915290812280516      -0.17181753802277816     
  0.98499999999999999      -0.24931149790321125      -0.14536368318950643     
  0.98599999999999999      -0.24944363943010256      -0.11892149409657855     
  0.98699999999999999      -0.24954934573033083       -9.2493692270548447E-002
  0.98799999999999999      -0.24962863255026477       -6.6082995172706049E-002
  0.98899999999999999      -0.24968151835158869       -3.9692115926962340E-002
  0.98999999999999999      -0.24970802430682942       -1.3323763048393084E-002
  0.99099999999999999      -0.24970817429461187        1.3019359827532068E-002
  0.99199999999999999      -0.24968199489464443        3.9334554215008408E-002
  0.99299999999999999      -0.24962951538243458        6.5619127047216355E-002
  0.99399999999999999      -0.24955076772373555        9.1870390944876548E-002
  0.99500000000000000      -0.24944578656872479       0.11808566448401343     
  0.99600000000000000      -0.24931460924591517       0.14426227246290113     
  0.99700000000000000      -0.24915727575579955       0.17039754616816533     
  0.99800000000000000      -0.24897382876422980       0.19648882364001502     
  0.99900000000000000      -0.24876431359553094       0.22253344993657850     
   1.0000000000000000      -0.24852877822535138       0.24852877739731716     
