   0.0000000000000000        1.0000000000000000        0.0000000000000000     
   1.0000000000000000E-003  0.99999445260629549       -8.3210963268016639E-003
   2.0000000000000000E-003  0.99998127759385025       -1.6243984887030993E-002
   3.0000000000000001E-003  0.99996034458626826       -2.4531997964896836E-002
   4.0000000000000001E-003  0.99993125177878750       -3.2868826002429324E-002
   5.0000000000000001E-003  0.99989390409505119       -4.1213891668901222E-002
   6.0000000000000001E-003  0.99984826681994188       -4.9558397735365085E-002
   7.0000000000000001E-003  0.99979432478439123       -5.7900169017005704E-002
   8.0000000000000002E-003  0.99973207078279769       -6.6238768536101847E-002
   9.0000000000000011E-003  0.99966150135881171       -7.4574247966480711E-002
   1.0000000000000000E-002  0.99958261501620160       -8.2906778326775440E-002
   1.0999999999999999E-002  0.99949541137336806       -9.1236534696793548E-002
   1.2000000000000000E-002  0.99939989073089719       -9.9563662261966890E-002
   1.3000000000000001E-002  0.99929605383652675      -0.10788826965174739     
   1.4000000000000000E-002  0.99918390175115313      -0.11621043123780803     
   1.4999999999999999E-002  0.99906343576946599      -0.12453019190375787     
   1.6000000000000000E-002  0.99893465737146969      -0.13284757199953293     
   1.7000000000000001E-002  0.99879756819212673      -0.14116257174204724     
   1.8000000000000002E-002  0.99865217000197049      -0.14947517489761994     
   1.9000000000000000E-002  0.99849846469453163      -0.15778535178479144     
   2.0000000000000000E-002  0.99833645427809314      -0.16609306169652321     
   2.1000000000000001E-002  0.99816614087024558      -0.17439825484753116     
   2.1999999999999999E-002  0.99798752669428181      -0.18270087394093262     
   2.3000000000000000E-002  0.99780061407681686      -0.19100085543232917     
   2.4000000000000000E-002  0.99760540544623055      -0.19929813055403650     
   2.5000000000000001E-002  0.99740190333166701      -0.20759262614901974     
   2.6000000000000002E-002  0.99719011036241278      -0.21588426535343314     
   2.7000000000000000E-002  0.99697002926753353      -0.22417296815823806     
   2.8000000000000001E-002  0.99674166287568533      -0.23245865187379641     
   2.9000000000000001E-002  0.99650501411504422      -0.24074123151622984     
   2.9999999999999999E-002  0.99626008601331417      -0.24902062013037560     
   3.1000000000000000E-002  0.99600688169778595      -0.25729672906109463     
   3.2000000000000001E-002  0.99574540439542736      -0.26556946818229554     
   3.3000000000000002E-002  0.99547565743299227      -0.27383874609116748     
   3.4000000000000002E-002  0.99519764423713775      -0.28210447027364904     
   3.5000000000000003E-002  0.99491136833454408      -0.29036654724600458     
   3.6000000000000004E-002  0.99461683335203277      -0.29862488267646414     
   3.6999999999999998E-002  0.99431404301667903      -0.30687938149015548     
   3.7999999999999999E-002  0.99400300115591789      -0.31512994795997490     
   3.9000000000000000E-002  0.99368371169764202      -0.32337648578557643     
   4.0000000000000001E-002  0.99335617867029069      -0.33161889816228207     
   4.1000000000000002E-002  0.99302040620292942      -0.33985708784141050     
   4.2000000000000003E-002  0.99267639852532108      -0.34809095718327221     
   4.3000000000000003E-002  0.99232415996798728      -0.35632040820387706     
   4.3999999999999997E-002  0.99196369496226100      -0.36454534261623223     
   4.4999999999999998E-002  0.99159500804033107      -0.37276566186697152     
   4.5999999999999999E-002  0.99121810383527820      -0.38098126716894293     
   4.7000000000000000E-002  0.99083298708110301      -0.38919205953028740     
   4.8000000000000001E-002  0.99043966261274707      -0.39739793978046178     
   4.9000000000000002E-002  0.99003813536610630      -0.40559880859359432     
   5.0000000000000003E-002  0.98962841037803806      -0.41379456650950486     
   5.1000000000000004E-002  0.98921049278636186      -0.42198511395267552     
   5.2000000000000005E-002  0.98878438782985401      -0.43017035124941827     
   5.2999999999999999E-002  0.98835010084823638      -0.43835017864345260     
   5.3999999999999999E-002  0.98790763728216002      -0.44652449631007746     
   5.5000000000000000E-002  0.98745700267318348      -0.45469320436909866     
   5.6000000000000001E-002  0.98699820266374649      -0.46285620289665091     
   5.7000000000000002E-002  0.98653124299713901      -0.47101339193603697     
   5.8000000000000003E-002  0.98605612951746546      -0.47916467150769021     
   5.9000000000000004E-002  0.98557286816960543      -0.48730994161835500     
   5.9999999999999998E-002  0.98508146499917004      -0.49544910226956695     
   6.0999999999999999E-002  0.98458192615245455      -0.50358205346550533     
   6.2000000000000000E-002  0.98407425787638758      -0.51170869522028195     
   6.3000000000000000E-002  0.98355846651847645      -0.51982892756472365     
   6.4000000000000001E-002  0.98303455852674959      -0.52794265055269751     
   6.5000000000000002E-002  0.98250254044969554      -0.53604976426702400     
   6.6000000000000003E-002  0.98196241893619907      -0.54415016882501799     
   6.7000000000000004E-002  0.98141420073547403      -0.55224376438369227     
   6.8000000000000005E-002  0.98085789269699386      -0.56033045114465507     
   6.9000000000000006E-002  0.98029350177041885      -0.56841012935873059     
   7.0000000000000007E-002  0.97972103500552121      -0.57648269933032648     
   7.1000000000000008E-002  0.97914049955210691      -0.58454806142157201     
   7.2000000000000008E-002  0.97855190265993586      -0.59260611605624658     
   7.2999999999999995E-002  0.97795525167863917      -0.60065676372351673     
   7.3999999999999996E-002  0.97735055405763416      -0.60869990498149840     
   7.4999999999999997E-002  0.97673781734603682      -0.61673544046065953     
   7.5999999999999998E-002  0.97611704919257269      -0.62476327086707528     
   7.6999999999999999E-002  0.97548825734548505      -0.63278329698554914     
   7.8000000000000000E-002  0.97485144965244108      -0.64079541968261022     
   7.9000000000000001E-002  0.97420663406043584      -0.64879953990939709     
   8.0000000000000002E-002  0.97355381861569457      -0.65679555870443640     
   8.1000000000000003E-002  0.97289301146357288      -0.66478337719632530     
   8.2000000000000003E-002  0.97222422084845450      -0.67276289660632471     
   8.3000000000000004E-002  0.97154745511364793      -0.68073401825087043     
   8.4000000000000005E-002  0.97086272270128060      -0.68869664354400761     
   8.5000000000000006E-002  0.97017003215219122      -0.69665067399975522     
   8.6000000000000007E-002  0.96946939210582084      -0.70459601123440485     
   8.7000000000000008E-002  0.96876081130010128      -0.71253255696875883     
   8.7999999999999995E-002  0.96804429857134255      -0.72046021303031249     
   8.8999999999999996E-002  0.96731986285411820      -0.72837888135538309     
   8.9999999999999997E-002  0.96658751318114877      -0.73628846399119108     
   9.0999999999999998E-002  0.96584725868318388      -0.74418886309789489     
   9.1999999999999998E-002  0.96509910858888248      -0.75207998095058393     
   9.2999999999999999E-002  0.96434307222469151      -0.75996171994123196     
   9.4000000000000000E-002  0.96357915901472269      -0.76783398258061308     
   9.5000000000000001E-002  0.96280737848062814      -0.77569667150018340     
   9.6000000000000002E-002  0.96202774024147386      -0.78354968945393033     
   9.7000000000000003E-002  0.96124025401361191      -0.79139293932019117     
   9.8000000000000004E-002  0.96044492961055106      -0.79922632410344330     
   9.9000000000000005E-002  0.95964177694282582      -0.80704974693606757     
  0.10000000000000001       0.95883080601786375      -0.81486311108008647     
  0.10100000000000001       0.95801202693985144      -0.82266631992887840     
  0.10200000000000001       0.95718544990959897      -0.83045927700886968     
  0.10300000000000001       0.95635108522440260      -0.83824188598120575     
  0.10400000000000001       0.95550894327790636      -0.84601405064340174     
  0.10500000000000000       0.95465903455996171      -0.85377567493097473     
  0.10600000000000000       0.95380136965648610      -0.86152666291905788     
  0.10700000000000000       0.95293595924931973      -0.86926691882399809     
  0.10800000000000000       0.95206281411608118      -0.87699634700493678     
  0.10900000000000000       0.95118194513002119      -0.88471485196537669     
  0.11000000000000000       0.95029336325987535      -0.89242233835473284     
  0.11100000000000000       0.94939707956971509      -0.90011871096987084     
  0.11200000000000000       0.94849310521879759      -0.90780387475663160     
  0.11300000000000000       0.94758145146141370      -0.91547773481134354     
  0.11400000000000000       0.94666212964673491      -0.92314019638232281     
  0.11500000000000000       0.94573515121865892      -0.93079116487136249     
  0.11600000000000001       0.94480052771565359      -0.93843054583521057     
  0.11700000000000001       0.94385827077059925      -0.94605824498703739     
  0.11800000000000001       0.94290839211063038      -0.95367416819789352     
  0.11900000000000001       0.94195090355697519      -0.96127822149815767     
  0.12000000000000000       0.94098581702479422      -0.96887031107897514     
  0.12100000000000000       0.94001314452301721      -0.97645034329368818     
  0.12200000000000000       0.93903289815417901      -0.98401822465925715     
  0.12300000000000000       0.93804509011425397      -0.99157386185767360     
  0.12400000000000000       0.93704973269248892      -0.99911716173736531     
  0.12500000000000000       0.93604683827123480       -1.0066480313145940     
  0.12600000000000000       0.93503641932577686       -1.0141663777748451     
  0.12700000000000000       0.93401848842416380       -1.0216721084742109     
  0.12800000000000000       0.93299305822703538       -1.0291651309407661     
  0.12900000000000000       0.93196014148744866       -1.0366453528759374     
  0.13000000000000000       0.93091975105070301       -1.0441126821558653     
  0.13100000000000001       0.92987189985416385       -1.0515670268327613     
  0.13200000000000001       0.92881660092708473       -1.0590082951362565     
  0.13300000000000001       0.92775386739042875       -1.0664363954747471     
  0.13400000000000001       0.92668371245668790       -1.0738512364367310     
  0.13500000000000001       0.92560614942970176       -1.0812527267921404     
  0.13600000000000001       0.92452119170447433       -1.0886407754936689     
  0.13700000000000001       0.92342885276699027       -1.0960152916780923     
  0.13800000000000001       0.92232914619402895       -1.1033761846675840     
  0.13900000000000001       0.92122208565297814       -1.1107233639710257     
  0.14000000000000001       0.92010768490164552       -1.1180567392853122     
  0.14100000000000001       0.91898595778806980       -1.1253762204966526     
  0.14200000000000002       0.91785691825032989       -1.1326817176818644     
  0.14300000000000002       0.91672058031635306       -1.1399731411096643     
  0.14400000000000002       0.91557695810372175       -1.1472504012419529     
  0.14499999999999999       0.91442606581947938       -1.1545134087350963     
  0.14599999999999999       0.91326791775993454       -1.1617620744412016     
  0.14699999999999999       0.91210252831046401       -1.1689963094093880     
  0.14799999999999999       0.91092991194531492       -1.1762160248870541     
  0.14899999999999999       0.90975008322740503       -1.1834211323211397     
  0.14999999999999999       0.90856305680812222       -1.1906115433593838     
  0.15100000000000000       0.90736884742712254       -1.1977871698515783     
  0.15200000000000000       0.90616746991212704       -1.2049479238508163     
  0.15300000000000000       0.90495893917871773       -1.2120937176147375     
  0.15400000000000000       0.90374327023013168       -1.2192244636067684     
  0.15500000000000000       0.90252047815705416       -1.2263400744973585     
  0.15600000000000000       0.90129057813741087       -1.2334404631652123     
  0.15700000000000000       0.90005358543615854       -1.2405255426985171     
  0.15800000000000000       0.89880951540507459       -1.2475952263961672     
  0.15900000000000000       0.89755838348254513       -1.2546494277689824     
  0.16000000000000000       0.89630020519335263       -1.2616880605409246     
  0.16100000000000000       0.89503499614846127       -1.2687110386503087     
  0.16200000000000001       0.89376277204480203       -1.2757182762510098     
  0.16300000000000001       0.89248354866505608       -1.2827096877136668     
  0.16400000000000001       0.89119734187743727       -1.2896851876268820     
  0.16500000000000001       0.88990416763547286       -1.2966446907984159     
  0.16600000000000001       0.88860404197778409       -1.3035881122563791     
  0.16700000000000001       0.88729698102786436       -1.3105153672504193     
  0.16800000000000001       0.88598300099385729       -1.3174263712529048     
  0.16900000000000001       0.88466211816833284       -1.3243210399601049     
  0.17000000000000001       0.88333434892806273       -1.3311992892933642     
  0.17100000000000001       0.88199970973379460       -1.3380610354002751     
  0.17200000000000001       0.88065821713002479       -1.3449061946558456     
  0.17300000000000001       0.87930988774477004       -1.3517346836636628     
  0.17400000000000002       0.87795473828933834       -1.3585464192570531     
  0.17500000000000002       0.87659278555809828       -1.3653413185002385     
  0.17599999999999999       0.87522404642824725       -1.3721192986894886     
  0.17699999999999999       0.87384853785957894       -1.3788802773542685     
  0.17799999999999999       0.87246627689424894       -1.3856241722583842     
  0.17899999999999999       0.87107728065654000       -1.3923509014011224     
  0.17999999999999999       0.86968156635262561       -1.3990603830183874     
  0.18099999999999999       0.86827915127033262       -1.4057525355838341     
  0.18200000000000000       0.86687005277890283       -1.4124272778099964     
  0.18300000000000000       0.86545428832875337       -1.4190845286494129     
  0.18400000000000000       0.86403187545123594       -1.4257242072957477     
  0.18500000000000000       0.86260283175839492       -1.4323462331849077     
  0.18600000000000000       0.86116717494272432       -1.4389505259961561     
  0.18700000000000000       0.85972492277692414       -1.4455370056532215     
  0.18800000000000000       0.85827609311365460       -1.4521055923254043     
  0.18900000000000000       0.85682070388529030       -1.4586562064286774     
  0.19000000000000000       0.85535877310367281       -1.4651887686267848     
  0.19100000000000000       0.85389031885986189       -1.4717031998323353     
  0.19200000000000000       0.85241535932388646       -1.4781994212078924     
  0.19300000000000000       0.85093391274449348       -1.4846773541670601     
  0.19400000000000001       0.84944599744889648       -1.4911369203755658     
  0.19500000000000001       0.84795163184252276       -1.4975780417523374     
  0.19600000000000001       0.84645083440875957       -1.5040006404705788     
  0.19700000000000001       0.84494362370869913       -1.5104046389588393     
  0.19800000000000001       0.84343001838088250       -1.5167899599020804     
  0.19900000000000001       0.84191003714104262       -1.5231565262427385     
  0.20000000000000001       0.84038369878184638       -1.5295042611817824     
  0.20100000000000001       0.83885102217263519       -1.5358330881797688     
  0.20200000000000001       0.83731202625916490       -1.5421429309578925     
  0.20300000000000001       0.83576673006334445       -1.5484337134990325     
  0.20400000000000001       0.83421515268297364       -1.5547053600487952     
  0.20500000000000002       0.83265731329147974       -1.5609577951165525     
  0.20600000000000002       0.83109323113765321       -1.5671909434764761     
  0.20700000000000002       0.82952292554538198       -1.5734047301685687     
  0.20800000000000002       0.82794641591338558       -1.5795990804996896     
  0.20899999999999999       0.82636372171494710       -1.5857739200445775     
  0.20999999999999999       0.82477486249764509       -1.5919291746468691     
  0.21099999999999999       0.82317985788308379       -1.5980647704201130     
  0.21199999999999999       0.82157872756662298       -1.6041806337487798     
  0.21299999999999999       0.81997149131710612       -1.6102766912892690     
  0.21400000000000000       0.81835816897658797       -1.6163528699709098     
  0.21500000000000000       0.81673878046006132       -1.6224090969969605     
  0.21600000000000000       0.81511334575518213       -1.6284452998456012     
  0.21700000000000000       0.81348188492199425       -1.6344614062709237     
  0.21800000000000000       0.81184441809265273       -1.6404573443039179     
  0.21900000000000000       0.81020096547114673       -1.6464330422534519     
  0.22000000000000000       0.80855154733302081       -1.6523884287072503     
  0.22100000000000000       0.80689618402509544       -1.6583234325328675     
  0.22200000000000000       0.80523489596518694       -1.6642379828786553     
  0.22300000000000000       0.80356770364182584       -1.6701320091747291     
  0.22400000000000000       0.80189462761397468       -1.6760054411339278     
  0.22500000000000001       0.80021568851074487       -1.6818582087527703     
  0.22600000000000001       0.79853090703111229       -1.6876902423124074     
  0.22700000000000001       0.79684030394363214       -1.6935014723795703     
  0.22800000000000001       0.79514390008615299       -1.6992918298075137     
  0.22900000000000001       0.79344171636552951       -1.7050612457369556     
  0.23000000000000001       0.79173377375733467       -1.7108096515970124     
  0.23100000000000001       0.79002009330557077       -1.7165369791061296     
  0.23200000000000001       0.78830069612237952       -1.7222431602730086     
  0.23300000000000001       0.78657560338775145       -1.7279281273975293     
  0.23400000000000001       0.78484483634923397       -1.7335918130716677     
  0.23500000000000001       0.78310841632163886       -1.7392341501804098     
  0.23600000000000002       0.78136636468674892       -1.7448550719026610     
  0.23700000000000002       0.77961870289302337       -1.7504545117121513     
  0.23800000000000002       0.77786545245530270       -1.7560324033783354     
  0.23900000000000002       0.77610663495451215       -1.7615886809672905     
  0.23999999999999999       0.77434227203736483       -1.7671232788426063     
  0.24099999999999999       0.77257238541606377       -1.7726361316662742     
  0.24199999999999999       0.77079699686800285       -1.7781271743995699     
  0.24299999999999999       0.76901612823546717       -1.7835963423039320     
  0.24399999999999999       0.76722980142533226       -1.7890435709418373     
  0.24500000000000000       0.76543803840876290       -1.7944687961776695     
  0.24600000000000000       0.76364086122091024       -1.7998719541785861     
  0.24700000000000000       0.76183829196060893       -1.8052529814153784     
  0.24800000000000000       0.76003035279007303       -1.8106118146633285     
  0.24900000000000000       0.75821706593459082       -1.8159483910030620     
  0.25000000000000000       0.75639845368221903       -1.8212626478213951     
  0.25100000000000000       0.75457453838347655       -1.8265545228121782     
  0.25200000000000000       0.75274534245103641       -1.8318239539771339     
  0.25300000000000000       0.75091088835941788       -1.8370708796266926     
  0.25400000000000000       0.74907119864467708       -1.8422952383808207     
  0.25500000000000000       0.74722629590409717       -1.8474969691698464     
  0.25600000000000001       0.74537620279587735       -1.8526760112352809     
  0.25700000000000001       0.74352094203882135       -1.8578323041306337     
  0.25800000000000001       0.74166053641202490       -1.8629657877222241     
  0.25900000000000001       0.73979500875456272       -1.8680764021899885     
  0.26000000000000001       0.73792438196517429       -1.8731640880282827     
  0.26100000000000001       0.73604867900194904       -1.8782287860466795     
  0.26200000000000001       0.73416792288201060       -1.8832704373707621     
  0.26300000000000001       0.73228213668120057       -1.8882889834429122     
  0.26400000000000001       0.73039134353376112       -1.8932843660230945     
  0.26500000000000001       0.72849556663201709       -1.8982565271896354     
  0.26600000000000001       0.72659482922605723       -1.9032054093399984     
  0.26700000000000002       0.72468915462341454       -1.9081309551915531     
  0.26800000000000002       0.72277856618874614       -1.9130331077823410     
  0.26900000000000002       0.72086308734351201       -1.9179118104718367     
  0.27000000000000002       0.71894274156565319       -1.9227670069417029     
  0.27100000000000002       0.71701755238926934       -1.9275986411965420     
  0.27200000000000002       0.71508754340429526       -1.9324066575646430     
  0.27300000000000002       0.71315273825617675       -1.9371910006987230     
  0.27400000000000002       0.71121316064554607       -1.9419516155766641     
  0.27500000000000002       0.70926883432789600       -1.9466884475022463     
  0.27600000000000002       0.70731978311325383       -1.9514014421058752     
  0.27700000000000002       0.70536603086585425       -1.9560905453453039     
  0.27800000000000002       0.70340760150381176       -1.9607557035063523     
  0.27900000000000003       0.70144451899879201       -1.9653968632036196     
  0.28000000000000003       0.69947680737568274       -1.9700139713811935     
  0.28100000000000003       0.69750449071226395       -1.9746069753133533     
  0.28200000000000003       0.69552759313887735       -1.9791758226052694     
  0.28300000000000003       0.69354613883809513       -1.9837204611936969     
  0.28400000000000003       0.69156015204438781       -1.9882408393476658     
  0.28500000000000003       0.68956965704379181       -1.9927369056691648     
  0.28600000000000003       0.68757467817357598       -1.9972086090938210     
  0.28700000000000003       0.68557523982190793       -2.0016558988915749     
  0.28800000000000003       0.68357136642751892       -2.0060787246673502     
  0.28899999999999998       0.68156308247936881       -2.0104770363617188     
  0.28999999999999998       0.67955041251630988       -2.0148507842515619     
  0.29099999999999998       0.67753338112675043       -2.0191999189507239     
  0.29199999999999998       0.67551201294831731       -2.0235243914106640     
  0.29299999999999998       0.67348633266751801       -2.0278241529211010     
  0.29399999999999998       0.67145636501940187       -2.0320991551106542     
  0.29499999999999998       0.66942213478722123       -2.0363493499474794     
  0.29599999999999999       0.66738366680209116       -2.0405746897398989     
  0.29699999999999999       0.66534098594264934       -2.0447751271370280     
  0.29799999999999999       0.66329411713471453       -2.0489506151293959     
  0.29899999999999999       0.66124308535094534       -2.0531011070495615     
  0.29999999999999999       0.65918791561049739       -2.0572265565727239     
  0.30099999999999999       0.65712863297868052       -2.0613269177173290     
  0.30199999999999999       0.65506526256661546       -2.0654021448456708     
  0.30299999999999999       0.65299782953088936       -2.0694521926644862     
  0.30399999999999999       0.65092635907321117       -2.0734770162255471     
  0.30499999999999999       0.64885087644006634       -2.0774765709262466     
  0.30599999999999999       0.64677140692237067       -2.0814508125101794     
  0.30700000000000000       0.64468797585512416       -2.0853996970677176     
  0.30800000000000000       0.64260060861706381       -2.0893231810365829     
  0.30900000000000000       0.64050933063031568       -2.0932212212024108     
  0.31000000000000000       0.63841416736004708       -2.0970937746993137     
  0.31100000000000000       0.63631514431411751       -2.1009407990104352     
  0.31200000000000000       0.63421228704272969       -2.1047622519685008     
  0.31300000000000000       0.63210562113807922       -2.1085580917563642     
  0.31400000000000000       0.62999517223400470       -2.1123282769075487     
  0.31500000000000000       0.62788096600563625       -2.1160727663067811     
  0.31600000000000000       0.62576302816904450       -2.1197915191905237     
  0.31700000000000000       0.62364138448088824       -2.1234844951474994     
  0.31800000000000000       0.62151606073806198       -2.1271516541192113     
  0.31900000000000001       0.61938708277734311       -2.1307929564004584     
  0.32000000000000001       0.61725447647503795       -2.1344083626398458     
  0.32100000000000001       0.61511826774662803       -2.1379978338402901     
  0.32200000000000001       0.61297848254641540       -2.1415613313595179     
  0.32300000000000001       0.61083514686716756       -2.1450988169105623     
  0.32400000000000001       0.60868828673976172       -2.1486102525622508     
  0.32500000000000001       0.60653792823282915       -2.1520956007396905     
  0.32600000000000001       0.60438409745239818       -2.1555548242247480     
  0.32700000000000001       0.60222682054153764       -2.1589878861565226     
  0.32800000000000001       0.60006612367999912       -2.1623947500318152     
  0.32900000000000001       0.59790203308385903       -2.1657753797055932     
  0.33000000000000002       0.59573457500516025       -2.1691297393914475     
  0.33100000000000002       0.59356377573155328       -2.1724577936620468     
  0.33200000000000002       0.59138966158593698       -2.1757595074495866     
  0.33300000000000002       0.58921225892609874       -2.1790348460462305     
  0.33400000000000002       0.58703159414435424       -2.1822837751045494     
  0.33500000000000002       0.58484769366718692       -2.1855062606379536     
  0.33600000000000002       0.58266058395488685       -2.1887022690211202     
  0.33700000000000002       0.58047029150118923       -2.1918717669904151     
  0.33800000000000002       0.57827684283291259       -2.1950147216443101     
  0.33900000000000002       0.57608026450959637       -2.1981311004437951     
  0.34000000000000002       0.57388058312313817       -2.2012208712127843     
  0.34100000000000003       0.57167782529743083       -2.2042840021385164     
  0.34200000000000003       0.56947201768799860       -2.2073204617719524     
  0.34300000000000003       0.56726318698163336       -2.2103302190281653     
  0.34400000000000003       0.56505135989603028       -2.2133132431867253     
  0.34500000000000003       0.56283656317942321       -2.2162695038920810     
  0.34600000000000003       0.56061882361021964       -2.2191989711539337     
  0.34700000000000003       0.55839816799663489       -2.2221016153476065     
  0.34800000000000003       0.55617462317632682       -2.2249774072144102     
  0.34900000000000003       0.55394821601602928       -2.2278263178620010     
  0.35000000000000003       0.55171897341118570       -2.2306483187647355     
  0.35100000000000003       0.54948692228558216       -2.2334433817640180     
  0.35199999999999998       0.54725208959098037       -2.2362114790686451     
  0.35299999999999998       0.54501450230674997       -2.2389525832551422     
  0.35399999999999998       0.54277418743950034       -2.2416666672680976     
  0.35499999999999998       0.54053117202271295       -2.2443537044204880     
  0.35599999999999998       0.53828548311637214       -2.2470136683940027     
  0.35699999999999998       0.53603714780659695       -2.2496465332393587     
  0.35799999999999998       0.53378619320527132       -2.2522522733766119     
  0.35899999999999999       0.53153264644967502       -2.2548308635954650     
  0.35999999999999999       0.52927653470211344       -2.2573822790555660     
  0.36099999999999999       0.52701788514954795       -2.2599064952868049     
  0.36199999999999999       0.52475672500322512       -2.2624034881896034     
  0.36299999999999999       0.52249308149830631       -2.2648732340351989     
  0.36399999999999999       0.52022698189349648       -2.2673157094659255     
  0.36499999999999999       0.51795845347067315       -2.2697308914954868     
  0.36599999999999999       0.51568752353451475       -2.2721187575092241     
  0.36699999999999999       0.51341421941212906       -2.2744792852643805     
  0.36799999999999999       0.51113856845268080       -2.2768124528903591     
  0.36899999999999999       0.50886059802701955       -2.2791182388889744     
  0.37000000000000000       0.50658033552730741       -2.2813966221347006     
  0.37100000000000000       0.50429780836664595       -2.2836475818749133     
  0.37200000000000000       0.50201304397870317       -2.2858710977301251     
  0.37300000000000000       0.49972606981734036       -2.2880671496942178     
  0.37400000000000000       0.49743691335623857       -2.2902357181346669     
  0.37500000000000000       0.49514560208852498       -2.2923767837927631     
  0.37600000000000000       0.49285216352639882       -2.2944903277838264     
  0.37700000000000000       0.49055662520075732       -2.2965763315974166     
  0.37800000000000000       0.48825901466082139       -2.2986347770975355     
  0.37900000000000000       0.48595935947376101       -2.3006656465228281     
  0.38000000000000000       0.48365768722432056       -2.3026689224867747     
  0.38100000000000001       0.48135402551444378       -2.3046445879778785     
  0.38200000000000001       0.47904840196289872       -2.3065926263598491     
  0.38300000000000001       0.47674084420490248       -2.3085130213717795     
  0.38400000000000001       0.47443137989174566       -2.3104057571283172     
  0.38500000000000001       0.47212003669041669       -2.3122708181198317     
  0.38600000000000001       0.46980684228322617       -2.3141081892125741     
  0.38700000000000001       0.46749182436743075       -2.3159178556488338     
  0.38800000000000001       0.46517501065485717       -2.3176998030470881     
  0.38900000000000001       0.46285642887152578       -2.3194540174021467     
  0.39000000000000001       0.46053610675727430       -2.3211804850852924     
  0.39100000000000001       0.45821407206538128       -2.3228791928444132     
  0.39200000000000002       0.45589035256218929       -2.3245501278041316     
  0.39300000000000002       0.45356497602672835       -2.3261932774659284     
  0.39400000000000002       0.45123797025033868       -2.3278086297082585     
  0.39500000000000002       0.44890936303629403       -2.3293961727866654     
  0.39600000000000002       0.44657918219942422       -2.3309558953338865     
  0.39700000000000002       0.44424745556573814       -2.3324877863599545     
  0.39800000000000002       0.44191421097204620       -2.3339918352522941     
  0.39900000000000002       0.43957947626558302       -2.3354680317758123     
  0.40000000000000002       0.43724327930362988       -2.3369163660729830     
  0.40100000000000002       0.43490564795313708       -2.3383368286639281     
  0.40200000000000002       0.43256661009034619       -2.3397294104464899     
  0.40300000000000002       0.43022619360041248       -2.3410941026963008     
  0.40400000000000003       0.42788442637702695       -2.3424308970668473     
  0.40500000000000003       0.42554133632203839       -2.3437397855895274     
  0.40600000000000003       0.42319695134507562       -2.3450207606737030     
  0.40700000000000003       0.42085129936316934       -2.3462738151067475     
  0.40800000000000003       0.41850440830037416       -2.3474989420540870     
  0.40900000000000003       0.41615630608739057       -2.3486961350592375     
  0.41000000000000003       0.41380702066118669       -2.3498653880438338     
  0.41100000000000003       0.41145657996462032       -2.3510066953076576     
  0.41200000000000003       0.40910501194606064       -2.3521200515286558     
  0.41300000000000003       0.40675234455901005       -2.3532054517629546     
  0.41400000000000003       0.40439860576172609       -2.3542628914448707     
  0.41500000000000004       0.40204382351684309       -2.3552923663869123     
  0.41600000000000004       0.39968802579099411       -2.3562938727797800     
  0.41699999999999998       0.39733124055443264       -2.3572674071923583     
  0.41799999999999998       0.39497349578065449       -2.3582129665717027     
  0.41899999999999998       0.39261481944601967       -2.3591305482430225     
  0.41999999999999998       0.39025523952937408       -2.3600201499096571     
  0.42099999999999999       0.38789478401167155       -2.3608817696530475     
  0.42199999999999999       0.38553348087559564       -2.3617154059327015     
  0.42299999999999999       0.38317135810518171       -2.3625210575861542     
  0.42399999999999999       0.38080844368543887       -2.3632987238289225     
  0.42499999999999999       0.37844476560197188       -2.3640484042544561     
  0.42599999999999999       0.37608035184060346       -2.3647700988340796     
  0.42699999999999999       0.37371523038699633       -2.3654638079169321     
  0.42799999999999999       0.37134942922627540       -2.3661295322299010     
  0.42899999999999999       0.36898297634265009       -2.3667672728775488     
  0.42999999999999999       0.36661589971903674       -2.3673770313420355     
  0.43099999999999999       0.36424822733668100       -2.3679588094830368     
  0.43200000000000000       0.36187998717478032       -2.3685126095376541     
  0.43300000000000000       0.35951120721010660       -2.3690384341203221     
  0.43400000000000000       0.35714191541662899       -2.3695362862227087     
  0.43500000000000000       0.35477213976513661       -2.3700061692136107     
  0.43600000000000000       0.35240190822286144       -2.3704480868388438     
  0.43700000000000000       0.35003124875310143       -2.3708620432211269     
  0.43800000000000000       0.34766018931484366       -2.3712480428599614     
  0.43900000000000000       0.34528875786238761       -2.3716060906315053     
  0.44000000000000000       0.34291698234496848       -2.3719361917884414     
  0.44100000000000000       0.34054489070638083       -2.3722383519598398     
  0.44200000000000000       0.33817251088460226       -2.3725125771510167     
  0.44300000000000000       0.33579987081141721       -2.3727588737433858     
  0.44400000000000001       0.33342699841204088       -2.3729772484943048     
  0.44500000000000001       0.33105392160474351       -2.3731677085369176     
  0.44600000000000001       0.32868066830047443       -2.3733302613799907     
  0.44700000000000001       0.32630726640248681       -2.3734649149077427     
  0.44800000000000001       0.32393374380596213       -2.3735716773796711     
  0.44900000000000001       0.32156012839763493       -2.3736505574303712     
  0.45000000000000001       0.31918644805541796       -2.3737015640693513     
  0.45100000000000001       0.31681273064802729       -2.3737247066808411     
  0.45200000000000001       0.31443900403460762       -2.3737199950235977     
  0.45300000000000001       0.31206529606435796       -2.3736874392307015     
  0.45400000000000001       0.30969163457615734       -2.3736270498093517     
  0.45500000000000002       0.30731804739819080       -2.3735388376406528     
  0.45600000000000002       0.30494456234757567       -2.3734228139793974     
  0.45700000000000002       0.30257120722998782       -2.3732789904538438     
  0.45800000000000002       0.30019800983928846       -2.3731073790654875     
  0.45900000000000002       0.29782499795715101       -2.3729079921888276     
  0.46000000000000002       0.29545219935268807       -2.3726808425711288     
  0.46100000000000002       0.29307964178207901       -2.3724259433321762     
  0.46200000000000002       0.29070735298819739       -2.3721433079640262     
  0.46300000000000002       0.28833536070023880       -2.3718329503307523     
  0.46400000000000002       0.28596369263334909       -2.3714948846681847     
  0.46500000000000002       0.28359237648825270       -2.3711291255836451     
  0.46600000000000003       0.28122143995088122       -2.3707356880556749     
  0.46700000000000003       0.27885091069200252       -2.3703145874337612     
  0.46800000000000003       0.27648081636684962       -2.3698658394380541     
  0.46900000000000003       0.27411118461475048       -2.3693894601590801     
  0.47000000000000003       0.27174204305875760       -2.3688854660574514     
  0.47100000000000003       0.26937341930527808       -2.3683538739635677     
  0.47200000000000003       0.26700534094370404       -2.3677947010773144     
  0.47300000000000003       0.26463783554604331       -2.3672079649677551     
  0.47400000000000003       0.26227093066655027       -2.3665936835728179     
  0.47500000000000003       0.25990465384135730       -2.3659518751989776     
  0.47600000000000003       0.25753903258810634       -2.3652825585209336     
  0.47700000000000004       0.25517409440558075       -2.3645857525812786     
  0.47800000000000004       0.25280986677333772       -2.3638614767901669     
  0.47900000000000004       0.25044637715134077       -2.3631097509249743     
  0.47999999999999998       0.24808365297959270       -2.3623305951299542     
  0.48099999999999998       0.24572172167776898       -2.3615240299158877     
  0.48199999999999998       0.24336061064485129       -2.3606900761597283     
  0.48299999999999998       0.24100034725876157       -2.3598287551042429     
  0.48399999999999999       0.23864095887599643       -2.3589400883576461     
  0.48499999999999999       0.23628247283126178       -2.3580240978932294     
  0.48599999999999999       0.23392491643710805       -2.3570808060489856     
  0.48699999999999999       0.23156831698356567       -2.3561102355272294     
  0.48799999999999999       0.22921270173778080       -2.3551124093942093     
  0.48899999999999999       0.22685809794365178       -2.3540873510797171     
  0.48999999999999999       0.22450453282146565       -2.3530350843766930     
  0.49099999999999999       0.22215203356753524       -2.3519556334408218     
  0.49199999999999999       0.21980062735383665       -2.3508490227901278     
  0.49299999999999999       0.21745034132764712       -2.3497152773045626     
  0.49399999999999999       0.21510120261118323       -2.3485544222255874     
  0.49500000000000000       0.21275323830123971       -2.3473664831557524     
  0.49600000000000000       0.21040647546882849       -2.3461514860582673     
  0.49700000000000000       0.20806094115881826       -2.3449094572565716     
  0.49800000000000000       0.20571666238957451       -2.3436404234338957     
  0.49900000000000000       0.20337366615259986       -2.3423444116328174     
  0.50000000000000000       0.20103197941217504       -2.3410214492548156     
  0.50100000000000000       0.19869162910500018       -2.3396715640598176     
  0.50200000000000000       0.19635264213983655       -2.3382947841657402     
  0.50300000000000000       0.19401504539714884       -2.3368911380480273     
  0.50400000000000000       0.19167886572874787       -2.3354606545391818     
  0.50500000000000000       0.18934412995743372       -2.3340033628282928     
  0.50600000000000001       0.18701086487663943       -2.3325192924605562     
  0.50700000000000001       0.18467909725007511       -2.3310084733367935     
  0.50800000000000001       0.18234885381137261       -2.3294709357129615     
  0.50900000000000001       0.18002016126373052       -2.3279067101996600     
  0.51000000000000001       0.17769304627955984       -2.3263158277616340     
  0.51100000000000001       0.17536753550013012       -2.3246983197172688     
  0.51200000000000001       0.17304365553521603       -2.3230542177380831     
  0.51300000000000001       0.17072143296274447       -2.3213835538482153     
  0.51400000000000001       0.16840089432844224       -2.3196863604239040     
  0.51500000000000001       0.16608206614548415       -2.3179626701929661     
  0.51600000000000001       0.16376497489414180       -2.3162125162342679     
  0.51700000000000002       0.16144964702143269       -2.3144359319771914     
  0.51800000000000002       0.15913610894077004       -2.3126329512010964     
  0.51900000000000002       0.15682438703161308       -2.3108036080347776     
  0.52000000000000002       0.15451450763911781       -2.3089479369559158     
  0.52100000000000002       0.15220649707378850       -2.3070659727905252     
  0.52200000000000002       0.14990038161112956       -2.3051577507123948     
  0.52300000000000002       0.14759618749129808       -2.3032233062425260     
  0.52400000000000002       0.14529394091875686       -2.3012626752485650     
  0.52500000000000002       0.14299366806192809       -2.2992758939442286     
  0.52600000000000002       0.14069539505284762       -2.2972629988887281     
  0.52700000000000002       0.13839914798681957       -2.2952240269861863     
  0.52800000000000002       0.13610495292207195       -2.2931590154850490     
  0.52900000000000003       0.13381283587941245       -2.2910680019774943     
  0.53000000000000003       0.13152282284188507       -2.2889510243988340     
  0.53100000000000003       0.12923493975442732       -2.2868081210269131     
  0.53200000000000003       0.12694921252352792       -2.2846393304815011     
  0.53300000000000003       0.12466566701688521       -2.2824446917236823     
  0.53400000000000003       0.12238432906306618       -2.2802242440552378     
  0.53500000000000003       0.12010522445116603       -2.2779780271180248     
  0.53600000000000003       0.11782837893046844       -2.2757060808933498     
  0.53700000000000003       0.11555381821010639       -2.2734084457013393     
  0.53800000000000003       0.11328156795872373       -2.2710851622003023     
  0.53900000000000003       0.11101165380413722       -2.2687362713860906     
  0.54000000000000004       0.10874410133299942       -2.2663618145914541     
  0.54100000000000004       0.10647893609046201       -2.2639618334853906     
  0.54200000000000004       0.10421618357983994       -2.2615363700724900     
  0.54300000000000004       0.10195586926227616       -2.2590854666922757     
  0.54400000000000004        9.9698018556406975E-002  -2.2566091660185408     
  0.54500000000000004        9.7442656838028122E-002  -2.2541075110586792     
  0.54600000000000004        9.5189809439761547E-002  -2.2515805451530109     
  0.54700000000000004        9.2939501650722775E-002  -2.2490283119741048     
  0.54800000000000004        9.0691758716189022E-002  -2.2464508555260956     
  0.54900000000000004        8.8446605837267947E-002  -2.2438482201439958     
  0.55000000000000004        8.6204068170567152E-002  -2.2412204504930036     
  0.55100000000000005        8.3964170827864323E-002  -2.2385675915678065     
  0.55200000000000005        8.1726938875778088E-002  -2.2358896886918789     
  0.55300000000000005        7.9492397335439599E-002  -2.2331867875167770     
  0.55400000000000005        7.7260571182164783E-002  -2.2304589340214265     
  0.55500000000000005        7.5031485345127366E-002  -2.2277061745114080     
  0.55600000000000005        7.2805164707032521E-002  -2.2249285556182379     
  0.55700000000000005        7.0581634103791341E-002  -2.2221261242986423     
  0.55800000000000005        6.8360918324195968E-002  -2.2192989278338286     
  0.55900000000000005        6.6143042109595498E-002  -2.2164470138287524     
  0.56000000000000005        6.3928030153572596E-002  -2.2135704302113779     
  0.56100000000000005        6.1715907101620823E-002  -2.2106692252319355     
  0.56200000000000006        5.9506697550822794E-002  -2.2077434474621760     
  0.56300000000000006        5.7300426049529000E-002  -2.2047931457946164     
  0.56400000000000006        5.5097117097037428E-002  -2.2018183694417854     
  0.56500000000000006        5.2896795143273931E-002  -2.1988191679354623     
  0.56600000000000006        5.0699484588473356E-002  -2.1957955911259104     
  0.56700000000000006        4.8505209782861450E-002  -2.1927476891811084     
  0.56800000000000006        4.6313995026337512E-002  -2.1896755125859766     
  0.56900000000000006        4.4125864568157869E-002  -2.1865791121415974     
  0.57000000000000006        4.1940842606620080E-002  -2.1834585389644325     
  0.57100000000000006        3.9758953288747963E-002  -2.1803138444855352     
  0.57200000000000006        3.7580220709977394E-002  -2.1771450804497583     
  0.57300000000000006        3.5404668913842897E-002  -2.1739522989149589     
  0.57400000000000007        3.3232321891665056E-002  -2.1707355522511964     
  0.57500000000000007        3.1063203582238706E-002  -2.1674948931399283     
  0.57600000000000007        2.8897337871521933E-002  -2.1642303745732003     
  0.57699999999999996        2.6734748592325896E-002  -2.1609420498528329     
  0.57799999999999996        2.4575459524005465E-002  -2.1576299725896027     
  0.57899999999999996        2.2419494392150668E-002  -2.1542941967024212     
  0.57999999999999996        2.0266876868278976E-002  -2.1509347764175066     
  0.58099999999999996        1.8117630569528406E-002  -2.1475517662675538     
  0.58199999999999996        1.5971779058351461E-002  -2.1441452210908989     
  0.58299999999999996        1.3829345842209908E-002  -2.1407151960306794     
  0.58399999999999996        1.1690354373270401E-002  -2.1372617465339903     
  0.58499999999999996        9.5548280481009447E-003  -2.1337849283510368     
  0.58599999999999997        7.4227902073682080E-003  -2.1302847975342809     
  0.58699999999999997        5.2942641355356954E-003  -2.1267614104375858     
  0.58799999999999997        3.1692730605627759E-003  -2.1232148237153550     
  0.58899999999999997        1.0478401536045756E-003  -2.1196450943216667     
  0.58999999999999997       -1.0700114712872645E-003  -2.1160522795094057     
  0.59099999999999997       -3.1842587574629606E-003  -2.1124364368293898     
  0.59199999999999997       -5.2948787059720788E-003  -2.1087976241294917     
  0.59299999999999997       -7.4018483758601528E-003  -2.1051358995537588     
  0.59399999999999997       -9.5051448844644115E-003  -2.1014513215415263     
  0.59499999999999997       -1.1604745407708630E-002  -2.0977439488265279     
  0.59599999999999997       -1.3700627180397076E-002  -2.0940138404360025     
  0.59699999999999998       -1.5792767496507567E-002  -2.0902610556897954     
  0.59799999999999998       -1.7881143709483630E-002  -2.0864856541994565     
  0.59899999999999998       -1.9965733232525752E-002  -2.0826876958673348     
  0.59999999999999998       -2.2046513538881728E-002  -2.0788672408856672     
  0.60099999999999998       -2.4123462162136081E-002  -2.0750243497356649     
  0.60199999999999998       -2.6196556696498594E-002  -2.0711590831865960     
  0.60299999999999998       -2.8265774797091896E-002  -2.0672715022948625     
  0.60399999999999998       -3.0331094180238136E-002  -2.0633616684030738     
  0.60499999999999998       -3.2392492623744724E-002  -2.0594296431391172     
  0.60599999999999998       -3.4449947967189157E-002  -2.0554754884152246     
  0.60699999999999998       -3.6503438112202864E-002  -2.0514992664270322     
  0.60799999999999998       -3.8552941022754181E-002  -2.0475010396526407     
  0.60899999999999999       -4.0598434725430302E-002  -2.0434808708516692     
  0.60999999999999999       -4.2639897309718351E-002  -2.0394388230643039     
  0.61099999999999999       -4.4677306928285469E-002  -2.0353749596103459     
  0.61199999999999999       -4.6710641797257937E-002  -2.0312893440882531     
  0.61299999999999999       -4.8739880196499379E-002  -2.0271820403741789     
  0.61399999999999999       -5.0765000469887939E-002  -2.0230531126210076     
  0.61499999999999999       -5.2785981025592559E-002  -2.0189026252573847     
  0.61599999999999999       -5.4802800336348240E-002  -2.0147306429867435     
  0.61699999999999999       -5.6815436939730353E-002  -2.0105372307863294     
  0.61799999999999999       -5.8823869438427948E-002  -2.0063224539062197     
  0.61899999999999999       -6.0828076500516096E-002  -2.0020863778683378     
  0.62000000000000000       -6.2828036859727265E-002  -1.9978290684654669     
  0.62100000000000000       -6.4823729315721640E-002  -1.9935505917602578     
  0.62200000000000000       -6.6815132734356533E-002  -1.9892510140842330     
  0.62300000000000000       -6.8802226047954745E-002  -1.9849304020367882     
  0.62400000000000000       -7.0784988255571932E-002  -1.9805888224841888     
  0.62500000000000000       -7.2763398423262973E-002  -1.9762263425585642     
  0.62600000000000000       -7.4737435684347348E-002  -1.9718430296568972     
  0.62700000000000000       -7.6707079239673445E-002  -1.9674389514400097     
  0.62800000000000000       -7.8672308357881943E-002  -1.9630141758315465     
  0.62900000000000000       -8.0633102375668064E-002  -1.9585687710169530     
  0.63000000000000000       -8.2589440698042929E-002  -1.9541028054424514     
  0.63100000000000001       -8.4541302798593759E-002  -1.9496163478140118     
  0.63200000000000001       -8.6488668219743159E-002  -1.9451094670963209     
  0.63300000000000001       -8.8431516573007282E-002  -1.9405822325117463     
  0.63400000000000001       -9.0369827539253017E-002  -1.9360347135392979     
  0.63500000000000001       -9.2303580868954072E-002  -1.9314669799135851     
  0.63600000000000001       -9.4232756382446103E-002  -1.9268791016237712     
  0.63700000000000001       -9.6157333970180711E-002  -1.9222711489125239     
  0.63800000000000001       -9.8077293592978412E-002  -1.9176431922749624     
  0.63900000000000001       -9.9992615282280595E-002  -1.9129953024576005     
  0.64000000000000001      -0.10190327914040036       -1.9083275504572881     
  0.64100000000000001      -0.10380926534077232       -1.9036400075201463     
  0.64200000000000002      -0.10571055412820138       -1.8989327451405023     
  0.64300000000000002      -0.10760712581911035       -1.8942058350598183     
  0.64400000000000002      -0.10949896080178659       -1.8894593492656186     
  0.64500000000000002      -0.11138603953662750       -1.8846933599904130     
  0.64600000000000002      -0.11326834255638502       -1.8799079397106158     
  0.64700000000000002      -0.11514585046640891       -1.8751031611454634     
  0.64800000000000002      -0.11701854394488910       -1.8702790972559269     
  0.64900000000000002      -0.11888640374309686       -1.8654358212436224     
  0.65000000000000002      -0.12074941068562489       -1.8605734065497173     
  0.65100000000000002      -0.12260754567062633       -1.8556919268538339     
  0.65200000000000002      -0.12446078967005265       -1.8507914560729497     
  0.65300000000000002      -0.12630912372989050       -1.8458720683602943     
  0.65400000000000003      -0.12815252897039736       -1.8409338381042426     
  0.65500000000000003      -0.12999098658633612       -1.8359768399272058     
  0.65600000000000003      -0.13182447784720863       -1.8310011486845188     
  0.65700000000000003      -0.13365298409748802       -1.8260068394633240     
  0.65800000000000003      -0.13547648675684995       -1.8209939875814527     
  0.65900000000000003      -0.13729496732040272       -1.8159626685863028     
  0.66000000000000003      -0.13910840735891633       -1.8109129582537136     
  0.66100000000000003      -0.14091678851905029       -1.8058449325868373     
  0.66200000000000003      -0.14272009252358045       -1.8007586678150080     
  0.66300000000000003      -0.14451830117162454       -1.7956542403926068     
  0.66400000000000003      -0.14631139633886664       -1.7905317269979248     
  0.66500000000000004      -0.14809935997778065       -1.7853912045320224     
  0.66600000000000004      -0.14988217411785229       -1.7802327501175852     
  0.66700000000000004      -0.15165982086580032       -1.7750564410977785     
  0.66800000000000004      -0.15343228240579640       -1.7698623550350967     
  0.66900000000000004      -0.15519954099968375       -1.7646505697102119     
  0.67000000000000004      -0.15696157898719490       -1.7594211631208179     
  0.67100000000000004      -0.15871837878616801       -1.7541742134804716     
  0.67200000000000004      -0.16046992289276224       -1.7489097992174325     
  0.67300000000000004      -0.16221619388167180       -1.7436279989734982     
  0.67400000000000004      -0.16395717440633895       -1.7383288916028370     
  0.67500000000000004      -0.16569284719916577       -1.7330125561708192     
  0.67600000000000005      -0.16742319507172482       -1.7276790719528430     
  0.67700000000000005      -0.16914820091496846       -1.7223285184331600     
  0.67800000000000005      -0.17086784769943730       -1.7169609753036970     
  0.67900000000000005      -0.17258211847546709       -1.7115765224628738     
  0.68000000000000005      -0.17429099637339476       -1.7061752400144208     
  0.68100000000000005      -0.17599446460376308       -1.7007572082661910     
  0.68200000000000005      -0.17769250645752421       -1.6953225077289720     
  0.68300000000000005      -0.17938510530624199       -1.6898712191152929     
  0.68400000000000005      -0.18107224460229315       -1.6844034233382306     
  0.68500000000000005      -0.18275390787906726       -1.6789192015102112     
  0.68600000000000005      -0.18443007875116538       -1.6734186349418112     
  0.68700000000000006      -0.18610074091459775       -1.6679018051405536     
  0.68800000000000006      -0.18776587814698001       -1.6623687938097036     
  0.68900000000000006      -0.18942547430772844       -1.6568196828470600     
  0.69000000000000006      -0.19107951333825382       -1.6512545543437454     
  0.69100000000000006      -0.19272797926215418       -1.6456734905829919     
  0.69200000000000006      -0.19437085618540628       -1.6400765740389271     
  0.69300000000000006      -0.19600812829655592       -1.6344638873753548     
  0.69400000000000006      -0.19763977986690698       -1.6288355134445345     
  0.69500000000000006      -0.19926579525070928       -1.6231915352859587     
  0.69600000000000006      -0.20088615888534522       -1.6175320361251271     
  0.69700000000000006      -0.20250085529151515       -1.6118570993723180     
  0.69800000000000006      -0.20410986907342152       -1.6061668086213587     
  0.69900000000000007      -0.20571318491895182       -1.6004612476483917     
  0.70000000000000007      -0.20731078759986035       -1.5947405004106396     
  0.70100000000000007      -0.20890266197194857       -1.5890046510451681     
  0.70200000000000007      -0.21048879297524437       -1.5832537838676446     
  0.70300000000000007      -0.21206916563418007       -1.5774879833710971     
  0.70399999999999996      -0.21364376505776916       -1.5717073342246686     
  0.70499999999999996      -0.21521257643978173       -1.5659119212723700     
  0.70599999999999996      -0.21677558505891881       -1.5601018295318314     
  0.70699999999999996      -0.21833277627898526       -1.5542771441930501     
  0.70799999999999996      -0.21988413554906161       -1.5484379506171362     
  0.70899999999999996      -0.22142964840367446       -1.5425843343350576     
  0.70999999999999996      -0.22296930046296579       -1.5367163810463809     
  0.71099999999999997      -0.22450307743286083       -1.5308341766180107     
  0.71199999999999997      -0.22603096510523485       -1.5249378070829278     
  0.71299999999999997      -0.22755294935807860       -1.5190273586389234     
  0.71399999999999997      -0.22906901615566241       -1.5131029176473327     
  0.71499999999999997      -0.23057915154869923       -1.5071645706317658     
  0.71599999999999997      -0.23208334167450612       -1.5012124042768358     
  0.71699999999999997      -0.23358157275716473       -1.4952465054268864     
  0.71799999999999997      -0.23507383110768035       -1.4892669610847162     
  0.71899999999999997      -0.23656010312413969       -1.4832738584103011     
  0.71999999999999997      -0.23804037529186753       -1.4772672847195150     
  0.72099999999999997      -0.23951463418358182       -1.4712473274828484     
  0.72199999999999998      -0.24098286645954783       -1.4652140743241251     
  0.72299999999999998      -0.24244505886773068       -1.4591676130192168     
  0.72399999999999998      -0.24390119824394685       -1.4531080314947555     
  0.72499999999999998      -0.24535127151201425       -1.4470354178268447     
  0.72599999999999998      -0.24679526568390106       -1.4409498602397677     
  0.72699999999999998      -0.24823316785987329       -1.4348514471046949     
  0.72799999999999998      -0.24966496522864093       -1.4287402669383891     
  0.72899999999999998      -0.25109064506750300       -1.4226164084019082     
  0.72999999999999998      -0.25251019474249120       -1.4164799602993068     
  0.73099999999999998      -0.25392360170851208       -1.4103310115763361     
  0.73199999999999998      -0.25533085350948831       -1.4041696513191413     
  0.73299999999999998      -0.25673193777849834       -1.3979959687529575     
  0.73399999999999999      -0.25812684223791477       -1.3918100532408044     
  0.73499999999999999      -0.25951555469954152       -1.3856119942821787     
  0.73599999999999999      -0.26089806306474972       -1.3794018815117448     
  0.73699999999999999      -0.26227435532461219       -1.3731798046980241     
  0.73799999999999999      -0.26364441956003654       -1.3669458537420822     
  0.73899999999999999      -0.26500824394189720       -1.3607001186762151     
  0.73999999999999999      -0.26636581673116588       -1.3544426896626327     
  0.74099999999999999      -0.26771712627904098       -1.3481736569921419     
  0.74199999999999999      -0.26906216102707531       -1.3418931110828274     
  0.74299999999999999      -0.27040090950730289       -1.3356011424787313     
  0.74399999999999999      -0.27173336034236412       -1.3292978418485302     
  0.74500000000000000      -0.27305950224562986       -1.3229832999842122     
  0.74600000000000000      -0.27437932402132409       -1.3166576077997514     
  0.74700000000000000      -0.27569281456464506       -1.3103208563297812     
  0.74800000000000000      -0.27699996286188544       -1.3039731367282659     
  0.74900000000000000      -0.27830075799055093       -1.2976145402671710     
  0.75000000000000000      -0.27959518911947767       -1.2912451583351328     
  0.75100000000000000      -0.28088324550894811       -1.2848650824361247     
  0.75200000000000000      -0.28216491651080583       -1.2784744041881244     
  0.75300000000000000      -0.28344019156856876       -1.2720732153217775     
  0.75400000000000000      -0.28470906021754122       -1.2656616076790619     
  0.75500000000000000      -0.28597151208492466       -1.2592396732119489     
  0.75600000000000001      -0.28722753688992680       -1.2528075039810644     
  0.75700000000000001      -0.28847712444386980       -1.2463651921543484     
  0.75800000000000001      -0.28972026465029677       -1.2399128300057123     
  0.75900000000000001      -0.29095694750507717       -1.2334505099136965     
  0.76000000000000001      -0.29218716309651072       -1.2269783243601260     
  0.76100000000000001      -0.29341090160543004       -1.2204963659287640     
  0.76200000000000001      -0.29462815330530190       -1.2140047273039660     
  0.76300000000000001      -0.29583890856232703       -1.2075035012693311     
  0.76400000000000001      -0.29704315783553892       -1.2009927807063536     
  0.76500000000000001      -0.29824089167690082       -1.1944726585930716     
  0.76600000000000001      -0.29943210073140175       -1.1879432280027169     
  0.76700000000000002      -0.30061677573715090       -1.1814045821023611     
  0.76800000000000002      -0.30179490752547095       -1.1748568141515634     
  0.76900000000000002      -0.30296648702098977       -1.1683000175010148     
  0.77000000000000002      -0.30413150524173088       -1.1617342855911827     
  0.77100000000000002      -0.30528995329920250       -1.1551597119509551     
  0.77200000000000002      -0.30644182239848544       -1.1485763901962813     
  0.77300000000000002      -0.30758710383831939       -1.1419844140288147     
  0.77400000000000002      -0.30872578901118791       -1.1353838772345519     
  0.77500000000000002      -0.30985786940340215       -1.1287748736824734     
  0.77600000000000002      -0.31098333659518312       -1.1221574973231809     
  0.77700000000000002      -0.31210218226074271       -1.1155318421875358     
  0.77800000000000002      -0.31321439816836316       -1.1088980023852952     
  0.77900000000000003      -0.31431997618047530       -1.1022560721037487     
  0.78000000000000003      -0.31541890825373547       -1.0956061456063524     
  0.78100000000000003      -0.31651118643910092       -1.0889483172313639     
  0.78200000000000003      -0.31759680288190395       -1.0822826813904753     
  0.78300000000000003      -0.31867574982192476       -1.0756093325674461     
  0.78400000000000003      -0.31974801959346261       -1.0689283653167347     
  0.78500000000000003      -0.32081360462540609       -1.0622398742621304     
  0.78600000000000003      -0.32187249744130159       -1.0555439540953826     
  0.78700000000000003      -0.32292469065942064       -1.0488406995748318     
  0.78800000000000003      -0.32397017699282582       -1.0421302055240382     
  0.78900000000000003      -0.32500894924943524       -1.0354125668304097     
  0.79000000000000004      -0.32604100033208577       -1.0286878784438300     
  0.79100000000000004      -0.32706632323859486       -1.0219562353752865     
  0.79200000000000004      -0.32808491106182086       -1.0152177326954954     
  0.79300000000000004      -0.32909675698972207       -1.0084724655335291     
  0.79400000000000004      -0.33010185430541450       -1.0017205290754412     
  0.79500000000000004      -0.33110019638722804      -0.99496201856289090     
  0.79600000000000004      -0.33209177670876144      -0.98819702929176834     
  0.79700000000000004      -0.33307658883893598      -0.98142565661081793     
  0.79800000000000004      -0.33405462644204736      -0.97464799592026197     
  0.79900000000000004      -0.33502588327781679      -0.96786414267042364     
  0.80000000000000004      -0.33599035320144011      -0.96107419236034974     
  0.80100000000000005      -0.33694803016363606      -0.95427824053643273     
  0.80200000000000005      -0.33789890821069279      -0.94747638279103263     
  0.80300000000000005      -0.33884298148451325      -0.94066871476109815     
  0.80400000000000005      -0.33978024422265901      -0.93385533212678828     
  0.80500000000000005      -0.34071069075839278      -0.92703633061009261     
  0.80600000000000005      -0.34163431552071966      -0.92021180597345187     
  0.80700000000000005      -0.34255111303442670      -0.91338185401837824     
  0.80800000000000005      -0.34346107792012148      -0.90654657058407517     
  0.80900000000000005      -0.34436420489426900      -0.89970605154605687     
  0.81000000000000005      -0.34526048876922733      -0.89286039281476803     
  0.81100000000000005      -0.34614992445328185      -0.88600969033420285     
  0.81200000000000006      -0.34703250695067811      -0.87915404008052400     
  0.81300000000000006      -0.34790823136165333      -0.87229353806068166     
  0.81400000000000006      -0.34877709288246644      -0.86542828031103225     
  0.81500000000000006      -0.34963908680542688      -0.85855836289595699     
  0.81600000000000006      -0.35049420851892182      -0.85168388190648026     
  0.81700000000000006      -0.35134245350744220      -0.84480493345888830     
  0.81800000000000006      -0.35218381735160731      -0.83792161369334739     
  0.81900000000000006      -0.35301829572818788      -0.83103401877252225     
  0.82000000000000006      -0.35384588441012804      -0.82414224488019427     
  0.82100000000000006      -0.35466657926656558      -0.81724638821987983     
  0.82200000000000006      -0.35548037626285117      -0.81034654501344872     
  0.82300000000000006      -0.35628727146056582      -0.80344281149974239     
  0.82400000000000007      -0.35708726101753735      -0.79653528393319240     
  0.82500000000000007      -0.35788034118785517      -0.78962405858243889     
  0.82600000000000007      -0.35866650832188385      -0.78270923172894935     
  0.82700000000000007      -0.35944575886627517      -0.77579089966563730     
  0.82800000000000007      -0.36021808936397909      -0.76886915869548089     
  0.82900000000000007      -0.36098349645425287      -0.76194410513014232     
  0.83000000000000007      -0.36174197687266924      -0.75501583528858685     
  0.83100000000000007      -0.36249352745112284      -0.74808444549570219     
  0.83200000000000007      -0.36323814511783575      -0.74115003208091834     
  0.83299999999999996      -0.36397582689736097      -0.73421269137682743     
  0.83399999999999996      -0.36470656991058514      -0.72727251971780360     
  0.83499999999999996      -0.36543037137472961      -0.72032961343862378     
  0.83599999999999997      -0.36614722860335008      -0.71338406887308847     
  0.83699999999999997      -0.36685713900633499      -0.70643598235264238     
  0.83799999999999997      -0.36756010008990236      -0.69948545020499642     
  0.83899999999999997      -0.36825610945659559      -0.69253256875274904     
  0.83999999999999997      -0.36894516480527739      -0.68557743431200879     
  0.84099999999999997      -0.36962726393112288      -0.67862014319101649     
  0.84199999999999997      -0.37030240472561077      -0.67166079168876847     
  0.84299999999999997      -0.37097058517651360      -0.66469947609364011     
  0.84399999999999997      -0.37163180336788637      -0.65773629268200962     
  0.84499999999999997      -0.37228605748005383      -0.65077133771688256     
  0.84599999999999997      -0.37293334578959658      -0.64380470744651663     
  0.84699999999999998      -0.37357366666933534      -0.63683649810304721     
  0.84799999999999998      -0.37420701858831446      -0.62986680590111344     
  0.84899999999999998      -0.37483340011178345      -0.62289572703648466     
  0.84999999999999998      -0.37545280990117769      -0.61592335768468764     
  0.85099999999999998      -0.37606524671409730      -0.60894979399963445     
  0.85199999999999998      -0.37667070940428493      -0.60197513211225051     
  0.85299999999999998      -0.37726919692160205      -0.59499946812910409     
  0.85399999999999998      -0.37786070831200391      -0.58802289813103581     
  0.85499999999999998      -0.37844524271751323      -0.58104551817178896     
  0.85599999999999998      -0.37902279937619221      -0.57406742427664093     
  0.85699999999999998      -0.37959337762211365      -0.56708871244103465     
  0.85799999999999998      -0.38015697688533012      -0.56010947862921157     
  0.85899999999999999      -0.38071359669184240      -0.55312981877284495     
  0.85999999999999999      -0.38126323666356599      -0.54614982876967377     
  0.86099999999999999      -0.38180589651829655      -0.53916960448213802     
  0.86199999999999999      -0.38234157606967395      -0.53218924173601445     
  0.86299999999999999      -0.38287027522714501      -0.52520883631905313     
  0.86399999999999999      -0.38339199399592455      -0.51822848397961496     
  0.86499999999999999      -0.38390673247695556      -0.51124828042531034     
  0.86599999999999999      -0.38441449086686769      -0.50426832132163824     
  0.86699999999999999      -0.38491526945793436      -0.49728870229062649     
  0.86799999999999999      -0.38540906863802882      -0.49030951890947316     
  0.86899999999999999      -0.38589588889057835      -0.48333086670918868     
  0.87000000000000000      -0.38637573079451776      -0.47635284117323895     
  0.87100000000000000      -0.38684859502424079      -0.46937553773618956     
  0.87200000000000000      -0.38731448234955085      -0.46239905178235113     
  0.87300000000000000      -0.38777339363560981      -0.45542347864442539     
  0.87400000000000000      -0.38822532984288599      -0.44844891360215261     
  0.87500000000000000      -0.38867029202710029      -0.44147545188096016     
  0.87600000000000000      -0.38910828133917136      -0.43450318865061177     
  0.87700000000000000      -0.38953929902515916      -0.42753221902385852     
  0.87800000000000000      -0.38996334642620728      -0.42056263805509042     
  0.87900000000000000      -0.39038042497848402      -0.41359454073898949     
  0.88000000000000000      -0.39079053621312188      -0.40662802200918402     
  0.88100000000000001      -0.39119368175615593      -0.39966317673690377     
  0.88200000000000001      -0.39158986332846063      -0.39270009972963682     
  0.88300000000000001      -0.39197908274568549      -0.38573888572978721     
  0.88400000000000001      -0.39236134191818928      -0.37877962941333426     
  0.88500000000000001      -0.39273664285097304      -0.37182242538849286     
  0.88600000000000001      -0.39310498764361151      -0.36486736819437532     
  0.88700000000000001      -0.39346637849018340      -0.35791455229965430     
  0.88800000000000001      -0.39382081767920035      -0.35096407210122726     
  0.88900000000000001      -0.39416830759353438      -0.34401602192288228     
  0.89000000000000001      -0.39450885071034419      -0.33707049601396516     
  0.89100000000000001      -0.39484244960100001      -0.33012758854804802     
  0.89200000000000002      -0.39516910693100721      -0.32318739362159921     
  0.89300000000000002      -0.39548882545992853      -0.31625000525265473     
  0.89400000000000002      -0.39580160804130488      -0.30931551737949126     
  0.89500000000000002      -0.39610745762257504      -0.30238402385930030     
  0.89600000000000002      -0.39640637724499389      -0.29545561846686430     
  0.89700000000000002      -0.39669837004354930      -0.28853039489323390     
  0.89800000000000002      -0.39698343924687773      -0.28160844674440683     
  0.89900000000000002      -0.39726158817717860      -0.27468986754000846     
  0.90000000000000002      -0.39753282025012709      -0.26777475071197399     
  0.90100000000000002      -0.39779713897478602      -0.26086318960323185     
  0.90200000000000002      -0.39805454795351602      -0.25395527746638918     
  0.90300000000000002      -0.39830505088188461      -0.24705110746241879     
  0.90400000000000003      -0.39854865154857388      -0.24015077265934759     
  0.90500000000000003      -0.39878535383528690      -0.23325436603094693     
  0.90600000000000003      -0.39901516171665286      -0.22636198045542452     
  0.90700000000000003      -0.39923807926013077      -0.21947370871411812     
  0.90800000000000003      -0.39945411062591202      -0.21258964349019088     
  0.90900000000000003      -0.39966326006682151      -0.20570987736732857     
  0.91000000000000003      -0.39986553192821750      -0.19883450282843840     
  0.91100000000000003      -0.40006093064789022      -0.19196361225434974     
  0.91200000000000003      -0.40024946075595913      -0.18509729792251672     
  0.91300000000000003      -0.40043112687476895      -0.17823565200572244     
  0.91400000000000003      -0.40060593371878417      -0.17137876657078521     
  0.91500000000000004      -0.40077388609448267      -0.16452673357726663     
  0.91600000000000004      -0.40093498890024765      -0.15767964487618144     
  0.91700000000000004      -0.40108924712625854      -0.15083759220870943     
  0.91800000000000004      -0.40123666585438039      -0.14400066720490912     
  0.91900000000000004      -0.40137725025805232      -0.13716896138243351     
  0.92000000000000004      -0.40151100560217423      -0.13034256614524770     
  0.92100000000000004      -0.40163793724299268      -0.12352157278234849     
  0.92200000000000004      -0.40175805062798514      -0.11670607246648607     
  0.92300000000000004      -0.40187135129574314      -0.10989615625288759     
  0.92400000000000004      -0.40197784487585420      -0.10309191507798288     
  0.92500000000000004      -0.40207753708878224       -9.6293439758132079E-002
  0.92600000000000005      -0.40217043374574701       -8.9500820988355531E-002
  0.92700000000000005      -0.40225654074860206       -8.2714149341065579E-002
  0.92800000000000005      -0.40233586408971150       -7.5933515264800591E-002
  0.92900000000000005      -0.40240840985182547       -6.9159009082961048E-002
  0.93000000000000005      -0.40247418420795444       -6.2390720992547777E-002
  0.93100000000000005      -0.40253319342124211       -5.5628741062902380E-002
  0.93200000000000005      -0.40258544384483713       -4.8873159234449820E-002
  0.93300000000000005      -0.40263094192176357       -4.2124065317443206E-002
  0.93400000000000005      -0.40266969418479021       -3.5381548990710783E-002
  0.93500000000000005      -0.40270170725629834       -2.8645699800405173E-002
  0.93600000000000005      -0.40272698784814853       -2.1916607158754875E-002
  0.93700000000000006      -0.40274554276154612       -1.5194360342818007E-002
  0.93800000000000006      -0.40275737888690533       -8.4790484932383559E-003
  0.93900000000000006      -0.40276250320371232       -1.7707606130037343E-003
  0.94000000000000006      -0.40276092278038689        4.9304144337933503E-003
  0.94100000000000006      -0.40275264477414291        1.1624387923192675E-002
  0.94200000000000006      -0.40273767643084762        1.8311071272600916E-002
  0.94300000000000006      -0.40271602508487964        2.4990376042023907E-002
  0.94400000000000006      -0.40268769815898575        3.1662213935296474E-002
  0.94500000000000006      -0.40265270316413648        3.8326496801309874E-002
  0.94600000000000006      -0.40261104769938039        4.4983136635236801E-002
  0.94700000000000006      -0.40256273945169718        5.1632045579753948E-002
  0.94800000000000006      -0.40250778619584965        5.8273135926262085E-002
  0.94900000000000007      -0.40244619579423424        6.4906320116103658E-002
  0.95000000000000007      -0.40237797619673066        7.1531510741777896E-002
  0.95100000000000007      -0.40230313544054991        7.8148620548153414E-002
  0.95200000000000007      -0.40222168165008149        8.4757562433678241E-002
  0.95300000000000007      -0.40213362303673911        9.1358249451587298E-002
  0.95400000000000007      -0.40203896789880528        9.7950594811107350E-002
  0.95500000000000007      -0.40193772462127486       0.10453451187865931     
  0.95600000000000007      -0.40182990167569715       0.11110991417905797     
  0.95700000000000007      -0.40171550762001690       0.11767671539670913     
  0.95800000000000007      -0.40159455109841413       0.12423482937680402     
  0.95900000000000007      -0.40146704084114282       0.13078417012651114     
  0.95999999999999996      -0.40133298566436820       0.13732465181616532     
  0.96099999999999997      -0.40119239447000316       0.14385618878045425     
  0.96199999999999997      -0.40104527624554315       0.15037869551960215     
  0.96299999999999997      -0.40089164006390016       0.15689208670055074     
  0.96399999999999997      -0.40073149508323536       0.16339627715813757     
  0.96499999999999997      -0.40056485054679059       0.16989118189627142     
  0.96599999999999997      -0.40039171578271876       0.17637671608910513     
  0.96699999999999997      -0.40021210020391301       0.18285279508220545     
  0.96799999999999997      -0.40002601330783477       0.18931933439372015     
  0.96899999999999997      -0.39983346467634040       0.19577624971554233     
  0.96999999999999997      -0.39963446397550706       0.20222345691447186     
  0.97099999999999997      -0.39942902095545713       0.20866087203337391     
  0.97199999999999998      -0.39921714545018167       0.21508841129233477     
  0.97299999999999998      -0.39899884737736246       0.22150599108981450     
  0.97399999999999998      -0.39877413673819317       0.22791352800379694     
  0.97499999999999998      -0.39854302361719923       0.23431093879293660     
  0.97599999999999998      -0.39830551818205662       0.24069814039770279     
  0.97699999999999998      -0.39806163068340938       0.24707504994152055     
  0.97799999999999998      -0.39781137145468620       0.25344158473190881     
  0.97899999999999998      -0.39755475091191572       0.25979766226161555     
  0.97999999999999998      -0.39729177955354067       0.26614320020974974     
  0.98099999999999998      -0.39702246796023111       0.27247811644291048     
  0.98199999999999998      -0.39674682679469619       0.27880232901631302     
  0.98299999999999998      -0.39646486680149506       0.28511575617491169     
  0.98399999999999999      -0.39617659880684658       0.29141831635451987     
  0.98499999999999999      -0.39588203371843789       0.29770992818292663     
  0.98599999999999999      -0.39558118252523183       0.30399051048101056     
  0.98699999999999999      -0.39527405629727341       0.31025998226385026     
  0.98799999999999999      -0.39496066618549497       0.31651826274183181     
  0.98899999999999999      -0.39464102342152024       0.32276527132175309     
  0.98999999999999999      -0.39431513931746759       0.32900092760792476     
  0.99099999999999999      -0.39398302526575174       0.33522515140326831     
  0.99199999999999999      -0.39364469273888480       0.34143786271041066     
  0.99299999999999999      -0.39330015328927592       0.34763898173277585     
  0.99399999999999999      -0.39294941854902993       0.35382842887567312     
  0.99500000000000000      -0.39259250022974490       0.36000612474738203     
  0.99600000000000000      -0.39222941012230877       0.36617199016023427     
  0.99700000000000000      -0.39186016009669455       0.37232594613169206     
  0.99800000000000000      -0.39148476210175487       0.37846791388542333     
  0.99900000000000000      -0.39110322816501503       0.38459781485237376     
   1.0000000000000000      -0.39071557039246529       0.39071557067183510     
