   0.0000000000000000        1.0000000000000000        0.0000000000000000     
   1.0000000000000000E-003  0.99994016165210953       -8.9758193233587288E-002
   2.0000000000000000E-003  0.99979805111469267      -0.17520719973487867     
   3.0000000000000001E-003  0.99957228059704240      -0.26457282936735382     
   4.0000000000000001E-003  0.99925854318724683      -0.35443229575002783     
   5.0000000000000001E-003  0.99885585149706535      -0.44433698554366979     
   6.0000000000000001E-003  0.99836388016881339      -0.53418106910684438     
   7.0000000000000001E-003  0.99778252561978775      -0.62393014555995896     
   8.0000000000000002E-003  0.99711178110120091      -0.71356857006378238     
   9.0000000000000011E-003  0.99635169123200962      -0.80308597953130667     
   1.0000000000000000E-002  0.99550233268785737      -0.89247331193838053     
   1.0999999999999999E-002  0.99456380506625708      -0.98172156510292874     
   1.2000000000000000E-002  0.99353622620491600       -1.0708214324436209     
   1.3000000000000001E-002  0.99241972962752767       -1.1597632330106744     
   1.4000000000000000E-002  0.99121446307759764       -1.2485369380914950     
   1.4999999999999999E-002  0.98992058763972091       -1.3371322244374066     
   1.6000000000000000E-002  0.98853827719224863       -1.4255385294611782     
   1.7000000000000001E-002  0.98706771805368465       -1.5137451004492106     
   1.8000000000000002E-002  0.98550910874565389       -1.6017410360187929     
   1.9000000000000000E-002  0.98386265982764165       -1.6895153202392936     
   2.0000000000000000E-002  0.98212859377668749       -1.7770568504862161     
   2.1000000000000001E-002  0.98030714489555937       -1.8643544601692221     
   2.1999999999999999E-002  0.97839855923905383       -1.9513969373500413     
   2.3000000000000000E-002  0.97640309455178653       -2.0381730400927558     
   2.4000000000000000E-002  0.97432102021314571       -2.1246715092226047     
   2.5000000000000001E-002  0.97215261718654600       -2.2108810790275202     
   2.6000000000000002E-002  0.96989817797106470       -2.2967904863215942     
   2.7000000000000000E-002  0.96755800655416135       -2.3823884781987941     
   2.8000000000000001E-002  0.96513241836459274       -2.4676638187343030     
   2.9000000000000001E-002  0.96262174022491520       -2.5526052948357871     
   2.9999999999999999E-002  0.96002631030315222       -2.6372017214041814     
   3.1000000000000000E-002  0.95734647806333706       -2.7214419459304420     
   3.2000000000000001E-002  0.95458260421472962       -2.8053148526289040     
   3.3000000000000002E-002  0.95173506065957048       -2.8888093661877332     
   3.4000000000000002E-002  0.94880423043927864       -2.9719144552011452     
   3.5000000000000003E-002  0.94579050767903183       -3.0546191353356167     
   3.6000000000000004E-002  0.94269429753069023       -3.1369124722724462     
   3.6999999999999998E-002  0.93951601611403945       -3.2187835844611787     
   3.7999999999999999E-002  0.93625609045634273       -3.3002216457121492     
   3.9000000000000000E-002  0.93291495843019756       -3.3812158876513512     
   4.0000000000000001E-002  0.92949306868969905       -3.4617556020567966     
   4.1000000000000002E-002  0.92599088060491741       -3.5418301430922265     
   4.2000000000000003E-002  0.92240886419469825       -3.6214289294513664     
   4.3000000000000003E-002  0.91874750005779793       -3.7005414464237263     
   4.3999999999999997E-002  0.91500727930236680       -3.7791572478911521     
   4.4999999999999998E-002  0.91118870347379499       -3.8572659582628575     
   4.5999999999999999E-002  0.90729228448093524       -3.9348572743554322     
   4.7000000000000000E-002  0.90331854452071902       -4.0119209672233245     
   4.8000000000000001E-002  0.89926801600118100       -4.0884468839444237     
   4.9000000000000002E-002  0.89514124146290874       -4.1644249493646912     
   5.0000000000000003E-002  0.89093877349893325       -4.2398451678051625     
   5.1000000000000004E-002  0.88666117467307737       -4.3146976247341726     
   5.2000000000000005E-002  0.88230901743677792       -4.3889724884072132     
   5.2999999999999999E-002  0.87788288404439829       -4.4626600114764834     
   5.3999999999999999E-002  0.87338336646704784       -4.5357505325718961     
   5.5000000000000000E-002  0.86881106630492511       -4.6082344778550315     
   5.6000000000000001E-002  0.86416659469820112       -4.6801023625473199     
   5.7000000000000002E-002  0.85945057223645893       -4.7513447924335450     
   5.8000000000000003E-002  0.85466362886670688       -4.8219524653415959     
   5.9000000000000004E-002  0.84980640379998196       -4.8919161725992568     
   5.9999999999999998E-002  0.84487954541655952       -4.9612268004687046     
   6.0999999999999999E-002  0.83988371116978700       -5.0298753315592863     
   6.2000000000000000E-002  0.83481956748855779       -5.0978528462190456     
   6.3000000000000000E-002  0.82968778967844292       -5.1651505239054103     
   6.4000000000000001E-002  0.82448906182149651       -5.2317596445353685     
   6.5000000000000002E-002  0.81922407667475383       -5.2976715898154110     
   6.6000000000000003E-002  0.81389353556743693       -5.3628778445514662     
   6.7000000000000004E-002  0.80849814829688738       -5.4273699979390093     
   6.8000000000000005E-002  0.80303863302324219       -5.4911397448334922     
   6.9000000000000006E-002  0.79751571616287076       -5.5541788870011990     
   7.0000000000000007E-002  0.79193013228059062       -5.6164793343506139     
   7.1000000000000008E-002  0.78628262398067972       -5.6780331061443574     
   7.2000000000000008E-002  0.78057394179670325       -5.7388323321917198     
   7.2999999999999995E-002  0.77480484408017258       -5.7988692540218159     
   7.3999999999999996E-002  0.76897609688805479       -5.8581362260373488     
   7.4999999999999997E-002  0.76308847386915168       -5.9166257166489773     
   7.5999999999999998E-002  0.75714275614936477       -5.9743303093902513     
   7.6999999999999999E-002  0.75113973221586727       -6.0312427040130778     
   7.8000000000000000E-002  0.74508019780019974       -6.0873557175636694     
   7.9000000000000001E-002  0.73896495576030874       -6.1426622854389175     
   8.0000000000000002E-002  0.73279481596154816       -6.1971554624231242     
   8.1000000000000003E-002  0.72657059515666134       -6.2508284237050340     
   8.2000000000000003E-002  0.72029311686476316       -6.3036744658750701     
   8.3000000000000004E-002  0.71396321124934203       -6.3556870079027226     
   8.4000000000000005E-002  0.70758171499530076       -6.4068595920939808     
   8.5000000000000006E-002  0.70114947118505577       -6.4571858850287498     
   8.6000000000000007E-002  0.69466732917371443       -6.5066596784781403     
   8.7000000000000008E-002  0.68813614446335059       -6.5552748903015656     
   8.7999999999999995E-002  0.68155677857639752       -6.6030255653235397     
   8.8999999999999996E-002  0.67493009892817890       -6.6499058761900951     
   8.9999999999999997E-002  0.66825697869859779       -6.6959101242047279     
   9.0999999999999998E-002  0.66153829670300368       -6.7410327401437771     
   9.1999999999999998E-002  0.65477493726225811       -6.7852682850511528     
   9.2999999999999999E-002  0.64796779007201932       -6.8286114510123221     
   9.4000000000000000E-002  0.64111775007126670       -6.8710570619074600     
   9.5000000000000001E-002  0.63422571731008504       -6.9126000741436835     
   9.6000000000000002E-002  0.62729259681673022       -6.9532355773662804     
   9.7000000000000003E-002  0.62031929846399669       -6.9929587951488497     
   9.8000000000000004E-002  0.61330673683490766       -7.0317650856622667     
   9.9000000000000005E-002  0.60625583108774961       -7.0696499423223944     
  0.10000000000000001       0.59916750482047154       -7.1066089944164661     
  0.10100000000000001       0.59204268593447062       -7.1426380077080536     
  0.10200000000000001       0.58488230649778594       -7.1777328850205526     
  0.10300000000000001       0.57768730260772061       -7.2118896667991104     
  0.10400000000000001       0.57045861425291500       -7.2451045316509273     
  0.10500000000000000       0.56319718517489215       -7.2773737968638654     
  0.10600000000000000       0.55590396272909637       -7.3086939189032929     
  0.10700000000000000       0.54857989774544791       -7.3390614938871135     
  0.10800000000000000       0.54122594438843452       -7.3684732580389083     
  0.10900000000000000       0.53384306001676263       -7.3969260881191481     
  0.11000000000000000       0.52643220504258859       -7.4244170018344082     
  0.11100000000000000       0.51899434279035361       -7.4509431582245460     
  0.11200000000000000       0.51153043935524345       -7.4765018580277864     
  0.11300000000000000       0.50404146346129486       -7.5010905440236773     
  0.11400000000000000       0.49652838631917157       -7.5247068013538652     
  0.11500000000000000       0.48899218148363094       -7.5473483578206624     
  0.11600000000000001       0.48143382471070451       -7.5690130841633616     
  0.11700000000000001       0.47385429381461397       -7.5896989943122701     
  0.11800000000000001       0.46625456852444502       -7.6094042456204365     
  0.11900000000000001       0.45863563034060151       -7.6281271390730421     
  0.12000000000000000       0.45099846239106195       -7.6458661194744311     
  0.12100000000000000       0.44334404928746091       -7.6626197756127716     
  0.12200000000000000       0.43567337698101766       -7.6783868404023181     
  0.12300000000000000       0.42798743261833405       -7.6931661910032725     
  0.12400000000000000       0.42028720439708483       -7.7069568489192362     
  0.12500000000000000       0.41257368142162165       -7.7197579800722353     
  0.12600000000000000       0.40484785355851427       -7.7315688948553358     
  0.12700000000000000       0.39711071129205067       -7.7423890481628304     
  0.12800000000000000       0.38936324557971846       -7.7522180393980156     
  0.12900000000000000       0.38160644770769059       -7.7610556124585628     
  0.13000000000000000       0.37384130914633690       -7.7689016556994961     
  0.13100000000000001       0.36606882140578462       -7.7757562018737838     
  0.13200000000000001       0.35828997589154948       -7.7816194280505782     
  0.13300000000000001       0.35050576376026066       -7.7864916555111092     
  0.13400000000000001       0.34271717577550070       -7.7903733496222705     
  0.13500000000000001       0.33492520216378391       -7.7932651196879137     
  0.13600000000000001       0.32713083247069458       -7.7951677187778978     
  0.13700000000000001       0.31933505541720764       -7.7960820435349154     
  0.13800000000000001       0.31153885875621395       -7.7960091339591484     
  0.13900000000000001       0.30374322912927232       -7.7949501731707826     
  0.14000000000000001       0.29594915192361010       -7.7929064871504385     
  0.14100000000000001       0.28815761112939492       -7.7898795444575617     
  0.14200000000000002       0.28036958919729904       -7.7858709559268275     
  0.14300000000000002       0.27258606689637876       -7.7808824743426177     
  0.14400000000000002       0.26480802317229019       -7.7749159940916268     
  0.14499999999999999       0.25703643500586393       -7.7679735507936618     
  0.14599999999999999       0.24927227727205967       -7.7600573209107058     
  0.14699999999999999       0.24151652259932302       -7.7511696213343120     
  0.14799999999999999       0.23377014122936582       -7.7413129089513992     
  0.14899999999999999       0.22603410087739162       -7.7304897801885346     
  0.14999999999999999       0.21830936659278791       -7.7187029705347747     
  0.15100000000000000       0.21059690062030609       -7.7059553540431551     
  0.15200000000000000       0.20289766226175107       -7.6922499428109106     
  0.15300000000000000       0.19521260773820115       -7.6775898864385219     
  0.15400000000000000       0.18754269005277971       -7.6619784714676786     
  0.15500000000000000       0.17988885885399952       -7.6454191207982563     
  0.15600000000000000       0.17225206029970069       -7.6279153930844092     
  0.15700000000000000       0.16463323692160303       -7.6094709821098832     
  0.15800000000000000       0.15703332749049359       -7.5900897161426499     
  0.15900000000000000       0.14945326688206997       -7.5697755572689838     
  0.16000000000000000       0.14189398594345995       -7.5485326007070812     
  0.16100000000000000       0.13435641136043774       -7.5263650741003527     
  0.16200000000000001       0.12684146552535722       -7.5032773367904948     
  0.16300000000000001       0.11935006640582214       -7.4792738790704778     
  0.16400000000000001       0.11188312741411371       -7.4543593214175630     
  0.16500000000000001       0.10444155727739483       -7.4285384137064883     
  0.16600000000000001        9.7026259908711401E-002  -7.4018160344029482     
  0.16700000000000001        8.9638134278809858E-002  -7.3741971897375125     
  0.16800000000000001        8.2278074288790706E-002  -7.3456870128601093     
  0.16900000000000001        7.4946968643617259E-002  -7.3162907629752256     
  0.17000000000000001        6.7645700726498850E-002  -7.2860138244579673     
  0.17100000000000001        6.0375148474167570E-002  -7.2548617059511225     
  0.17200000000000001        5.3136184253067494E-002  -7.2228400394433798     
  0.17300000000000001        4.5929674736475065E-002  -7.1899545793288624     
  0.17400000000000002        3.8756480782569325E-002  -7.1562112014481265     
  0.17500000000000002        3.1617457313470411E-002  -7.1216159021107845     
  0.17599999999999999        2.4513453195264621E-002  -7.0861747970999209     
  0.17699999999999999        1.7445311119034149E-002  -7.0498941206584602     
  0.17799999999999999        1.0413867482909480E-002  -7.0127802244576589     
  0.17899999999999999        3.4199522751622241E-003  -6.9748395765478906     
  0.17999999999999999       -3.5356110416440070E-003  -6.9360787602918972     
  0.18099999999999999       -1.0452005645427221E-002  -6.8965044732806859     
  0.18200000000000000       -1.7328421468267900E-002  -6.8561235262322491     
  0.18300000000000000       -2.4164055308980015E-002  -6.8149428418732860     
  0.18400000000000000       -3.0958110944555292E-002  -6.7729694538041176     
  0.18500000000000000       -3.7709799240464005E-002  -6.7302105053469763     
  0.18600000000000000       -4.4418338259795805E-002  -6.6866732483778604     
  0.18700000000000000       -5.1082953371224177E-002  -6.6423650421421510     
  0.18800000000000000       -5.7702877355778476E-002  -6.5972933520541766     
  0.18900000000000000       -6.4277350512407516E-002  -6.5514657484809353     
  0.19000000000000000       -7.0805620762318999E-002  -6.5048899055101623     
  0.19100000000000000       -7.7286943752079243E-002  -6.4575735997029522     
  0.19200000000000000       -8.3720582955457853E-002  -6.4095247088311371     
  0.19300000000000000       -9.0105809774002163E-002  -6.3607512105996333     
  0.19400000000000001       -9.6441903636326626E-002  -6.3112611813539585     
  0.19500000000000001      -0.10272815209610228       -6.2610627947731325     
  0.19600000000000001      -0.10896385092873195       -6.2101643205481842     
  0.19700000000000001      -0.11514830422669672       -6.1585741230464661     
  0.19800000000000001      -0.12128082449355976       -6.1063006599620087     
  0.19900000000000001      -0.12736073273661352       -6.0533524809521264     
  0.20000000000000001      -0.13338735855815684       -5.9997382262605017     
  0.20100000000000001      -0.13936004024538828       -5.9454666253269703     
  0.20200000000000001      -0.14527812485890274       -5.8905464953842355     
  0.20300000000000001      -0.15114096831977836       -5.8349867400417370     
  0.20400000000000001      -0.15694793549524089       -5.7787963478569120     
  0.20500000000000002      -0.16269840028289306       -5.7219843908940753     
  0.20600000000000002      -0.16839174569349680       -5.6645600232711537     
  0.20700000000000002      -0.17402736393229606       -5.6065324796945113     
  0.20800000000000002      -0.17960465647886875       -5.5479110739821076     
  0.20899999999999999      -0.18512303416549594       -5.4887051975752223     
  0.20999999999999999      -0.19058191725403720       -5.4289243180389963     
  0.21099999999999999      -0.19598073551130096       -5.3685779775520217     
  0.21199999999999999      -0.20131892828289910       -5.3076757913852362     
  0.21299999999999999      -0.20659594456557509       -5.2462274463703649     
  0.21400000000000000      -0.21181124307799551       -5.1842426993581547     
  0.21500000000000000      -0.21696429232999476       -5.1217313756666556     
  0.21600000000000000      -0.22205457069026313       -5.0587033675197990     
  0.21700000000000000      -0.22708156645246871       -4.9951686324765241     
  0.21800000000000000      -0.23204477789980379       -4.9311371918507101     
  0.21900000000000000      -0.23694371336794673       -4.8666191291221637     
  0.22000000000000000      -0.24177789130643026       -4.8016245883389264     
  0.22100000000000000      -0.24654684033840812       -4.7361637725111567     
  0.22200000000000000      -0.25125009931881120       -4.6702469419968420     
  0.22300000000000000      -0.25588721739088549       -4.6038844128796095     
  0.22400000000000000      -0.26045775404110416       -4.5370865553388908     
  0.22500000000000001      -0.26496127915244572       -4.4698637920127080     
  0.22600000000000001      -0.26939737305603167       -4.4022265963533398     
  0.22700000000000001      -0.27376562658111625       -4.3341854909761421     
  0.22800000000000001      -0.27806564110342163       -4.2657510460017756     
  0.22900000000000001      -0.28229702859181238       -4.1969338773921212     
  0.23000000000000001      -0.28645941165330230       -4.1277446452801430     
  0.23100000000000001      -0.29055242357638872       -4.0581940522939668     
  0.23200000000000001      -0.29457570837270780       -3.9882928418754511     
  0.23300000000000001      -0.29852892081700577       -3.9180517965935131     
  0.23400000000000001      -0.30241172648542108       -3.8474817364524849     
  0.23500000000000001      -0.30622380179207243       -3.7765935171957712     
  0.23600000000000002      -0.30996483402394820       -3.7053980286050794     
  0.23700000000000002      -0.31363452137409309       -3.6339061927954970     
  0.23800000000000002      -0.31723257297308777       -3.5621289625066890     
  0.23900000000000002      -0.32075870891881797       -3.4900773193904886     
  0.23999999999999999      -0.32421266030452939       -3.4177622722951564     
  0.24099999999999999      -0.32759416924516538       -3.3451948555465845     
  0.24199999999999999      -0.33090298890198439       -3.2723861272267172     
  0.24299999999999999      -0.33413888350545440       -3.1993471674494671     
  0.24399999999999999      -0.33730162837642247       -3.1260890766344027     
  0.24500000000000000      -0.34039100994555654       -3.0526229737784782     
  0.24600000000000000      -0.34340682577105847       -2.9789599947260914     
  0.24700000000000000      -0.34634888455464607       -2.9051112904377354     
  0.24800000000000000      -0.34921700615580359       -2.8310880252575306     
  0.24900000000000000      -0.35201102160429876       -2.7569013751799050     
  0.25000000000000000      -0.35473077311096674       -2.6825625261157060     
  0.25100000000000000      -0.35737611407675968       -2.6080826721580155     
  0.25200000000000000      -0.35994690910006205       -2.5334730138479493     
  0.25300000000000000      -0.36244303398227201       -2.4587447564407126     
  0.25400000000000000      -0.36486437573164909       -2.3839091081721904     
  0.25500000000000000      -0.36721083256542864       -2.3089772785263505     
  0.25600000000000001      -0.36948231391020431       -2.2339604765037291     
  0.25700000000000001      -0.37167874040057980       -2.1588699088912802     
  0.25800000000000001      -0.37380004387609106       -2.0837167785338617     
  0.25900000000000001      -0.37584616737640086       -2.0085122826076320     
  0.26000000000000001      -0.37781706513476815       -1.9332676108956326     
  0.26100000000000001      -0.37971270256979373       -1.8579939440658295     
  0.26200000000000001      -0.38153305627544570       -1.7827024519518881     
  0.26300000000000001      -0.38327811400936701       -1.7074042918369519     
  0.26400000000000001      -0.38494787467946839       -1.6321106067406994     
  0.26500000000000001      -0.38654234832881007       -1.5568325237099492     
  0.26600000000000001      -0.38806155611877596       -1.4815811521130842     
  0.26700000000000002      -0.38950553031054447       -1.4063675819385648     
  0.26800000000000002      -0.39087431424485969       -1.3312028820978012     
  0.26900000000000002      -0.39216796232010798       -1.2560980987326507     
  0.27000000000000002      -0.39338653996870443       -1.1810642535278102     
  0.27100000000000002      -0.39453012363179407       -1.1061123420283689     
  0.27200000000000002      -0.39559880073227360       -1.0312533319627859     
  0.27300000000000002      -0.39659266964613876      -0.95649816157155976     
  0.27400000000000002      -0.39751183967216336      -0.88185773794185052     
  0.27500000000000002      -0.39835643099991591      -0.80734293534831925     
  0.27600000000000002      -0.39912657467612050      -0.73296459360044364     
  0.27700000000000002      -0.39982241256936829      -0.65873351639657252     
  0.27800000000000002      -0.40044409733318631      -0.58466046968497576     
  0.27900000000000003      -0.40099179236747123      -0.51075618003214829     
  0.28000000000000003      -0.40146567177829484      -0.43703133299862446     
  0.28100000000000003      -0.40186592033608959      -0.36349657152255732     
  0.28200000000000003      -0.40219273343222134      -0.29016249431131669     
  0.28300000000000003      -0.40244631703395795      -0.21703965424135757     
  0.28400000000000003      -0.40262688763784199      -0.14413855676661036     
  0.28500000000000003      -0.40273467222147635       -7.1469658335641215E-002
  0.28600000000000003      -0.40276990819373115        9.5663518216934640E-004
  0.28700000000000003      -0.40273284334338166        7.3129970061183880E-002
  0.28800000000000003      -0.40262373578618649       0.14504004627455694     
  0.28899999999999998      -0.40244285391041534       0.21667661903953289     
  0.28999999999999998      -0.40219047632083654       0.28802950035275166     
  0.29099999999999998      -0.40186689178117446       0.35908856051532295     
  0.29199999999999998      -0.40147239915504696       0.42984372964743178     
  0.29299999999999998      -0.40100730734539353       0.50028499919223923     
  0.29399999999999998      -0.40047193523240504       0.57040242340884517     
  0.29499999999999998      -0.39986661160996617       0.64018612085408055     
  0.29599999999999999      -0.39919167512062159       0.70962627585289961     
  0.29699999999999999      -0.39844747418907756       0.77871313995714364     
  0.29799999999999999      -0.39763436695425070       0.84743703339245102     
  0.29899999999999999      -0.39675272119987592       0.91578834649308860     
  0.29999999999999999      -0.39580291428368558       0.98375754112448321     
  0.30099999999999999      -0.39478533306517244        1.0513351520932335     
  0.30199999999999999      -0.39370037383194872        1.1185117885443843     
  0.30299999999999999      -0.39254844222471474        1.1852781353457473     
  0.30399999999999999      -0.39132995316084940        1.2516249544590574     
  0.30499999999999999      -0.39004533075663633        1.3175430862977497     
  0.30599999999999999      -0.38869500824813924        1.3830234510711530     
  0.30700000000000000      -0.38727942791073955        1.4480570501148888     
  0.30800000000000000      -0.38579904097735096        1.5126349672072763     
  0.30900000000000000      -0.38425430755532453        1.5767483698715377     
  0.31000000000000000      -0.38264569654205877        1.6403885106636074     
  0.31100000000000000      -0.38097368553932909        1.7035467284453472     
  0.31200000000000000      -0.37923876076635160        1.7662144496429728     
  0.31300000000000000      -0.37744141697159589        1.8283831894905014     
  0.31400000000000000      -0.37558215734336187        1.8900445532580279     
  0.31500000000000000      -0.37366149341913601        1.9511902374646470     
  0.31600000000000000      -0.37167994499374252        2.0118120310758347     
  0.31700000000000000      -0.36963804002630474        2.0719018166851075     
  0.31800000000000000      -0.36753631454603319        2.1314515716797815     
  0.31900000000000001      -0.36537531255685557        2.1904533693906547     
  0.32000000000000001      -0.36315558594090519        2.2488993802254398     
  0.32100000000000001      -0.36087769436088446        2.3067818727857747     
  0.32200000000000001      -0.35854220516131924        2.3640932149676464     
  0.32300000000000001      -0.35614969326872153        2.4208258750450584     
  0.32400000000000001      -0.35370074109067656        2.4769724227367838     
  0.32500000000000001      -0.35119593841387198        2.5325255302560414     
  0.32600000000000001      -0.34863588230108578        2.5874779733429398     
  0.32700000000000001      -0.34602117698715040        2.6418226322795353     
  0.32800000000000001      -0.34335243377391089        2.6955524928873511     
  0.32900000000000001      -0.34063027092419379        2.7486606475072151     
  0.33000000000000002      -0.33785531355480569        2.8011402959612628     
  0.33100000000000002      -0.33502819352857832        2.8529847464969729     
  0.33200000000000002      -0.33214954934547886        2.9041874167130874     
  0.33300000000000002      -0.32922002603280343        2.9547418344672893     
  0.33400000000000002      -0.32624027503447195        3.0046416387654959     
  0.33500000000000002      -0.32321095409944312        3.0538805806326472     
  0.33600000000000002      -0.32013272716926777        3.1024525239648524     
  0.33700000000000002      -0.31700626426479955        3.1503514463627815     
  0.33800000000000002      -0.31383224137208166        3.1975714399461714     
  0.33900000000000002      -0.31061134032742843        3.2441067121493385     
  0.34000000000000002      -0.30734424870172106        3.2899515864975748     
  0.34100000000000003      -0.30403165968393647        3.3351005033643228     
  0.34200000000000003      -0.30067427196392876        3.3795480207090192     
  0.34300000000000003      -0.29727278961448245        3.4232888147955012     
  0.34400000000000003      -0.29382792197265706        3.4663176808908771     
  0.34500000000000003      -0.29034038352044261        3.5086295339447595     
  0.34600000000000003      -0.28681089376474594        3.5502194092487684     
  0.34700000000000003      -0.28324017711672705        3.5910824630762139     
  0.34800000000000003      -0.27962896277050620        3.6312139733018642     
  0.34900000000000003      -0.27597798458126072        3.6706093400017221     
  0.35000000000000003      -0.27228798094273254        3.7092640860327202     
  0.35100000000000003      -0.26855969466416568        3.7471738575922622     
  0.35199999999999998      -0.26479387284669464        3.7843344247575321     
  0.35299999999999998      -0.26099126675920348        3.8207416820045004     
  0.35399999999999998      -0.25715263171367597        3.8563916487065582     
  0.35499999999999998      -0.25327872694005765        3.8912804696127146     
  0.35599999999999998      -0.24937031546064956        3.9254044153052958     
  0.35699999999999998      -0.24542816396405470        3.9587598826370880     
  0.35799999999999998      -0.24145304267869777        3.9913433951478656     
  0.35899999999999999      -0.23744572524593849        4.0231516034602599     
  0.35999999999999999      -0.23340698859279960        4.0541812856549129     
  0.36099999999999999      -0.22933761280432988        4.0844293476248748     
  0.36199999999999999      -0.22523838099562341        4.1138928234092056     
  0.36299999999999999      -0.22111007918351538        4.1425688755057379     
  0.36399999999999999      -0.21695349615797579        4.1704547951629722     
  0.36499999999999999      -0.21276942335322160        4.1975480026510681     
  0.36599999999999999      -0.20855865471856835        4.2238460475119055     
  0.36699999999999999      -0.20432198658904219        4.2493466087881968     
  0.36799999999999999      -0.20006021755577336        4.2740474952316179     
  0.36899999999999999      -0.19577414833619192        4.2979466454899518     
  0.37000000000000000      -0.19146458164404692        4.3210421282732261     
  0.37100000000000000      -0.18713232205926994        4.3433321424988316     
  0.37200000000000000      -0.18277817589770393        4.3648150174156184     
  0.37300000000000000      -0.17840295108071863        4.3854892127069638     
  0.37400000000000000      -0.17400745700473327        4.4053533185728160     
  0.37500000000000000      -0.16959250441066784        4.4244060557907092     
  0.37600000000000000      -0.16515890525334381        4.4426462757557603     
  0.37700000000000000      -0.16070747257085538        4.4600729604996641     
  0.37800000000000000      -0.15623902035393225        4.4766852226886860     
  0.37900000000000000      -0.15175436341531481        4.4924823056006833     
  0.38000000000000000      -0.14725431725916294        4.5074635830811642     
  0.38100000000000001      -0.14273969795051900        4.5216285594784198     
  0.38200000000000001      -0.13821132198484637        4.5349768695577408     
  0.38300000000000001      -0.13367000615766406        4.5475082783947665     
  0.38400000000000001      -0.12911656743429850        4.5592226812479861     
  0.38500000000000001      -0.12455182281977312        4.5701201034104377     
  0.38600000000000001      -0.11997658922885668        4.5802007000406411     
  0.38700000000000001      -0.11539168335629112        4.5894647559728137     
  0.38800000000000001      -0.11079792154721932        4.5979126855064072     
  0.38900000000000001      -0.10619611966783388        4.6055450321750300     
  0.39000000000000001      -0.10158709297626706        4.6123624684947933     
  0.39100000000000001       -9.6971655993742786E-002   4.6183657956921520     
  0.39200000000000002       -9.2350622376010952E-002   4.6235559434112918     
  0.39300000000000002       -8.7724804785084584E-002   4.6279339694011341     
  0.39400000000000002       -8.3095014761300129E-002   4.6315010591820149     
  0.39500000000000002       -7.8462062595721249E-002   4.6342585256921227     
  0.39600000000000002       -7.3826757202906199E-002   4.6362078089137562     
  0.39700000000000002       -6.9189905994059053E-002   4.6373504754794874     
  0.39800000000000002       -6.4552314750584788E-002   4.6376882182583046     
  0.39900000000000002       -5.9914787498068139E-002   4.6372228559218245     
  0.40000000000000002       -5.5278126380696256E-002   4.6359563324906539     
  0.40100000000000002       -5.0643131536144831E-002   4.6338907168609946     
  0.40200000000000002       -4.6010600970947467E-002   4.6310282023115876     
  0.40300000000000002       -4.1381330436367915E-002   4.6273711059910845     
  0.40400000000000003       -3.6756113304794655E-002   4.6229218683859514     
  0.40500000000000003       -3.2135740446677295E-002   4.6176830527690074     
  0.40600000000000003       -2.7521000108024041E-002   4.6116573446287026     
  0.40700000000000003       -2.2912677788479507E-002   4.6048475510792430     
  0.40800000000000003       -1.8311556120001897E-002   4.5972566002516748     
  0.40900000000000003       -1.3718414746158602E-002   4.5888875406660432     
  0.41000000000000003       -9.1340302020590305E-003   4.5797435405847455     
  0.41100000000000003       -4.5591757949434630E-003   4.5698278873471940     
  0.41200000000000003        5.3785145534860843E-006   4.5591439866859167     
  0.41300000000000003        4.5588662304462662E-003   4.5476953620242213     
  0.41400000000000003        9.1005244387302904E-003   4.5354856537555532     
  0.41500000000000004        1.3629593923984090E-002   4.5225186185046784     
  0.41600000000000004        1.8145319285223629E-002   4.5087981283708256     
  0.41699999999999998        2.2646949050990798E-002   4.4943281701529303     
  0.41799999999999998        2.7133735793658253E-002   4.4791128445571182     
  0.41899999999999998        3.1604936242932917E-002   4.4631563653865722     
  0.41999999999999998        3.6059811398540614E-002   4.4464630587139320     
  0.42099999999999999        4.0497626642074430E-002   4.4290373620363734     
  0.42199999999999999        4.4917651847989522E-002   4.4108838234135188     
  0.42299999999999999        4.9319161493727365E-002   4.3920071005883399     
  0.42399999999999999        5.3701434768952450E-002   4.3724119600911999     
  0.42499999999999999        5.8063755683884631E-002   4.3521032763272078     
  0.42599999999999999        6.2405413176710590E-002   4.3310860306470360     
  0.42699999999999999        6.6725701220057887E-002   4.3093653104013727     
  0.42799999999999999        7.1023918926515370E-002   4.2869463079791812     
  0.42899999999999999        7.5299370653183831E-002   4.2638343198299244     
  0.42999999999999999        7.9551366105240898E-002   4.2400347454699423     
  0.43099999999999999        8.3779220438504498E-002   4.2155530864731467     
  0.43200000000000000        8.7982254360979201E-002   4.1903949454462168     
  0.43300000000000000        9.2159794233370146E-002   4.1645660249884742     
  0.43400000000000000        9.6311172168549203E-002   4.1380721266366223     
  0.43500000000000000       0.10043572612995839        4.1109191497945305     
  0.43600000000000000       0.10453280002893575        4.0831130906482578     
  0.43700000000000000       0.10860174382094882        4.0546600410665015     
  0.43800000000000000       0.11264191360072145        4.0255661874866586     
  0.43900000000000000       0.11665267169623951        3.9958378097867069     
  0.44000000000000000       0.12063338676162150        3.9654812801430865     
  0.44100000000000000       0.12458343386884010        3.9345030618747940     
  0.44200000000000000       0.12850219459828108        3.9029097082738824     
  0.44300000000000000       0.13238905712812585        3.8707078614225710     
  0.44400000000000001       0.13624341632254461        3.8379042509971724     
  0.44500000000000001       0.14006467381868701        3.8045056930590411     
  0.44600000000000001       0.14385223811245709        3.7705190888327551     
  0.44700000000000001       0.14760552464306043        3.7359514234717373     
  0.44800000000000001       0.15132395587631042        3.7008097648115341     
  0.44900000000000001       0.15500696138668202        3.6651012621109649     
  0.45000000000000001       0.15865397793810043        3.6288331447813538     
  0.45100000000000001       0.16226444956345332        3.5920127211040715     
  0.45200000000000001       0.16583782764281474        3.5546473769365976     
  0.45300000000000001       0.16937357098036951        3.5167445744073325     
  0.45400000000000001       0.17287114588002681        3.4783118505993778     
  0.45500000000000002       0.17633002621971219        3.4393568162235120     
  0.45600000000000002       0.17974969352432729        3.3998871542805897     
  0.45700000000000002       0.18312963703736662        3.3599106187135899     
  0.45800000000000002       0.18646935379118143        3.3194350330495452     
  0.45900000000000002       0.18976834867588058        3.2784682890315828     
  0.46000000000000002       0.19302613450685846        3.2370183452413102     
  0.46100000000000002       0.19624223209094063        3.1950932257117781     
  0.46200000000000002       0.19941617029113792        3.1527010185312605     
  0.46300000000000002       0.20254748608999965        3.1098498744380847     
  0.46400000000000002       0.20563572465155736        3.0665480054067511     
  0.46500000000000002       0.20868043938185044        3.0228036832255820     
  0.46600000000000003       0.21168119198802529        2.9786252380661420     
  0.46700000000000003       0.21463755253599981        2.9340210570446681     
  0.46800000000000003       0.21754909950668544        2.8889995827757571     
  0.46900000000000003       0.22041541985075921        2.8435693119185506     
  0.47000000000000003       0.22323610904197827        2.7977387937156655     
  0.47100000000000003       0.22601077112902968        2.7515166285251151     
  0.47200000000000003       0.22873901878590899        2.7049114663454685     
  0.47300000000000003       0.23142047336082056        2.6579320053344935     
  0.47400000000000003       0.23405476492359328        2.6105869903215395     
  0.47500000000000003       0.23664153231160587        2.5628852113139011     
  0.47600000000000003       0.23918042317421537        2.5148355019974193     
  0.47700000000000004       0.24167109401568371        2.4664467382315705     
  0.47800000000000004       0.24411321023659655        2.4177278365392927     
  0.47900000000000004       0.24650644617376952        2.3686877525918066     
  0.47999999999999998       0.24885048513863675        2.3193354796886809     
  0.48099999999999998       0.25114501945411738        2.2696800472333973     
  0.48199999999999998       0.25338975048995532        2.2197305192046715     
  0.48299999999999998       0.25558438869652844        2.1694959926237813     
  0.48399999999999999       0.25772865363712316        2.1189855960181627     
  0.48499999999999999       0.25982227401867070        2.0682084878815257     
  0.48599999999999999       0.26186498772094224        2.0171738551307481     
  0.48699999999999999       0.26385654182419899        1.9658909115598040     
  0.48799999999999999       0.26579669263529510        1.9143688962909842     
  0.48899999999999999       0.26768520571223048        1.8626170722236648     
  0.48999999999999999       0.26952185588715133        1.8106447244808828     
  0.49099999999999999       0.27130642728779603        1.7584611588539751     
  0.49199999999999999       0.27303871335738511        1.7060757002455409     
  0.49299999999999999       0.27471851687295323        1.6534976911109820     
  0.49399999999999999       0.27634564996212224        1.6007364898988823     
  0.49500000000000000       0.27791993411831395        1.5478014694904825     
  0.49600000000000000       0.27944120021440239        1.4947020156385085     
  0.49700000000000000       0.28090928851480418        1.4414475254056114     
  0.49800000000000000       0.28232404868600774        1.3880474056026761     
  0.49900000000000000       0.28368533980554062        1.3345110712272570     
  0.50000000000000000       0.28499303036937534        1.2808479439023965     
  0.50100000000000000       0.28624699829777450        1.2270674503160865     
  0.50200000000000000       0.28744713093957586        1.1731790206616248     
  0.50300000000000000       0.28859332507491803        1.1191920870791274     
  0.50400000000000000       0.28968548691640866        1.0651160820984500     
  0.50500000000000000       0.29072353210873630        1.0109604370837748     
  0.50600000000000001       0.29170738572672755       0.95673458068011841     
  0.50700000000000001       0.29263698227185214       0.90244793726201389     
  0.50800000000000001       0.29351226566717753       0.84810992538462326     
  0.50900000000000001       0.29433318925077634       0.79372995623753106     
  0.51000000000000001       0.29509971576758864       0.73931743210147449     
  0.51100000000000001       0.29581181735974277       0.68488174480825981     
  0.51200000000000001       0.29646947555533765       0.63043227420411863     
  0.51300000000000001       0.29707268125569047       0.57597838661675216     
  0.51400000000000001       0.29762143472105307       0.52152943332631607     
  0.51500000000000001       0.29811574555480169       0.46709474904059212     
  0.51600000000000001       0.29855563268610380       0.41268365037459692     
  0.51700000000000002       0.29894112435106712       0.35830543433487333     
  0.51800000000000002       0.29927225807237517       0.30396937680871161     
  0.51900000000000002       0.29954908063741481       0.24968473105854511     
  0.52000000000000002       0.29977164807490070       0.19546072622176455     
  0.52100000000000002       0.29994002563000233       0.14130656581619427     
  0.52200000000000002       0.30005428773797971        8.7231426251471844E-002
  0.52300000000000002       0.30011451799633332        3.3244455346572117E-002
  0.52400000000000002       0.30012080913547473       -2.0645229146284791E-002
  0.52500000000000002       0.30007326298792453       -7.4428541011103494E-002
  0.52600000000000002       0.29997199045604417      -0.12809642703072421     
  0.52700000000000002       0.29981711147830853      -0.18163986844233890     
  0.52800000000000002       0.29960875499412698      -0.23504988238567809     
  0.52900000000000003       0.29934705890721969      -0.28831752334363614     
  0.53000000000000003       0.29903217004755733      -0.34143388457510271     
  0.53100000000000003       0.29866424413187209      -0.39439009953977111     
  0.53200000000000003       0.29824344572274752      -0.44717734331469455     
  0.53300000000000003       0.29776994818629660      -0.49978683400236368     
  0.53400000000000003       0.29724393364843571      -0.55220983413007996     
  0.53500000000000003       0.29666559294976380      -0.60443765204040123     
  0.53600000000000003       0.29603512559905559      -0.65646164327243728     
  0.53700000000000003       0.29535273972537829      -0.70827321193377535     
  0.53800000000000003       0.29461865202884091      -0.75986381206281661     
  0.53900000000000003       0.29383308772998656      -0.81122494898130670     
  0.54000000000000004       0.29299628051783660      -0.86234818063684593     
  0.54100000000000004       0.29210847249659799      -0.91322511893516500     
  0.54200000000000004       0.29116991413104321      -0.96384743106195570     
  0.54300000000000004       0.29018086419057365       -1.0142068407940465     
  0.54400000000000004       0.28914158969197751       -1.0642951297997161     
  0.54500000000000004       0.28805236584089261       -1.1141041389279387     
  0.54600000000000004       0.28691347597198569       -1.1636257694863581     
  0.54700000000000004       0.28572521148785945       -1.2128519845077890     
  0.54800000000000004       0.28448787179669910       -1.2617748100050457     
  0.54900000000000004       0.28320176424866955       -1.3103863362139014     
  0.55000000000000004       0.28186720407107607       -1.3586787188239828     
  0.55100000000000005       0.28048451430230009       -1.4066441801974054     
  0.55200000000000005       0.27905402572452231       -1.4542750105749622     
  0.55300000000000005       0.27757607679524637       -1.5015635692696736     
  0.55400000000000005       0.27605101357763484       -1.5485022858475137     
  0.55500000000000005       0.27447918966967150       -1.5950836612951296     
  0.55600000000000005       0.27286096613216210       -1.6413002691743699     
  0.55700000000000005       0.27119671141558743       -1.6871447567634454     
  0.55800000000000005       0.26948680128582198       -1.7326098461845434     
  0.55900000000000005       0.26773161874873175       -1.7776883355177202     
  0.56000000000000005       0.26593155397366519       -1.8223730999009029     
  0.56100000000000005       0.26408700421585107       -1.8666570926158261     
  0.56200000000000006       0.26219837373771770       -1.9105333461597402     
  0.56300000000000006       0.26026607372914734       -1.9539949733027249     
  0.56400000000000006       0.25829052222668081       -1.9970351681304443     
  0.56500000000000006       0.25627214403168652       -2.0396472070721865     
  0.56600000000000006       0.25421137062750904       -2.0818244499140297     
  0.56700000000000006       0.25210864009561190       -2.1235603407969772     
  0.56800000000000006       0.24996439703072978       -2.1648484091999163     
  0.56900000000000006       0.24777909245504562       -2.2056822709072446     
  0.57000000000000006       0.24555318373140755       -2.2460556289610203     
  0.57100000000000006       0.24328713447560171       -2.2859622745974950     
  0.57200000000000006       0.24098141446769616       -2.3253960881678828     
  0.57300000000000006       0.23863649956247227       -2.3643510400432306     
  0.57400000000000007       0.23625287159895889       -2.4028211915032553     
  0.57500000000000007       0.23383101830908609       -2.4408006956090107     
  0.57600000000000007       0.23137143322547415       -2.4782837980592571     
  0.57699999999999996       0.22887461558837452       -2.5152648380304061     
  0.57799999999999996       0.22634107025177891       -2.5517382489999161     
  0.57899999999999996       0.22377130758871353       -2.5876985595530169     
  0.57999999999999996       0.22116584339573492       -2.6231403941726432     
  0.58099999999999996       0.21852519879664417       -2.6580584740124649     
  0.58199999999999996       0.21584990014543681       -2.6924476176528978     
  0.58299999999999996       0.21314047892850510       -2.7263027418399859     
  0.58399999999999996       0.21039747166611003       -2.7596188622070517     
  0.58499999999999996       0.20762141981314047       -2.7923910939790031     
  0.58599999999999997       0.20481286965917664       -2.8246146526592044     
  0.58699999999999997       0.20197237222787542       -2.8562848546988082     
  0.58799999999999997       0.19910048317569526       -2.8873971181484537     
  0.58899999999999997       0.19619776268997813       -2.9179469632922403     
  0.58999999999999997       0.19326477538640643       -2.9479300132638899     
  0.59099999999999997       0.19030209020585281       -2.9773419946450068     
  0.59199999999999997       0.18731028031064045       -3.0061787380453571     
  0.59299999999999997       0.18428992298023233       -3.0344361786650857     
  0.59399999999999997       0.18124159950636726       -3.0621103568387955     
  0.59499999999999997       0.17816589508766084       -3.0891974185614122     
  0.59599999999999997       0.17506339872368989       -3.1156936159957693     
  0.59699999999999998       0.17193470310857831       -3.1415953079618424     
  0.59799999999999998       0.16878040452410289       -3.1668989604075679     
  0.59899999999999998       0.16560110273233766       -3.1916011468611893     
  0.59999999999999998       0.16239740086785509       -3.2156985488650682     
  0.60099999999999998       0.15916990532950276       -3.2391879563909098     
  0.60199999999999998       0.15591922567177408       -3.2620662682363464     
  0.60299999999999998       0.15264597449579190       -3.2843304924028360     
  0.60399999999999998       0.14935076733992345       -3.3059777464548259     
  0.60499999999999998       0.14603422257004556       -3.3270052578601415     
  0.60599999999999998       0.14269696126947889       -3.3474103643115622     
  0.60699999999999998       0.13933960712861004       -3.3671905140295459     
  0.60799999999999998       0.13596278633422026       -3.3863432660460724     
  0.60899999999999999       0.13256712745853994       -3.4048662904695743     
  0.60999999999999999       0.12915326134804747       -3.4227573687309314     
  0.61099999999999999       0.12572182101203175       -3.4400143938105026     
  0.61199999999999999       0.12227344151093698       -3.4566353704461781     
  0.61299999999999999       0.11880875984450903       -3.4726184153224340     
  0.61399999999999999       0.11532841483976222       -3.4879617572403778     
  0.61499999999999999       0.11183304703878552       -3.5026637372687714     
  0.61599999999999999       0.10832329858640734       -3.5167228088760263     
  0.61699999999999999       0.10479981311773774       -3.5301375380431690     
  0.61799999999999999       0.10126323564560724       -3.5429066033577739     
  0.61899999999999999        9.7714212447921223E-002  -3.5550287960888647     
  0.62000000000000000        9.4153390954948901E-002  -3.5665030202427950     
  0.62100000000000000        9.0581419636565977E-002  -3.5773282926001113     
  0.62200000000000000        8.6998947889469880E-002  -3.5875037427334169     
  0.62300000000000000        8.3406625924386690E-002  -3.5970286130062443     
  0.62400000000000000        7.9805104653288633E-002  -3.6059022585529634     
  0.62500000000000000        7.6195035576641160E-002  -3.6141241472397381     
  0.62600000000000000        7.2577070670698518E-002  -3.6216938596065646     
  0.62700000000000000        6.8951862274866813E-002  -3.6286110887904131     
  0.62800000000000000        6.5320062979153215E-002  -3.6348756404295073     
  0.62900000000000000        6.1682325511720440E-002  -3.6404874325487753     
  0.63000000000000000        5.8039302626565120E-002  -3.6454464954265080     
  0.63100000000000001        5.4391646991338909E-002  -3.6497529714422674     
  0.63200000000000001        5.0740011075331014E-002  -3.6534071149060892     
  0.63300000000000001        4.7085047037630889E-002  -3.6564092918690210     
  0.63400000000000001        4.3427406615489696E-002  -3.6587599799150543     
  0.63500000000000001        3.9767741012899080E-002  -3.6604597679344968     
  0.63600000000000001        3.6106700789405900E-002  -3.6615093558788421     
  0.63700000000000001        3.2444935749181246E-002  -3.6619095544971989     
  0.63800000000000001        2.8783094830362257E-002  -3.6616612850543389     
  0.63900000000000001        2.5121825994685060E-002  -3.6607655790304285     
  0.64000000000000001        2.1461776117427091E-002  -3.6592235778025159     
  0.64100000000000001        1.7803590877677022E-002  -3.6570365323078398     
  0.64200000000000002        1.4147914648950467E-002  -3.6542058026890367     
  0.64300000000000002        1.0495390390169453E-002  -3.6507328579213265     
  0.64400000000000002        6.8466595370237204E-003  -3.6466192754217497     
  0.64500000000000002        3.2023618937317196E-003  -3.6418667406405469     
  0.64600000000000002       -4.3686447478089334E-004  -3.6364770466347607     
  0.64700000000000002       -4.0703833502674933E-003  -3.6304520936241520     
  0.64800000000000002       -7.6975604680938458E-003  -3.6237938885295229     
  0.64900000000000002       -1.1317763623701023E-002  -3.6165045444935391     
  0.65000000000000002       -1.4930362778580435E-002  -3.6085862803841495     
  0.65100000000000002       -1.8534730165743630E-002  -3.6000414202807054     
  0.65200000000000002       -2.2130240394669584E-002  -3.5908723929428810     
  0.65300000000000002       -2.5716270555712375E-002  -3.5810817312625014     
  0.65400000000000003       -2.9292200323952182E-002  -3.5706720716983873     
  0.65500000000000003       -3.2857412062472668E-002  -3.5596461536943278     
  0.65600000000000003       -3.6411290925047968E-002  -3.5480068190802965     
  0.65700000000000003       -3.9953224958222532E-002  -3.5357570114570263     
  0.65800000000000003       -4.3482605202767317E-002  -3.5228997755640652     
  0.65900000000000003       -4.6998825794495783E-002  -3.5094382566314319     
  0.66000000000000003       -5.0501284064423418E-002  -3.4953756997150016     
  0.66100000000000003       -5.3989380638254564E-002  -3.4807154490157441     
  0.66200000000000003       -5.7462519535180452E-002  -3.4654609471829501     
  0.66300000000000003       -6.0920108265972522E-002  -3.4496157346015726     
  0.66400000000000003       -6.4361557930355195E-002  -3.4331834486638249     
  0.66500000000000004       -6.7786283313642420E-002  -3.4161678230251704     
  0.66600000000000004       -7.1193702982622495E-002  -3.3985726868448447     
  0.66700000000000004       -7.4583239380675695E-002  -3.3804019640110523     
  0.66800000000000004       -7.7954318922109508E-002  -3.3616596723509873     
  0.66900000000000004       -8.1306372085696368E-002  -3.3423499228258220     
  0.67000000000000004       -8.4638833507398939E-002  -3.3224769187108154     
  0.67100000000000004       -8.7951142072268118E-002  -3.3020449547606945     
  0.67200000000000004       -9.1242741005499090E-002  -3.2810584163604641     
  0.67300000000000004       -9.4513077962631017E-002  -3.2595217786618012     
  0.67400000000000004       -9.7761605118875952E-002  -3.2374396057051933     
  0.67500000000000004      -0.10098777925756286       -3.2148165495279879     
  0.67600000000000005      -0.10419106185768266       -3.1916573492585085     
  0.67700000000000005      -0.10737091918052057       -3.1679668301964128     
  0.67800000000000005      -0.11052682235536185       -3.1437499028794544     
  0.67900000000000005      -0.11365824746425780       -3.1190115621368237     
  0.68000000000000005      -0.11676467562583825       -3.0937568861292397     
  0.68100000000000005      -0.11984559307815770       -3.0679910353759663     
  0.68200000000000005      -0.12290049126056199       -3.0417192517689320     
  0.68300000000000005      -0.12592886689456270       -3.0149468575741305     
  0.68400000000000005      -0.12893022206370675       -2.9876792544204860     
  0.68500000000000005      -0.13190406429242849       -2.9599219222763633     
  0.68600000000000005      -0.13484990662387239       -2.9316804184139089     
  0.68700000000000006      -0.13776726769667400       -2.9029603763614125     
  0.68800000000000006      -0.14065567182068725       -2.8737675048438720     
  0.68900000000000006      -0.14351464905164671       -2.8441075867119592     
  0.69000000000000006      -0.14634373526475289       -2.8139864778595731     
  0.69100000000000006      -0.14914247222716961       -2.7834101061301797     
  0.69200000000000006      -0.15191040766942210       -2.7523844702121298     
  0.69300000000000006      -0.15464709535568502       -2.7209156385231581     
  0.69400000000000006      -0.15735209515294968       -2.6890097480842545     
  0.69500000000000006      -0.16002497309905983       -2.6566730033831183     
  0.69600000000000006      -0.16266530146960584       -2.6239116752273897     
  0.69700000000000006      -0.16527265884366704       -2.5907320995878682     
  0.69800000000000006      -0.16784663016839246       -2.5571406764319211     
  0.69900000000000007      -0.17038680682241003       -2.5231438685472876     
  0.70000000000000007      -0.17289278667805486       -2.4887482003564911     
  0.70100000000000007      -0.17536417416240749       -2.4539602567220662     
  0.70200000000000007      -0.17780058031713269       -2.4187866817428141     
  0.70300000000000007      -0.18020162285711025       -2.3832341775412962     
  0.70399999999999996      -0.18256692622784879       -2.3473095030427840     
  0.70499999999999996      -0.18489612166167455       -2.3110194727458766     
  0.70599999999999996      -0.18718884723268661       -2.2743709554850042     
  0.70699999999999996      -0.18944474791047064       -2.2373708731850357     
  0.70799999999999996      -0.19166347561256339       -2.2000261996082062     
  0.70899999999999996      -0.19384468925566048       -2.1623439590935907     
  0.70999999999999996      -0.19598805480555986       -2.1243312252893372     
  0.71099999999999997      -0.19809324532583406       -2.0859951198778859     
  0.71199999999999997      -0.20015994102522428       -2.0473428112943992     
  0.71299999999999997      -0.20218782930374951       -2.0083815134386196     
  0.71399999999999997      -0.20417660479752442       -1.9691184843803884     
  0.71499999999999997      -0.20612596942227965       -1.9295610250590463     
  0.71599999999999997      -0.20803563241557846       -1.8897164779769426     
  0.71699999999999997      -0.20990531037772417       -1.8495922258872839     
  0.71799999999999997      -0.21173472731135265       -1.8091956904765458     
  0.71899999999999997      -0.21352361465970457       -1.7685343310416808     
  0.71999999999999997      -0.21527171134357237       -1.7276156431623493     
  0.72099999999999997      -0.21697876379691716       -1.6864471573684057     
  0.72199999999999998      -0.21864452600115064       -1.6450364378028690     
  0.72299999999999998      -0.22026875951807803       -1.6033910808806109     
  0.72399999999999998      -0.22185123352149749       -1.5615187139429925     
  0.72499999999999998      -0.22339172482745231       -1.5194269939086826     
  0.72599999999999998      -0.22489001792313215       -1.4771236059208896     
  0.72699999999999998      -0.22634590499441970       -1.4346162619912419     
  0.72799999999999998      -0.22775918595207981       -1.3919126996405495     
  0.72899999999999998      -0.22912966845658775       -1.3490206805366813     
  0.72999999999999998      -0.23045716794159404       -1.3059479891297918     
  0.73099999999999998      -0.23174150763602344       -1.2627024312851332     
  0.73199999999999998      -0.23298251858480537       -1.2192918329136855     
  0.73299999999999998      -0.23418003966823420       -1.1757240386008432     
  0.73399999999999999      -0.23533391761995723       -1.1320069102333892     
  0.73499999999999999      -0.23644400704358898       -1.0881483256249953     
  0.73599999999999999      -0.23751017042795017       -1.0441561771404815     
  0.73699999999999999      -0.23853227816093062       -1.0000383703190718     
  0.73799999999999999      -0.23951020854197494      -0.95580282249687987     
  0.73899999999999999      -0.24044384779319042      -0.91145746142886042     
  0.73999999999999999      -0.24133309006907658      -0.86701022391046234     
  0.74099999999999999      -0.24217783746487656      -0.82246905439921725     
  0.74199999999999999      -0.24297800002354999      -0.77784190363649874     
  0.74299999999999999      -0.24373349574136782      -0.73313672726968671     
  0.74399999999999999      -0.24444425057212968      -0.68836148447497147     
  0.74500000000000000      -0.24511019843000442      -0.64352413658103125     
  0.74600000000000000      -0.24573128119099483      -0.59863264569381636     
  0.74700000000000000      -0.24630744869302784      -0.55369497332267403     
  0.74800000000000000      -0.24683865873467167      -0.50871907900804614     
  0.74900000000000000      -0.24732487707248141      -0.46371291895097250     
  0.75000000000000000      -0.24776607741697518      -0.41868444464463134     
  0.75100000000000000      -0.24816224142724302      -0.37364160150814840     
  0.75200000000000000      -0.24851335870419070      -0.32859232752290513     
  0.75300000000000000      -0.24881942678242122      -0.28354455187157657     
  0.75400000000000000      -0.24908045112075691      -0.23850619358012784     
  0.75500000000000000      -0.24929644509140489      -0.19348516016299816     
  0.75600000000000001      -0.24946742996776958      -0.14848934627170055     
  0.75700000000000001      -0.24959343491091560      -0.10352663234706436     
  0.75800000000000001      -0.24967449695468472       -5.8604883275346874E-002
  0.75900000000000001      -0.24971066098947103       -1.3731947048439871E-002
  0.76000000000000001      -0.24970197974465849        3.1084346571604478E-002
  0.76100000000000001      -0.24964851376972513        7.5836187383504366E-002
  0.76200000000000001      -0.24955033141401883       0.12051578607291311     
  0.76300000000000001      -0.24940750880520934       0.16511537553359598     
  0.76400000000000001      -0.24922012982642167       0.20962721218339866     
  0.76500000000000001      -0.24898828609205628       0.25404357727478705     
  0.76600000000000001      -0.24871207692230154       0.29835677819974049     
  0.76700000000000002      -0.24839160931634413       0.34255914978878055     
  0.76800000000000002      -0.24802699792428351       0.38664305560391921     
  0.76900000000000002      -0.24761836501775653       0.43060088922531159     
  0.77000000000000002      -0.24716584045927861       0.47442507553139895     
  0.77100000000000002      -0.24666956167030823       0.51810807197233033     
  0.77200000000000002      -0.24612967359804130       0.56164236983645055     
  0.77300000000000002      -0.24554632868094264       0.60502049550964565     
  0.77400000000000002      -0.24491968681302187       0.64823501172733744     
  0.77500000000000002      -0.24424991530686091       0.69127851881891877     
  0.77600000000000002      -0.24353718885540107       0.73414365594442610     
  0.77700000000000002      -0.24278168949249729       0.77682310232324336     
  0.77800000000000002      -0.24198360655224785       0.81930957845463603     
  0.77900000000000003      -0.24114313662710765       0.86159584732991390     
  0.78000000000000003      -0.24026048352479365       0.90367471563602286     
  0.78100000000000003      -0.23933585822399100       0.94553903495036895     
  0.78200000000000003      -0.23836947882886894       0.98718170292667751     
  0.78300000000000003      -0.23736157052241527        1.0285956644716938     
  0.78400000000000003      -0.23631236551859888        1.0697739129125325     
  0.78500000000000003      -0.23522210301336963        1.1107094911544846     
  0.78600000000000003      -0.23409102913450530        1.1513954928290933     
  0.78700000000000003      -0.23291939689031538        1.1918250634323111     
  0.78800000000000003      -0.23170746611721180        1.2319914014525533     
  0.78900000000000003      -0.23045550342615664        1.2718877594884632     
  0.79000000000000004      -0.22916378214799737        1.3115074453562090     
  0.79100000000000004      -0.22783258227770009        1.3508438231861315     
  0.79200000000000004      -0.22646219041749149        1.3898903145085653     
  0.79300000000000004      -0.22505289971892051        1.4286403993286572     
  0.79400000000000004      -0.22360500982385070        1.4670876171900096     
  0.79500000000000004      -0.22211882680439476        1.5052255682269760     
  0.79600000000000004      -0.22059466310180226        1.5430479142054383     
  0.79700000000000004      -0.21903283746431260        1.5805483795519013     
  0.79800000000000004      -0.21743367488398480        1.6177207523707358     
  0.79900000000000004      -0.21579750653251595        1.6545588854494087     
  0.80000000000000004      -0.21412466969606050        1.6910566972515400     
  0.80100000000000005      -0.21241550770906276        1.7272081728976267     
  0.80200000000000005      -0.21067036988711471        1.7630073651332767     
  0.80300000000000005      -0.20888961145885221        1.7984483952847994     
  0.80400000000000005      -0.20707359349690158        1.8335254542020019     
  0.80500000000000005      -0.20522268284789019        1.8682328031880382     
  0.80600000000000005      -0.20333725206153361        1.9025647749161678     
  0.80700000000000005      -0.20141767931881258        1.9365157743332759     
  0.80800000000000005      -0.19946434835925314        1.9700802795500132     
  0.80900000000000005      -0.19747764840732349        2.0032528427174170     
  0.81000000000000005      -0.19545797409796081        2.0360280908898738     
  0.81100000000000005      -0.19340572540124229        2.0684007268742883     
  0.81200000000000006      -0.19132130754621371        2.1003655300653272     
  0.81300000000000006      -0.18920513094388991        2.1319173572666075     
  0.81400000000000006      -0.18705761110944111        2.1630511434976989     
  0.81500000000000006      -0.18487916858357942        2.1937619027868185     
  0.81600000000000006      -0.18267022885315978        2.2240447289490932     
  0.81700000000000006      -0.18043122227100999        2.2538947963502700     
  0.81800000000000006      -0.17816258397500434        2.2833073606557575     
  0.81900000000000006      -0.17586475380639546        2.3122777595648802     
  0.82000000000000006      -0.17353817622741960        2.3408014135302393     
  0.82100000000000006      -0.17118330023818973        2.3688738264620652     
  0.82200000000000006      -0.16880057929289213        2.3964905864174564     
  0.82300000000000006      -0.16639047121530118        2.4236473662744014     
  0.82400000000000007      -0.16395343811362778        2.4503399243904798     
  0.82500000000000007      -0.16148994629471689        2.4765641052461462     
  0.82600000000000007      -0.15900046617760930        2.5023158400724994     
  0.82700000000000007      -0.15648547220648373        2.5275911474634420     
  0.82800000000000007      -0.15394544276299438        2.5523861339721430     
  0.82900000000000007      -0.15138086007801999        2.5766969946917131     
  0.83000000000000007      -0.14879221014284016        2.6005200138200069     
  0.83100000000000007      -0.14617998261975484        2.6238515652084717     
  0.83200000000000007      -0.14354467075216296        2.6466881128949633     
  0.83299999999999996      -0.14088677127411622        2.6690262116204484     
  0.83399999999999996      -0.13820678431936451        2.6908625073295247     
  0.83499999999999996      -0.13550521332990859        2.7121937376546845     
  0.83599999999999997      -0.13278256496407698        2.7330167323842538     
  0.83699999999999997      -0.13003934900414285        2.7533284139139411     
  0.83799999999999997      -0.12727607826349779        2.7731257976819377     
  0.83899999999999997      -0.12449326849339859        2.7924059925875007     
  0.83999999999999997      -0.12169143828930373        2.8111662013929730     
  0.84099999999999997      -0.11887110899681624        2.8294037211091769     
  0.84199999999999997      -0.11603280461724941        2.8471159433641362     
  0.84299999999999997      -0.11317705171283218        2.8643003547550752     
  0.84399999999999997      -0.11030437931157094        2.8809545371836522     
  0.84499999999999997      -0.10741531881178440        2.8970761681743848     
  0.84599999999999997      -0.10451040388632855        2.9126630211762228     
  0.84699999999999998      -0.10159017038652846        2.9277129658472401     
  0.84799999999999998       -9.8655156245833805E-002   2.9422239683224061     
  0.84899999999999998       -9.5705901383215178E-002   2.9561940914644094     
  0.84999999999999998       -9.2742947606317960E-002   2.9696214950975022     
  0.85099999999999998       -8.9766838514390920E-002   2.9825044362243460     
  0.85199999999999998       -8.6778119401006451E-002   2.9948412692258324     
  0.85299999999999998       -8.3777337156589513E-002   3.0066304460438609     
  0.85399999999999998       -8.0765040170772337E-002   3.0178705163470614     
  0.85499999999999998       -7.7741778234591885E-002   3.0285601276794432     
  0.85599999999999998       -7.4708102442547303E-002   3.0386980255919629     
  0.85699999999999998       -7.1664565094534241E-002   3.0482830537570060     
  0.85799999999999998       -6.8611719597673301E-002   3.0573141540657738     
  0.85899999999999999       -6.5550120368049650E-002   3.0657903667085784     
  0.85999999999999999       -6.2480322732380834E-002   3.0737108302380447     
  0.86099999999999999       -5.9402882829630001E-002   3.0810747816152260     
  0.86199999999999999       -5.6318357512581491E-002   3.0878815562386395     
  0.86299999999999999       -5.3227304249395951E-002   3.0941305879562329     
  0.86399999999999999       -5.0130281025162024E-002   3.0998214090602940     
  0.86499999999999999       -4.7027846243461624E-002   3.1049536502653239     
  0.86599999999999999       -4.3920558627965872E-002   3.1095270406688860     
  0.86699999999999999       -4.0808977124078667E-002   3.1135414076954615     
  0.86799999999999999       -3.7693660800644901E-002   3.1169966770233275     
  0.86899999999999999       -3.4575168751740271E-002   3.1198928724944937     
  0.87000000000000000       -3.1454059998559616E-002   3.1222301160077239     
  0.87100000000000000       -2.8330893391420663E-002   3.1240086273946770     
  0.87200000000000000       -2.5206227511900065E-002   3.1252287242792027     
  0.87300000000000000       -2.2080620575118563E-002   3.1258908219198371     
  0.87400000000000000       -1.8954630332192007E-002   3.1259954330355324     
  0.87500000000000000       -1.5828813972865039E-002   3.1255431676146710     
  0.87600000000000000       -1.2703728028344085E-002   3.1245347327074122     
  0.87700000000000000       -9.5799282743463162E-003   3.1229709322014196     
  0.87800000000000000       -6.4579696343811718E-003   3.1208526665810248     
  0.87900000000000000       -3.3384060832809758E-003   3.1181809326698828     
  0.88000000000000000       -2.2179055099712892E-004   3.1149568233571796     
  0.88100000000000001        2.8913251733217083E-003   3.1111815273074535     
  0.88200000000000001        6.0003905369530900E-003   3.1068563286540929     
  0.88300000000000001        9.1048563189096206E-003   3.1019826066765823     
  0.88400000000000001        1.2204174724916941E-002   3.0965618354615638     
  0.88500000000000001        1.5297799482044707E-002   3.0905955835477870     
  0.88600000000000001        1.8385185932974508E-002   3.0840855135550229     
  0.88700000000000001        2.1465791129888705E-002   3.0770333817970243     
  0.88800000000000001        2.4539073927964276E-002   3.0694410378786086     
  0.88900000000000001        2.7604495078455860E-002   3.0613104242769480     
  0.89000000000000001        3.0661517321352215E-002   3.0526435759071560     
  0.89100000000000001        3.3709605477590457E-002   3.0434426196722568     
  0.89200000000000002        3.6748226540812487E-002   3.0337097739976313     
  0.89300000000000002        3.9776849768648155E-002   3.0234473483500297     
  0.89400000000000002        4.2794946773509750E-002   3.0126577427412542     
  0.89500000000000002        4.5801991612882550E-002   3.0013434472166050     
  0.89600000000000002        4.8797460879096241E-002   2.9895070413281966     
  0.89700000000000002        5.1780833788562138E-002   2.9771511935932433     
  0.89800000000000002        5.4751592270461211E-002   2.9642786609374272     
  0.89900000000000002        5.7709221054868080E-002   2.9508922881234518     
  0.90000000000000002        6.0653207760296174E-002   2.9369950071648998     
  0.90100000000000002        6.3583042980649485E-002   2.9225898367255025     
  0.90200000000000002        6.6498220371566302E-002   2.9076798815039444     
  0.90300000000000002        6.9398236736140623E-002   2.8922683316043143     
  0.90400000000000003        7.2282592110006830E-002   2.8763584618923348     
  0.90500000000000003        7.5150789845773572E-002   2.8599536313374831     
  0.90600000000000003        7.8002336696792782E-002   2.8430572823411375     
  0.90700000000000003        8.0836742900249836E-002   2.8256729400508735     
  0.90800000000000003        8.3653522259561228E-002   2.8078042116610429     
  0.90900000000000003        8.6452192226065941E-002   2.7894547856997680     
  0.91000000000000003        8.9232273979997126E-002   2.7706284313024856     
  0.91100000000000003        9.1993292510720664E-002   2.7513289974721795     
  0.91200000000000003        9.4734776696227305E-002   2.7315604123264410     
  0.91300000000000003        9.7456259381865390E-002   2.7113266823314977     
  0.91400000000000003       0.10015727745830114        2.6906318915233571     
  0.91500000000000004       0.10283737193869368        2.6694802007162091     
  0.91600000000000004       0.10549608803507218        2.6478758466982364     
  0.91700000000000004       0.10813297523390260        2.6258231414149833     
  0.91800000000000004       0.11074758737083155        2.6033264711404351     
  0.91900000000000004       0.11333948270459528        2.5803902956359597     
  0.92000000000000004       0.11590822399008145        2.5570191472972730     
  0.92100000000000004       0.11845337855053215        2.5332176302895819     
  0.92200000000000004       0.12097451834887600        2.5089904196710653     
  0.92300000000000004       0.12347122005817812        2.4843422605048584     
  0.92400000000000004       0.12594306513119632        2.4592779669596982     
  0.92500000000000004       0.12838963986903243        2.4338024213994038     
  0.92600000000000005       0.13081053548886742        2.4079205734613498     
  0.92700000000000005       0.13320534819076976        2.3816374391241109     
  0.92800000000000005       0.13557367922356600        2.3549580997644401     
  0.92900000000000005       0.13791513494976301        2.3278877012037618     
  0.93000000000000005       0.14022932690951165        2.3004314527443461     
  0.93100000000000005       0.14251587188360137        2.2725946261953460     
  0.93200000000000005       0.14477439195547612        2.2443825548888716     
  0.93300000000000005       0.14700451457226107        2.2158006326862822     
  0.93400000000000005       0.14920587260479118        2.1868543129748756     
  0.93500000000000005       0.15137810440663138        2.1575491076551598     
  0.93600000000000005       0.15352085387207973        2.1278905861188853     
  0.93700000000000006       0.15563377049314375        2.0978843742180291     
  0.93800000000000006       0.15771650941548152        2.0675361532249132     
  0.93900000000000006       0.15976873149329843        2.0368516587836454     
  0.94000000000000006       0.16179010334319119        2.0058366798530738     
  0.94100000000000006       0.16378029739693048        1.9744970576414458     
  0.94200000000000006       0.16573899195317443        1.9428386845329582     
  0.94300000000000006       0.16766587122810439        1.9108675030063993     
  0.94400000000000006       0.16956062540497574        1.8785895045460714     
  0.94500000000000006       0.17142295068257563        1.8460107285451912     
  0.94600000000000006       0.17325254932258061        1.8131372612019654     
  0.94700000000000006       0.17504912969580663        1.7799752344085376     
  0.94800000000000006       0.17681240632734457        1.7465308246330071     
  0.94900000000000007       0.17854209994057435        1.7128102517947179     
  0.95000000000000007       0.18023793750005115        1.6788197781330192     
  0.95100000000000007       0.18189965225325710        1.6445657070697002     
  0.95200000000000007       0.18352698377121240        1.6100543820653002     
  0.95300000000000007       0.18511967798793974        1.5752921854694988     
  0.95400000000000007       0.18667748723877625        1.5402855373657915     
  0.95500000000000007       0.18820017029752731        1.5050408944106533     
  0.95600000000000007       0.18968749241245689        1.4695647486673986     
  0.95700000000000007       0.19113922534110928        1.4338636264349449     
  0.95800000000000007       0.19255514738395688        1.3979440870716853     
  0.95900000000000007       0.19393504341686976        1.3618127218146803     
  0.95999999999999996       0.19527870492240199        1.3254761525943768     
  0.96099999999999997       0.19658593001989058        1.2889410308450635     
  0.96199999999999997       0.19785652349436292        1.2522140363112746     
  0.96299999999999997       0.19909029682424850        1.2153018758503500     
  0.96399999999999997       0.20028706820789163        1.1782112822313646     
  0.96499999999999997       0.20144666258886104        1.1409490129306379     
  0.96599999999999997       0.20256891168005361        1.1035218489240362     
  0.96699999999999997       0.20365365398658877        1.0659365934762790     
  0.96799999999999997       0.20470073482749088        1.0282000709274637     
  0.96899999999999997       0.20571000635615672       0.99031912547701950     
  0.96999999999999997       0.20668132757960586       0.95230061996530679     
  0.97099999999999997       0.20761456437651143       0.91415143465307247     
  0.97199999999999998       0.20850958951400950       0.87587846599897723     
  0.97299999999999998       0.20936628266328489       0.83748862543540792     
  0.97399999999999998       0.21018453041393226       0.79898883814278876     
  0.97499999999999998       0.21096422628709077       0.76038604182260616     
  0.97599999999999998       0.21170527074735113       0.72168718546936095     
  0.97699999999999998       0.21240757121343418       0.68289922814166248     
  0.97799999999999998       0.21307104206764038       0.64402913773267845     
  0.97899999999999998       0.21369560466406934       0.60508388974015492     
  0.97999999999999998       0.21428118733560922       0.56607046603622069     
  0.98099999999999998       0.21482772539969616       0.52699585363718937     
  0.98199999999999998       0.21533516116284326       0.48786704347357368     
  0.98299999999999998       0.21580344392394010       0.44869102916052472     
  0.98399999999999999       0.21623252997632275       0.40947480576891021     
  0.98499999999999999       0.21662238260861538       0.37022536859724414     
  0.98599999999999999       0.21697297210434430       0.33094971194468115     
  0.98699999999999999       0.21728427574032566       0.29165482788528729     
  0.98799999999999999       0.21755627778382802       0.25234770504379994     
  0.98899999999999999       0.21778896948851165       0.21303532737308759     
  0.98999999999999999       0.21798234908914613       0.17372467293352123     
  0.99099999999999999       0.21813642179510842       0.13442271267446765     
  0.99199999999999999       0.21825119978266355        9.5136409218114726E-002
  0.99299999999999999       0.21832670218603045        5.5872715645838206E-002
  0.99399999999999999       0.21836295508723533        1.6638574287318852E-002
  0.99500000000000000       0.21835999150475585       -2.2559084487381760E-002
  0.99600000000000000       0.21831785138095883       -6.1713343472579285E-002
  0.99700000000000000       0.21823658156833484      -0.10081729982835158     
  0.99800000000000000       0.21811623581453324      -0.13986406627834455     
  0.99900000000000000       0.21795687474620129      -0.17884677230379348     
   1.0000000000000000       0.21775856585163114      -0.21775856533355537     
