   0.0000000000000000        1.0000000000000000        0.0000000000000000     
   1.0000000000000000E-003  0.99999947433507463       -7.8849743992311257E-004
   2.0000000000000000E-003  0.99999822588130427       -1.5392723787655319E-003
   3.0000000000000001E-003  0.99999624226929407       -2.3246638985045297E-003
   4.0000000000000001E-003  0.99999348540231681       -3.1147076610678055E-003
   5.0000000000000001E-003  0.99998994624001136       -3.9055674810932741E-003
   6.0000000000000001E-003  0.99998562145289027       -4.6964186424649189E-003
   7.0000000000000001E-003  0.99998050955472484       -5.4870639345369707E-003
   8.0000000000000002E-003  0.99997460980498742       -6.2774708599203366E-003
   9.0000000000000011E-003  0.99996792180951555       -7.0676532257519424E-003
   1.0000000000000000E-002  0.99996044535097539       -7.8576361475286866E-003
   1.0999999999999999E-002  0.99995218030874511       -8.6474451243900366E-003
   1.2000000000000000E-002  0.99994312661793827       -9.4371028211906755E-003
   1.3000000000000001E-002  0.99993328424713379       -1.0226628437029544E-002
   1.4000000000000000E-002  0.99992265318568063       -1.1016037922856405E-002
   1.4999999999999999E-002  0.99991123343617927       -1.1805344433304880E-002
   1.6000000000000000E-002  0.99989902500989003       -1.2594558796039429E-002
   1.7000000000000001E-002  0.99988602792385894       -1.3383689928637319E-002
   1.8000000000000002E-002  0.99987224219908244       -1.4172745187415228E-002
   1.9000000000000000E-002  0.99985766785931907       -1.4961730651857286E-002
   2.0000000000000000E-002  0.99984230493031023       -1.5750651354024037E-002
   2.1000000000000001E-002  0.99982615343926717       -1.6539511462962547E-002
   2.1999999999999999E-002  0.99980921341453233       -1.7328314433041794E-002
   2.3000000000000000E-002  0.99979148488535652       -1.8117063123616092E-002
   2.4000000000000000E-002  0.99977296788175440       -1.8905759895958944E-002
   2.5000000000000001E-002  0.99975366243441310       -1.9694406692163616E-002
   2.6000000000000002E-002  0.99973356857463624       -2.0483005099696458E-002
   2.7000000000000000E-002  0.99971268633431332       -2.1271556404490785E-002
   2.8000000000000001E-002  0.99969101574590513       -2.2060061634845911E-002
   2.9000000000000001E-002  0.99966855684244094       -2.2848521597911953E-002
   2.9999999999999999E-002  0.99964530965752285       -2.3636936910165881E-002
   3.1000000000000000E-002  0.99962127422533564       -2.4425308022992833E-002
   3.2000000000000001E-002  0.99959645058065894       -2.5213635244260058E-002
   3.3000000000000002E-002  0.99957083875888220       -2.6001918756593582E-002
   3.4000000000000002E-002  0.99954443879601984       -2.6790158632928818E-002
   3.5000000000000003E-002  0.99951725072872710       -2.7578354849796715E-002
   3.6000000000000004E-002  0.99948927459431602       -2.8366507298720436E-002
   3.6999999999999998E-002  0.99946051043077044       -2.9154615796028519E-002
   3.7999999999999999E-002  0.99943095827676132       -2.9942680091335334E-002
   3.9000000000000000E-002  0.99940061817166070       -3.0730699874895455E-002
   4.0000000000000001E-002  0.99936949015555521       -3.1518674784002748E-002
   4.1000000000000002E-002  0.99933757426925907       -3.2306604408576113E-002
   4.2000000000000003E-002  0.99930487055432615       -3.3094488296050190E-002
   4.3000000000000003E-002  0.99927137905306107       -3.3882325955670103E-002
   4.3999999999999997E-002  0.99923709980853004       -3.4670116862273517E-002
   4.4999999999999998E-002  0.99920203286457066       -3.5457860459630230E-002
   4.5999999999999999E-002  0.99916617826580145       -3.6245556163398696E-002
   4.7000000000000000E-002  0.99912953605763033       -3.7033203363749996E-002
   4.8000000000000001E-002  0.99909210628626288       -3.7820801427702222E-002
   4.9000000000000002E-002  0.99905388899870984       -3.8608349701202090E-002
   5.0000000000000003E-002  0.99901488424279428       -3.9395847510985217E-002
   5.1000000000000004E-002  0.99897509206715807       -4.0183294166242195E-002
   5.2000000000000005E-002  0.99893451252126819       -4.0970688960113834E-002
   5.2999999999999999E-002  0.99889314565542242       -4.1758031171035742E-002
   5.3999999999999999E-002  0.99885099152075474       -4.2545320063949732E-002
   5.5000000000000000E-002  0.99880805016924035       -4.3332554891397333E-002
   5.6000000000000001E-002  0.99876432165370044       -4.4119734894508607E-002
   5.7000000000000002E-002  0.99871980602780641       -4.4906859303897845E-002
   5.8000000000000003E-002  0.99867450334608421       -4.5693927340476288E-002
   5.9000000000000004E-002  0.99862841366391808       -4.6480938216190780E-002
   5.9999999999999998E-002  0.99858153703755415       -4.7267891134696115E-002
   6.0999999999999999E-002  0.99853387352410383       -4.8054785291967994E-002
   6.2000000000000000E-002  0.99848542318154687       -4.8841619876862662E-002
   6.3000000000000000E-002  0.99843618606873463       -4.9628394071628577E-002
   6.4000000000000001E-002  0.99838616224539256       -5.0415107052374925E-002
   6.5000000000000002E-002  0.99833535177212285       -5.1201757989501114E-002
   6.6000000000000003E-002  0.99828375471040709       -5.1988346048091112E-002
   6.7000000000000004E-002  0.99823137112260840       -5.2774870388275892E-002
   6.8000000000000005E-002  0.99817820107197364       -5.3561330165567023E-002
   6.9000000000000006E-002  0.99812424462263549       -5.4347724531164050E-002
   7.0000000000000007E-002  0.99806950183961429       -5.5134052632238084E-002
   7.1000000000000008E-002  0.99801397278881987       -5.5920313612193698E-002
   7.2000000000000008E-002  0.99795765753705323       -5.6706506610911096E-002
   7.2999999999999995E-002  0.99790055615200834       -5.7492630764970291E-002
   7.3999999999999996E-002  0.99784266870227334       -5.8278685207858810E-002
   7.4999999999999997E-002  0.99778399525733219       -5.9064669070164361E-002
   7.5999999999999998E-002  0.99772453588756582       -5.9850581479753737E-002
   7.6999999999999999E-002  0.99766429066425366       -6.0636421561939081E-002
   7.8000000000000000E-002  0.99760325965957453       -6.1422188439632583E-002
   7.9000000000000001E-002  0.99754144294660785       -6.2207881233490532E-002
   8.0000000000000002E-002  0.99747884059933489       -6.2993499062047556E-002
   8.1000000000000003E-002  0.99741545269263965       -6.3779041041841913E-002
   8.2000000000000003E-002  0.99735127930230960       -6.4564506287532394E-002
   8.3000000000000004E-002  0.99728632050503696       -6.5349893912007684E-002
   8.4000000000000005E-002  0.99722057637841921       -6.6135203026488537E-002
   8.5000000000000006E-002  0.99715404700096000       -6.6920432740623495E-002
   8.6000000000000007E-002  0.99708673245207002       -6.7705582162578548E-002
   8.7000000000000008E-002  0.99701863281206760       -6.8490650399121181E-002
   8.7999999999999995E-002  0.99694974816217918       -6.9275636555699280E-002
   8.8999999999999996E-002  0.99688007858454042       -7.0060539736515187E-002
   8.9999999999999997E-002  0.99680962416219632       -7.0845359044595324E-002
   9.0999999999999998E-002  0.99673838497910205       -7.1630093581855639E-002
   9.1999999999999998E-002  0.99666636112012352       -7.2414742449163266E-002
   9.2999999999999999E-002  0.99659355267103755       -7.3199304746394522E-002
   9.4000000000000000E-002  0.99651995971853258       -7.3983779572489625E-002
   9.5000000000000001E-002  0.99644558235020930       -7.4768166025504290E-002
   9.6000000000000002E-002  0.99637042065458059       -7.5552463202658390E-002
   9.7000000000000003E-002  0.99629447472107246       -7.6336670200381984E-002
   9.8000000000000004E-002  0.99621774464002399       -7.7120786114358728E-002
   9.9000000000000005E-002  0.99614023050268785       -7.7904810039567007E-002
  0.10000000000000001       0.99606193240123064       -7.8688741070318813E-002
  0.10100000000000001       0.99598285042873314       -7.9472578300296595E-002
  0.10200000000000001       0.99590298467919069       -8.0256320822588129E-002
  0.10300000000000001       0.99582233524751329       -8.1039967729719595E-002
  0.10400000000000001       0.99574090222952616       -8.1823518113686974E-002
  0.10500000000000000       0.99565868572196958       -8.2606971065985857E-002
  0.10600000000000000       0.99557568582249945       -8.3390325677639696E-002
  0.10700000000000000       0.99549190262968723       -8.4173581039226730E-002
  0.10800000000000000       0.99540733624302036       -8.4956736240905550E-002
  0.10900000000000000       0.99532198676290229       -8.5739790372439437E-002
  0.11000000000000000       0.99523585429065275       -8.6522742523219523E-002
  0.11100000000000000       0.99514893892850775       -8.7305591782286834E-002
  0.11200000000000000       0.99506124077961988       -8.8088337238353367E-002
  0.11300000000000000       0.99497275994805823       -8.8870977979822088E-002
  0.11400000000000000       0.99488349653880892       -8.9653513094806139E-002
  0.11500000000000000       0.99479345065777458       -9.0435941671147060E-002
  0.11600000000000001       0.99470262241177509       -9.1218262796432248E-002
  0.11700000000000001       0.99461101190854728       -9.2000475558011649E-002
  0.11800000000000001       0.99451861925674501       -9.2782579043013721E-002
  0.11900000000000001       0.99442544456593940       -9.3564572338360644E-002
  0.12000000000000000       0.99433148794661885       -9.4346454530782997E-002
  0.12100000000000000       0.99423674951018892       -9.5128224706833686E-002
  0.12200000000000000       0.99414122936897265       -9.5909881952901399E-002
  0.12300000000000000       0.99404492763621033       -9.6691425355223432E-002
  0.12400000000000000       0.99394784442605966       -9.7472853999898051E-002
  0.12500000000000000       0.99384997985359580       -9.8254166972896295E-002
  0.12600000000000000       0.99375133403481142       -9.9035363360073347E-002
  0.12700000000000000       0.99365190708661633       -9.9816442247179477E-002
  0.12800000000000000       0.99355169912683805      -0.10059740271987051     
  0.12900000000000000       0.99345071027422138      -0.10137824386371795     
  0.13000000000000000       0.99334894064842860      -0.10215896476421864     
  0.13100000000000001       0.99324639037003926      -0.10293956450680415     
  0.13200000000000001       0.99314305956055038      -0.10372004217684981     
  0.13300000000000001       0.99303894834237627      -0.10450039685968331     
  0.13400000000000001       0.99293405683884850      -0.10528062764059311     
  0.13500000000000001       0.99282838517421590      -0.10606073360483653     
  0.13600000000000001       0.99272193347364446      -0.10684071383764750     
  0.13700000000000001       0.99261470186321743      -0.10762056742424408     
  0.13800000000000001       0.99250669046993512      -0.10840029344983577     
  0.13900000000000001       0.99239789942171475      -0.10917989099963045     
  0.14000000000000001       0.99228832884739060      -0.10995935915884122     
  0.14100000000000001       0.99217797887671388      -0.11073869701269297     
  0.14200000000000002       0.99206684964035263      -0.11151790364642869     
  0.14300000000000002       0.99195494126989148      -0.11229697814531567     
  0.14400000000000002       0.99184225389783187      -0.11307591959465141     
  0.14499999999999999       0.99172878765759165      -0.11385472707976944     
  0.14599999999999999       0.99161454268350535      -0.11463339968604491     
  0.14699999999999999       0.99149951911082379      -0.11541193649890000     
  0.14799999999999999       0.99138371707571404      -0.11619033660380920     
  0.14899999999999999       0.99126713671525934      -0.11696859908630446     
  0.14999999999999999       0.99114977816745919      -0.11774672303198008     
  0.15100000000000000       0.99103164157122881      -0.11852470752649767     
  0.15200000000000000       0.99091272706639943      -0.11930255165559073     
  0.15300000000000000       0.99079303479371805      -0.12008025450506928     
  0.15400000000000000       0.99067256489484712      -0.12085781516082429     
  0.15500000000000000       0.99055131751236480      -0.12163523270883203     
  0.15600000000000000       0.99042929278976455      -0.12241250623515826     
  0.15700000000000000       0.99030649087145517      -0.12318963482596235     
  0.15800000000000000       0.99018291190276042      -0.12396661756750128     
  0.15900000000000000       0.99005855602991910      -0.12474345354613357     
  0.16000000000000000       0.98993342340008483      -0.12552014184832305     
  0.16100000000000000       0.98980751416132617      -0.12629668156064264     
  0.16200000000000001       0.98968082846262595      -0.12707307176977789     
  0.16300000000000001       0.98955336645388170      -0.12784931156253065     
  0.16400000000000001       0.98942512828590501      -0.12862540002582243     
  0.16500000000000001       0.98929611411042173      -0.12940133624669783     
  0.16600000000000001       0.98916632408007166      -0.13017711931232792     
  0.16700000000000001       0.98903575834840840      -0.13095274831001333     
  0.16800000000000001       0.98890441706989929      -0.13172822232718762     
  0.16900000000000001       0.98877230039992514      -0.13250354045142021     
  0.17000000000000001       0.98863940849478005      -0.13327870177041956     
  0.17100000000000001       0.98850574151167148      -0.13405370537203609     
  0.17200000000000001       0.98837129960871972      -0.13482855034426514     
  0.17300000000000001       0.98823608294495802      -0.13560323577524977     
  0.17400000000000002       0.98810009168033219      -0.13637776075328367     
  0.17500000000000002       0.98796332597570080      -0.13715212436681390     
  0.17599999999999999       0.98782578599283455      -0.13792632570444355     
  0.17699999999999999       0.98768747189441630      -0.13870036385493445     
  0.17799999999999999       0.98754838384404098      -0.13947423790720981     
  0.17899999999999999       0.98740852200621532      -0.14024794695035672     
  0.17999999999999999       0.98726788654635755      -0.14102149007362877     
  0.18099999999999999       0.98712647763079753      -0.14179486636644845     
  0.18200000000000000       0.98698429542677613      -0.14256807491840970     
  0.18300000000000000       0.98684134010244540      -0.14334111481928022     
  0.18400000000000000       0.98669761182686821      -0.14411398515900389     
  0.18500000000000000       0.98655311077001817      -0.14488668502770310     
  0.18600000000000000       0.98640783710277935      -0.14565921351568109     
  0.18700000000000000       0.98626179099694600      -0.14643156971342416     
  0.18800000000000000       0.98611497262522252      -0.14720375271160391     
  0.18900000000000000       0.98596738216122326      -0.14797576160107948     
  0.19000000000000000       0.98581901977947206      -0.14874759547289970     
  0.19100000000000000       0.98566988565540248      -0.14951925341830524     
  0.19200000000000000       0.98551997996535712      -0.15029073452873074     
  0.19300000000000000       0.98536930288658775      -0.15106203789580683     
  0.19400000000000001       0.98521785459725497      -0.15183316261136232     
  0.19500000000000001       0.98506563527642810      -0.15260410776742611     
  0.19600000000000001       0.98491264510408472      -0.15337487245622933     
  0.19700000000000001       0.98475888426111080      -0.15414545577020716     
  0.19800000000000001       0.98460435292930015      -0.15491585680200098     
  0.19900000000000001       0.98444905129135452      -0.15568607464446019     
  0.20000000000000001       0.98429297953088302      -0.15645610839064417     
  0.20100000000000001       0.98413613783240228      -0.15722595713382417     
  0.20200000000000001       0.98397852638133587      -0.15799561996748526     
  0.20300000000000001       0.98382014536401452      -0.15876509598532806     
  0.20400000000000001       0.98366099496767534      -0.15953438428127070     
  0.20500000000000002       0.98350107538046194      -0.16030348394945057     
  0.20600000000000002       0.98334038679142433      -0.16107239408422622     
  0.20700000000000002       0.98317892939051821      -0.16184111378017901     
  0.20800000000000002       0.98301670336860525      -0.16260964213211504     
  0.20899999999999999       0.98285370891745261      -0.16337797823506678     
  0.20999999999999999       0.98268994622973260      -0.16414612118429484     
  0.21099999999999999       0.98252541549902261      -0.16491407007528977     
  0.21199999999999999       0.98236011691980485      -0.16568182400377371     
  0.21299999999999999       0.98219405068746612      -0.16644938206570206     
  0.21400000000000000       0.98202721699829754      -0.16721674335726525     
  0.21500000000000000       0.98185961604949423      -0.16798390697489030     
  0.21600000000000000       0.98169124803915520      -0.16875087201524255     
  0.21700000000000000       0.98152211316628302      -0.16951763757522734     
  0.21800000000000000       0.98135221163078357      -0.17028420275199155     
  0.21900000000000000       0.98118154363346588      -0.17105056664292526     
  0.22000000000000000       0.98101010937604183      -0.17181672834566339     
  0.22100000000000000       0.98083790906112578      -0.17258268695808726     
  0.22200000000000000       0.98066494289223460      -0.17334844157832616     
  0.22300000000000000       0.98049121107378701      -0.17411399130475896     
  0.22400000000000000       0.98031671381110363      -0.17487933523601573     
  0.22500000000000001       0.98014145131040675      -0.17564447247097917     
  0.22600000000000001       0.97996542377881990      -0.17640940210878622     
  0.22700000000000001       0.97978863142436756      -0.17717412324882961     
  0.22800000000000001       0.97961107445597506      -0.17793863499075940     
  0.22900000000000001       0.97943275308346833      -0.17870293643448446     
  0.23000000000000001       0.97925366751757348      -0.17946702668017397     
  0.23100000000000001       0.97907381796991655      -0.18023090482825901     
  0.23200000000000001       0.97889320465302343      -0.18099456997943392     
  0.23300000000000001       0.97871182778031929      -0.18175802123465790     
  0.23400000000000001       0.97852968756612868      -0.18252125769515640     
  0.23500000000000001       0.97834678422567489      -0.18328427846242268     
  0.23600000000000002       0.97816311797507993      -0.18404708263821920     
  0.23700000000000002       0.97797868903136409      -0.18480966932457912     
  0.23800000000000002       0.97779349761244594      -0.18557203762380772     
  0.23900000000000002       0.97760754393714155      -0.18633418663848386     
  0.23999999999999999       0.97742082822516485      -0.18709611547146138     
  0.24099999999999999       0.97723335069712680      -0.18785782322587058     
  0.24199999999999999       0.97704511157453533      -0.18861930900511964     
  0.24299999999999999       0.97685611107979520      -0.18938057191289598     
  0.24399999999999999       0.97666634943620745      -0.19014161105316774     
  0.24500000000000000       0.97647582686796930      -0.19090242553018510     
  0.24600000000000000       0.97628454360017380      -0.19166301444848180     
  0.24700000000000000       0.97609249985880953      -0.19242337691287639     
  0.24800000000000000       0.97589969587076031      -0.19318351202847375     
  0.24900000000000000       0.97570613186380484      -0.19394341890066641     
  0.25000000000000000       0.97551180806661664      -0.19470309663513591     
  0.25100000000000000       0.97531672470876352      -0.19546254433785418     
  0.25200000000000000       0.97512088202070746      -0.19622176111508496     
  0.25300000000000000       0.97492428023380417      -0.19698074607338512     
  0.25400000000000000       0.97472691958030278      -0.19773949831960599     
  0.25500000000000000       0.97452880029334565      -0.19849801696089484     
  0.25600000000000001       0.97432992260696816      -0.19925630110469600     
  0.25700000000000001       0.97413028675609825      -0.20001434985875244     
  0.25800000000000001       0.97392989297655597      -0.20077216233110701     
  0.25900000000000001       0.97372874150505351      -0.20152973763010373     
  0.26000000000000001       0.97352683257919470      -0.20228707486438921     
  0.26100000000000001       0.97332416643747477      -0.20304417314291393     
  0.26200000000000001       0.97312074331928000      -0.20380103157493357     
  0.26300000000000001       0.97291656346488753      -0.20455764927001036     
  0.26400000000000001       0.97271162711546477      -0.20531402533801435     
  0.26500000000000001       0.97250593451306944      -0.20607015888912475     
  0.26600000000000001       0.97229948590064885      -0.20682604903383123     
  0.26700000000000002       0.97209228152204008      -0.20758169488293526     
  0.26800000000000002       0.97188432162196936      -0.20833709554755139     
  0.26900000000000002       0.97167560644605167      -0.20909225013910851     
  0.27000000000000002       0.97146613624079070      -0.20984715776935120     
  0.27100000000000002       0.97125591125357835      -0.21060181755034099     
  0.27200000000000002       0.97104493173269435      -0.21135622859445771     
  0.27300000000000002       0.97083319792730616      -0.21211039001440071     
  0.27400000000000002       0.97062071008746853      -0.21286430092319017     
  0.27500000000000002       0.97040746846412307      -0.21361796043416836     
  0.27600000000000002       0.97019347330909800      -0.21437136766100098     
  0.27700000000000002       0.96997872487510806      -0.21512452171767835     
  0.27800000000000002       0.96976322341575372      -0.21587742171851673     
  0.27900000000000003       0.96954696918552130      -0.21663006677815963     
  0.28000000000000003       0.96932996243978231      -0.21738245601157899     
  0.28100000000000003       0.96911220343479343      -0.21813458853407650     
  0.28200000000000003       0.96889369242769574      -0.21888646346128485     
  0.28300000000000003       0.96867442967651485      -0.21963807990916898     
  0.28400000000000003       0.96845441544016031      -0.22038943699402735     
  0.28500000000000003       0.96823364997842531      -0.22114053383249324     
  0.28600000000000003       0.96801213355198634      -0.22189136954153590     
  0.28700000000000003       0.96778986642240294      -0.22264194323846184     
  0.28800000000000003       0.96756684885211730      -0.22339225404091614     
  0.28899999999999998       0.96734308110445377      -0.22414230106688363     
  0.28999999999999998       0.96711856344361880      -0.22489208343469014     
  0.29099999999999998       0.96689329613470043      -0.22564160026300378     
  0.29199999999999998       0.96666727944366793      -0.22639085067083611     
  0.29299999999999998       0.96644051363737149      -0.22713983377754346     
  0.29399999999999998       0.96621299898354185      -0.22788854870282807     
  0.29499999999999998       0.96598473575079014      -0.22863699456673944     
  0.29599999999999999       0.96575572420860722      -0.22938517048967544     
  0.29699999999999999       0.96552596462736362      -0.23013307559238363     
  0.29799999999999999       0.96529545727830890      -0.23088070899596244     
  0.29899999999999999       0.96506420243357149      -0.23162806982186240     
  0.29999999999999999       0.96483220036615835      -0.23237515719188739     
  0.30099999999999999       0.96459945134995451      -0.23312197022819584     
  0.30199999999999999       0.96436595565972272      -0.23386850805330189     
  0.30299999999999999       0.96413171357110328      -0.23461476979007675     
  0.30399999999999999       0.96389672536061333      -0.23536075456174979     
  0.30499999999999999       0.96366099130564686      -0.23610646149190981     
  0.30599999999999999       0.96342451168447418      -0.23685188970450624     
  0.30700000000000000       0.96318728677624144      -0.23759703832385037     
  0.30800000000000000       0.96294931686097052      -0.23834190647461651     
  0.30900000000000000       0.96271060221955840      -0.23908649328184320     
  0.31000000000000000       0.96247114313377702      -0.23983079787093453     
  0.31100000000000000       0.96223093988627273      -0.24057481936766117     
  0.31200000000000000       0.96198999276056607      -0.24131855689816173     
  0.31300000000000000       0.96174830204105144      -0.24206200958894386     
  0.31400000000000000       0.96150586801299653      -0.24280517656688547     
  0.31500000000000000       0.96126269096254202      -0.24354805695923593     
  0.31600000000000000       0.96101877117670120      -0.24429064989361732     
  0.31700000000000000       0.96077410894335979      -0.24503295449802556     
  0.31800000000000000       0.96052870455127526      -0.24577496990083161     
  0.31900000000000001       0.96028255829007669      -0.24651669523078268     
  0.32000000000000001       0.96003567045026428      -0.24725812961700344     
  0.32100000000000001       0.95978804132320894      -0.24799927218899717     
  0.32200000000000001       0.95953967120115202      -0.24874012207664695     
  0.32300000000000001       0.95929056037720495      -0.24948067841021687     
  0.32400000000000001       0.95904070914534856      -0.25022094032035325     
  0.32500000000000001       0.95879011780043299      -0.25096090693808570     
  0.32600000000000001       0.95853878663817738      -0.25170057739482843     
  0.32700000000000001       0.95828671595516923      -0.25243995082238141     
  0.32800000000000001       0.95803390604886407      -0.25317902635293144     
  0.32900000000000001       0.95778035721758514      -0.25391780311905349     
  0.33000000000000002       0.95752606976052301      -0.25465628025371179     
  0.33100000000000002       0.95727104397773521      -0.25539445689026097     
  0.33200000000000002       0.95701528017014559      -0.25613233216244735     
  0.33300000000000002       0.95675877863954439      -0.25686990520441000     
  0.33400000000000002       0.95650153968858742      -0.25760717515068193     
  0.33500000000000002       0.95624356362079588      -0.25834414113619136     
  0.33600000000000002       0.95598485074055572      -0.25908080229626274     
  0.33700000000000002       0.95572540135311779      -0.25981715776661807     
  0.33800000000000002       0.95546521576459675      -0.26055320668337795     
  0.33900000000000002       0.95520429428197118      -0.26128894818306281     
  0.34000000000000002       0.95494263721308292      -0.26202438140259410     
  0.34100000000000003       0.95468024486663683      -0.26275950547929527     
  0.34200000000000003       0.95441711755220016      -0.26349431955089325     
  0.34300000000000003       0.95415325558020248      -0.26422882275551934     
  0.34400000000000003       0.95388865926193489      -0.26496301423171048     
  0.34500000000000003       0.95362332890954993      -0.26569689311841038     
  0.34600000000000003       0.95335726483606109      -0.26643045855497072     
  0.34700000000000003       0.95309046735534220      -0.26716370968115227     
  0.34800000000000003       0.95282293678212726      -0.26789664563712612     
  0.34900000000000003       0.95255467343200995      -0.26862926556347472     
  0.35000000000000003       0.95228567762144334      -0.26936156860119309     
  0.35100000000000003       0.95201594966773906      -0.27009355389168993     
  0.35199999999999998       0.95174548988906749      -0.27082522057678893     
  0.35299999999999998       0.95147429860445676      -0.27155656779872972     
  0.35399999999999998       0.95120237613379288      -0.27228759470016917     
  0.35499999999999998       0.95092972279781873      -0.27301830042418240     
  0.35599999999999998       0.95065633891813428      -0.27374868411426406     
  0.35699999999999998       0.95038222481719559      -0.27447874491432939     
  0.35799999999999998       0.95010738081831470      -0.27520848196871545     
  0.35899999999999999       0.94983180724565930      -0.27593789442218214     
  0.35999999999999999       0.94955550442425196      -0.27666698141991353     
  0.36099999999999999       0.94927847267997001      -0.27739574210751877     
  0.36199999999999999       0.94900071233954497      -0.27812417563103342     
  0.36299999999999999       0.94872222373056225      -0.27885228113692045     
  0.36399999999999999       0.94844300718146046      -0.27958005777207157     
  0.36499999999999999       0.94816306302153130      -0.28030750468380822     
  0.36599999999999999       0.94788239158091880      -0.28103462101988269     
  0.36699999999999999       0.94760099319061930      -0.28176140592847931     
  0.36799999999999999       0.94731886818248057      -0.28248785855821568     
  0.36899999999999999       0.94703601688920180      -0.28321397805814363     
  0.37000000000000000       0.94675243964433276      -0.28393976357775047     
  0.37100000000000000       0.94646813678227359      -0.28466521426696006     
  0.37200000000000000       0.94618310863827448      -0.28539032927613400     
  0.37300000000000000       0.94589735554843490      -0.28611510775607274     
  0.37400000000000000       0.94561087784970332      -0.28683954885801666     
  0.37500000000000000       0.94532367587987709      -0.28756365173364729     
  0.37600000000000000       0.94503574997760131      -0.28828741553508841     
  0.37700000000000000       0.94474710048236910      -0.28901083941490713     
  0.37800000000000000       0.94445772773452052      -0.28973392252611507     
  0.37900000000000000       0.94416763207524268      -0.29045666402216946     
  0.38000000000000000       0.94387681384656907      -0.29117906305697433     
  0.38100000000000001       0.94358527339137888      -0.29190111878488145     
  0.38200000000000001       0.94329301105339691      -0.29262283036069164     
  0.38300000000000001       0.94300002717719289      -0.29334419693965591     
  0.38400000000000001       0.94270632210818117      -0.29406521767747640     
  0.38500000000000001       0.94241189619262022      -0.29478589173030767     
  0.38600000000000001       0.94211674977761206      -0.29550621825475770     
  0.38700000000000001       0.94182088321110202      -0.29622619640788911     
  0.38800000000000001       0.94152429684187822      -0.29694582534722025     
  0.38900000000000001       0.94122699101957086      -0.29766510423072629     
  0.39000000000000001       0.94092896609465215      -0.29838403221684034     
  0.39100000000000001       0.94063022241843564      -0.29910260846445458     
  0.39200000000000002       0.94033076034307583      -0.29982083213292132     
  0.39300000000000002       0.94003058022156749      -0.30053870238205421     
  0.39400000000000002       0.93972968240774568      -0.30125621837212935     
  0.39500000000000002       0.93942806725628469      -0.30197337926388629     
  0.39600000000000002       0.93912573512269792      -0.30269018421852928     
  0.39700000000000002       0.93882268636333754      -0.30340663239772825     
  0.39800000000000002       0.93851892133539372      -0.30412272296361997     
  0.39900000000000002       0.93821444039689439      -0.30483845507880925     
  0.40000000000000002       0.93790924390670449      -0.30555382790636987     
  0.40100000000000002       0.93760333222452585      -0.30626884060984583     
  0.40200000000000002       0.93729670571089641      -0.30698349235325245     
  0.40300000000000002       0.93698936472719008      -0.30769778230107742     
  0.40400000000000003       0.93668130963561591      -0.30841170961828190     
  0.40500000000000003       0.93637254079921783      -0.30912527347030166     
  0.40600000000000003       0.93606305858187411      -0.30983847302304818     
  0.40700000000000003       0.93575286334829699      -0.31055130744290971     
  0.40800000000000003       0.93544195546403197      -0.31126377589675247     
  0.40900000000000003       0.93513033529545764      -0.31197587755192158     
  0.41000000000000003       0.93481800320978481      -0.31268761157624236     
  0.41100000000000003       0.93450495957505653      -0.31339897713802128     
  0.41200000000000003       0.93419120476014705      -0.31410997340604713     
  0.41300000000000003       0.93387673913476188      -0.31482059954959207     
  0.41400000000000003       0.93356156306943683      -0.31553085473841286     
  0.41500000000000004       0.93324567693553784      -0.31624073814275172     
  0.41600000000000004       0.93292908110526040      -0.31695024893333762     
  0.41699999999999998       0.93261177595162903      -0.31765938628138723     
  0.41799999999999998       0.93229376184849677      -0.31836814935860624     
  0.41899999999999998       0.93197503917054481      -0.31907653733719021     
  0.41999999999999998       0.93165560829328187      -0.31978454938982576     
  0.42099999999999999       0.93133546959304381      -0.32049218468969171     
  0.42199999999999999       0.93101462344699304      -0.32119944241046000     
  0.42299999999999999       0.93069307023311809      -0.32190632172629702     
  0.42399999999999999       0.93037081033023317      -0.32261282181186457     
  0.42499999999999999       0.93004784411797747      -0.32331894184232085     
  0.42599999999999999       0.92972417197681489      -0.32402468099332171     
  0.42699999999999999       0.92939979428803343      -0.32473003844102172     
  0.42799999999999999       0.92907471143374476      -0.32543501336207509     
  0.42899999999999999       0.92874892379688367      -0.32613960493363697     
  0.42999999999999999       0.92842243176120742      -0.32684381233336446     
  0.43099999999999999       0.92809523571129549      -0.32754763473941756     
  0.43200000000000000       0.92776733603254902      -0.32825107133046050     
  0.43300000000000000       0.92743873311119018      -0.32895412128566254     
  0.43400000000000000       0.92710942733426172      -0.32965678378469926     
  0.43500000000000000       0.92677941908962658      -0.33035905800775361     
  0.43600000000000000       0.92644870876596730      -0.33106094313551693     
  0.43700000000000000       0.92611729675278531      -0.33176243834918995     
  0.43800000000000000       0.92578518344040073      -0.33246354283048407     
  0.43900000000000000       0.92545236921995178      -0.33316425576162234     
  0.44000000000000000       0.92511885448339415      -0.33386457632534050     
  0.44100000000000000       0.92478463962350055      -0.33456450370488805     
  0.44200000000000000       0.92444972503386025      -0.33526403708402935     
  0.44300000000000000       0.92411411110887853      -0.33596317564704475     
  0.44400000000000001       0.92377779824377604      -0.33666191857873162     
  0.44500000000000001       0.92344078683458852      -0.33736026506440531     
  0.44600000000000001       0.92310307727816621      -0.33805821428990041     
  0.44700000000000001       0.92276466997217299      -0.33875576544157171     
  0.44800000000000001       0.92242556531508646      -0.33945291770629532     
  0.44900000000000001       0.92208576370619699      -0.34014967027146958     
  0.45000000000000001       0.92174526554560721      -0.34084602232501643     
  0.45100000000000001       0.92140407123423174      -0.34154197305538220     
  0.45200000000000001       0.92106218117379646      -0.34223752165153876     
  0.45300000000000001       0.92071959576683793      -0.34293266730298466     
  0.45400000000000001       0.92037631541670306      -0.34362740919974610     
  0.45500000000000002       0.92003234052754856      -0.34432174653237807     
  0.45600000000000002       0.91968767150434017      -0.34501567849196529     
  0.45700000000000002       0.91934230875285239      -0.34570920427012342     
  0.45800000000000002       0.91899625267966789      -0.34640232305900004     
  0.45900000000000002       0.91864950369217691      -0.34709503405127573     
  0.46000000000000002       0.91830206219857680      -0.34778733644016507     
  0.46100000000000002       0.91795392860787128      -0.34847922941941778     
  0.46200000000000002       0.91760510332987022      -0.34917071218331980     
  0.46300000000000002       0.91725558677518904      -0.34986178392669420     
  0.46400000000000002       0.91690537935524785      -0.35055244384490242     
  0.46500000000000002       0.91655448148227137      -0.35124269113384515     
  0.46600000000000003       0.91620289356928797      -0.35193252498996352     
  0.46700000000000003       0.91585061603012941      -0.35262194461024010     
  0.46800000000000003       0.91549764927943034      -0.35331094919219996     
  0.46900000000000003       0.91514399373262734      -0.35399953793391170     
  0.47000000000000003       0.91478964980595900      -0.35468771003398852     
  0.47100000000000003       0.91443461791646474      -0.35537546469158926     
  0.47200000000000003       0.91407889848198487      -0.35606280110641941     
  0.47300000000000003       0.91372249192115940      -0.35674971847873232     
  0.47400000000000003       0.91336539865342803      -0.35743621600933007     
  0.47500000000000003       0.91300761909902939      -0.35812229289956454     
  0.47600000000000003       0.91264915367900057      -0.35880794835133861     
  0.47700000000000004       0.91229000281517625      -0.35949318156710697     
  0.47800000000000004       0.91193016693018858      -0.36017799174987730     
  0.47900000000000004       0.91156964644746652      -0.36086237810321137     
  0.47999999999999998       0.91120844179123495      -0.36154633983122597     
  0.48099999999999998       0.91084655338651455      -0.36222987613859403     
  0.48199999999999998       0.91048398165912103      -0.36291298623054552     
  0.48299999999999998       0.91012072703566460      -0.36359566931286869     
  0.48399999999999999       0.90975678994354947      -0.36427792459191100     
  0.48499999999999999       0.90939217081097312      -0.36495975127458014     
  0.48599999999999999       0.90902687006692595      -0.36564114856834512     
  0.48699999999999999       0.90866088814119050      -0.36632211568123735     
  0.48799999999999999       0.90829422546434124      -0.36700265182185149     
  0.48899999999999999       0.90792688246774356      -0.36768275619934665     
  0.48999999999999999       0.90755885958355353      -0.36836242802344743     
  0.49099999999999999       0.90719015724471719      -0.36904166650444492     
  0.49199999999999999       0.90682077588497001      -0.36972047085319765     
  0.49299999999999999       0.90645071593883642      -0.37039884028113268     
  0.49399999999999999       0.90607997784162897      -0.37107677400024669     
  0.49500000000000000       0.90570856202944816      -0.37175427122310700     
  0.49600000000000000       0.90533646893918152      -0.37243133116285249     
  0.49700000000000000       0.90496369900850315      -0.37310795303319472     
  0.49800000000000000       0.90459025267587323      -0.37378413604841898     
  0.49900000000000000       0.90421613038053739      -0.37445987942338521     
  0.50000000000000000       0.90384133256252608      -0.37513518237352916     
  0.50100000000000000       0.90346585966265403      -0.37581004411486330     
  0.50200000000000000       0.90308971212251965      -0.37648446386397788     
  0.50300000000000000       0.90271289038450464      -0.37715844083804201     
  0.50400000000000000       0.90233539489177306      -0.37783197425480464     
  0.50500000000000000       0.90195722608827111      -0.37850506333259548     
  0.50600000000000001       0.90157838441872618      -0.37917770729032629     
  0.50700000000000001       0.90119887032864665      -0.37984990534749158     
  0.50800000000000001       0.90081868426432110      -0.38052165672416988     
  0.50900000000000001       0.90043782667281780      -0.38119296064102459     
  0.51000000000000001       0.90005629800198383      -0.38186381631930510     
  0.51100000000000001       0.89967409870044501      -0.38253422298084777     
  0.51200000000000001       0.89929122921760485      -0.38320417984807692     
  0.51300000000000001       0.89890769000364434      -0.38387368614400597     
  0.51400000000000001       0.89852348150952099      -0.38454274109223824     
  0.51500000000000001       0.89813860418696856      -0.38521134391696821     
  0.51600000000000001       0.89775305848849618      -0.38587949384298226     
  0.51700000000000002       0.89736684486738805      -0.38654719009565991     
  0.51800000000000002       0.89697996377770273      -0.38721443190097476     
  0.51900000000000002       0.89659241567427239      -0.38788121848549550     
  0.52000000000000002       0.89620420101270237      -0.38854754907638683     
  0.52100000000000002       0.89581532024937061      -0.38921342290141059     
  0.52200000000000002       0.89542577384142696      -0.38987883918892674     
  0.52300000000000002       0.89503556224679270      -0.39054379716789434     
  0.52400000000000002       0.89464468592415980      -0.39120829606787255     
  0.52500000000000002       0.89425314533299027      -0.39187233511902164     
  0.52600000000000002       0.89386094093351587      -0.39253591355210404     
  0.52700000000000002       0.89346807318673716      -0.39319903059848532     
  0.52800000000000002       0.89307454255442320      -0.39386168549013517     
  0.52900000000000003       0.89268034949911068      -0.39452387745962836     
  0.53000000000000003       0.89228549448410333      -0.39518560574014583     
  0.53100000000000003       0.89188997797347158      -0.39584686956547566     
  0.53200000000000003       0.89149380043205162      -0.39650766817001404     
  0.53300000000000003       0.89109696232544511      -0.39716800078876630     
  0.53400000000000003       0.89069946412001832      -0.39782786665734793     
  0.53500000000000003       0.89030130628290172      -0.39848726501198550     
  0.53600000000000003       0.88990248928198901      -0.39914619508951771     
  0.53700000000000003       0.88950301358593697      -0.39980465612739641     
  0.53800000000000003       0.88910287966416457      -0.40046264736368747     
  0.53900000000000003       0.88870208798685235      -0.40112016803707190     
  0.54000000000000004       0.88830063902494205      -0.40177721738684685     
  0.54100000000000004       0.88789853325013557      -0.40243379465292650     
  0.54200000000000004       0.88749577113489475      -0.40308989907584314     
  0.54300000000000004       0.88709235315244062      -0.40374552989674806     
  0.54400000000000004       0.88668827977675269      -0.40440068635741266     
  0.54500000000000004       0.88628355148256832      -0.40505536770022932     
  0.54600000000000004       0.88587816874538239      -0.40570957316821255     
  0.54700000000000004       0.88547213204144626      -0.40636330200499976     
  0.54800000000000004       0.88506544184776748      -0.40701655345485238     
  0.54900000000000004       0.88465809864210898      -0.40766932676265688     
  0.55000000000000004       0.88425010290298856      -0.40832162117392562     
  0.55100000000000005       0.88384145510967804      -0.40897343593479790     
  0.55200000000000005       0.88343215574220302      -0.40962477029204103     
  0.55300000000000005       0.88302220528134179      -0.41027562349305119     
  0.55400000000000005       0.88261160420862517      -0.41092599478585440     
  0.55500000000000005       0.88220035300633548      -0.41157588341910756     
  0.55600000000000005       0.88178845215750612      -0.41222528864209945     
  0.55700000000000005       0.88137590214592088      -0.41287420970475169     
  0.55800000000000005       0.88096270345611338      -0.41352264585761961     
  0.55900000000000005       0.88054885657336635      -0.41417059635189335     
  0.56000000000000005       0.88013436198371098      -0.41481806043939884     
  0.56100000000000005       0.87971922017392645      -0.41546503737259866     
  0.56200000000000006       0.87930343163153901      -0.41611152640459315     
  0.56300000000000006       0.87888699684482152      -0.41675752678912120     
  0.56400000000000006       0.87846991630279281      -0.41740303778056148     
  0.56500000000000006       0.87805219049521710      -0.41804805863393318     
  0.56600000000000006       0.87763381991260325      -0.41869258860489705     
  0.56700000000000006       0.87721480504620397      -0.41933662694975637     
  0.56800000000000006       0.87679514638801559      -0.41998017292545803     
  0.56900000000000006       0.87637484443077707      -0.42062322578959327     
  0.57000000000000006       0.87595389966796955      -0.42126578480039883     
  0.57100000000000006       0.87553231259381548      -0.42190784921675789     
  0.57200000000000006       0.87511008370327814      -0.42254941829820086     
  0.57300000000000006       0.87468721349206102      -0.42319049130490666     
  0.57400000000000007       0.87426370245660712      -0.42383106749770333     
  0.57500000000000007       0.87383955109409817      -0.42447114613806930     
  0.57600000000000007       0.87341475990245432      -0.42511072648813414     
  0.57699999999999996       0.87298932938033302      -0.42574980781067956     
  0.57799999999999996       0.87256326002712892      -0.42638838936914047     
  0.57899999999999996       0.87213655234297260      -0.42702647042760583     
  0.57999999999999996       0.87170920682873043      -0.42766405025081961     
  0.58099999999999996       0.87128122398600361      -0.42830112810418181     
  0.58199999999999996       0.87085260431712774      -0.42893770325374941     
  0.58299999999999996       0.87042334832517199      -0.42957377496623722     
  0.58399999999999996       0.86999345651393845      -0.43020934250901899     
  0.58499999999999996       0.86956292938796143      -0.43084440515012823     
  0.58599999999999997       0.86913176745250709      -0.43147896215825920     
  0.58699999999999997       0.86869997121357245      -0.43211301280276787     
  0.58799999999999997       0.86826754117788485      -0.43274655635367287     
  0.58899999999999997       0.86783447785290135      -0.43337959208165650     
  0.58999999999999997       0.86740078174680790      -0.43401211925806549     
  0.59099999999999997       0.86696645336851896      -0.43464413715491212     
  0.59199999999999997       0.86653149322767642      -0.43527564504487515     
  0.59299999999999997       0.86609590183464924      -0.43590664220130071     
  0.59399999999999997       0.86565967970053281      -0.43653712789820326     
  0.59499999999999997       0.86522282733714806      -0.43716710141026649     
  0.59599999999999997       0.86478534525704098      -0.43779656201284434     
  0.59699999999999998       0.86434723397348179      -0.43842550898196186     
  0.59799999999999998       0.86390849400046454      -0.43905394159431627     
  0.59899999999999998       0.86346912585270597      -0.43968185912727781     
  0.59999999999999998       0.86302913004564541      -0.44030926085889061     
  0.60099999999999998       0.86258850709544366      -0.44093614606787374     
  0.60199999999999998       0.86214725751898236      -0.44156251403362218     
  0.60299999999999998       0.86170538183386369      -0.44218836403620759     
  0.60399999999999998       0.86126288055840927      -0.44281369535637943     
  0.60499999999999998       0.86081975421165957      -0.44343850727556572     
  0.60599999999999998       0.86037600331337349      -0.44406279907587409     
  0.60699999999999998       0.85993162838402726      -0.44468657004009265     
  0.60799999999999998       0.85948662994481417      -0.44530981945169101     
  0.60899999999999999       0.85904100851764364      -0.44593254659482107     
  0.60999999999999999       0.85859476462514062      -0.44655475075431805     
  0.61099999999999999       0.85814789879064490      -0.44717643121570144     
  0.61199999999999999       0.85770041153821031      -0.44779758726517582     
  0.61299999999999999       0.85725230339260428      -0.44841821818963185     
  0.61399999999999999       0.85680357487930692      -0.44903832327664717     
  0.61499999999999999       0.85635422652451043      -0.44965790181448739     
  0.61599999999999999       0.85590425885511845      -0.45027695309210691     
  0.61699999999999999       0.85545367239874537      -0.45089547639914990     
  0.61799999999999999       0.85500246768371546      -0.45151347102595124     
  0.61899999999999999       0.85455064523906243      -0.45213093626353740     
  0.62000000000000000       0.85409820559452854      -0.45274787140362738     
  0.62100000000000000       0.85364514928056401      -0.45336427573863358     
  0.62200000000000000       0.85319147682832630      -0.45398014856166274     
  0.62300000000000000       0.85273718876967952      -0.45459548916651699     
  0.62400000000000000       0.85228228563719344      -0.45521029684769454     
  0.62500000000000000       0.85182676796414325      -0.45582457090039069     
  0.62600000000000000       0.85137063628450838      -0.45643831062049883     
  0.62700000000000000       0.85091389113297211      -0.45705151530461124     
  0.62800000000000000       0.85045653304492075      -0.45766418425001998     
  0.62900000000000000       0.84999856255644302      -0.45827631675471792     
  0.63000000000000000       0.84953998020432930      -0.45888791211739960     
  0.63100000000000001       0.84908078652607089      -0.45949896963746206     
  0.63200000000000001       0.84862098205985936      -0.46010948861500583     
  0.63300000000000001       0.84816056734458578      -0.46071946835083577     
  0.63400000000000001       0.84769954291984018      -0.46132890814646210     
  0.63500000000000001       0.84723790932591070      -0.46193780730410122     
  0.63600000000000001       0.84677566710378283      -0.46254616512667657     
  0.63700000000000001       0.84631281679513892      -0.46315398091781956     
  0.63800000000000001       0.84584935894235713      -0.46376125398187051     
  0.63900000000000001       0.84538529408851115      -0.46436798362387960     
  0.64000000000000001       0.84492062277736923      -0.46497416914960754     
  0.64100000000000001       0.84445534555339341      -0.46557980986552683     
  0.64200000000000002       0.84398946296173905      -0.46618490507882226     
  0.64300000000000002       0.84352297554825373      -0.46678945409739209     
  0.64400000000000002       0.84305588385947705      -0.46739345622984890     
  0.64500000000000002       0.84258818844263950      -0.46799691078552036     
  0.64600000000000002       0.84211988984566188      -0.46859981707445020     
  0.64700000000000002       0.84165098861715459      -0.46920217440739914     
  0.64800000000000002       0.84118148530641701      -0.46980398209584573     
  0.64900000000000002       0.84071138046343663      -0.47040523945198726     
  0.65000000000000002       0.84024067463888841      -0.47100594578874067     
  0.65100000000000002       0.83976936838413396      -0.47160610041974332     
  0.65200000000000002       0.83929746225122104      -0.47220570265935408     
  0.65300000000000002       0.83882495679288249      -0.47280475182265402     
  0.65400000000000003       0.83835185256253586      -0.47340324722544747     
  0.65500000000000003       0.83787815011428257      -0.47400118818426273     
  0.65600000000000003       0.83740385000290707      -0.47459857401635308     
  0.65700000000000003       0.83692895278387613      -0.47519540403969757     
  0.65800000000000003       0.83645345901333834      -0.47579167757300200     
  0.65900000000000003       0.83597736924812316      -0.47638739393569979     
  0.66000000000000003       0.83550068404574018      -0.47698255244795273     
  0.66100000000000003       0.83502340396437857      -0.47757715243065196     
  0.66200000000000003       0.83454552956290629      -0.47817119320541890     
  0.66300000000000003       0.83406706140086917      -0.47876467409460599     
  0.66400000000000003       0.83358800003849043      -0.47935759442129772     
  0.66500000000000004       0.83310834603666983      -0.47994995350931136     
  0.66600000000000004       0.83262809995698284      -0.48054175068319782     
  0.66700000000000004       0.83214726236168013      -0.48113298526824277     
  0.66800000000000004       0.83166583381368675      -0.48172365659046723     
  0.66900000000000004       0.83118381487660131      -0.48231376397662851     
  0.67000000000000004       0.83070120611469533      -0.48290330675422122     
  0.67100000000000004       0.83021800809291235      -0.48349228425147794     
  0.67200000000000004       0.82973422137686748      -0.48408069579737023     
  0.67300000000000004       0.82924984653284639      -0.48466854072160942     
  0.67400000000000004       0.82876488412780469      -0.48525581835464754     
  0.67500000000000004       0.82827933472936721      -0.48584252802767813     
  0.67600000000000005       0.82779319890582714      -0.48642866907263710     
  0.67700000000000005       0.82730647722614536      -0.48701424082220357     
  0.67800000000000005       0.82681917025994989      -0.48759924260980086     
  0.67900000000000005       0.82633127857753474      -0.48818367376959720     
  0.68000000000000005       0.82584280274985955      -0.48876753363650666     
  0.68100000000000005       0.82535374334854850      -0.48935082154618997     
  0.68200000000000005       0.82486410094588991      -0.48993353683505547     
  0.68300000000000005       0.82437387611483515      -0.49051567884025987     
  0.68400000000000005       0.82388306942899825      -0.49109724689970913     
  0.68500000000000005       0.82339168146265485      -0.49167824035205926     
  0.68600000000000005       0.82289971279074159      -0.49225865853671730     
  0.68700000000000006       0.82240716398885527      -0.49283850079384212     
  0.68800000000000006       0.82191403563325227      -0.49341776646434515     
  0.68900000000000006       0.82142032830084755      -0.49399645488989147     
  0.69000000000000006       0.82092604256921420      -0.49457456541290035     
  0.69100000000000006       0.82043117901658236      -0.49515209737654642     
  0.69200000000000006       0.81993573822183874      -0.49572905012476026     
  0.69300000000000006       0.81943972076452565      -0.49630542300222941     
  0.69400000000000006       0.81894312722484042      -0.49688121535439911     
  0.69500000000000006       0.81844595818363441      -0.49745642652747318     
  0.69600000000000006       0.81794821422241260      -0.49803105586841495     
  0.69700000000000006       0.81744989592333250      -0.49860510272494790     
  0.69800000000000006       0.81695100386920361      -0.49917856644555669     
  0.69900000000000007       0.81645153864348641      -0.49975144637948787     
  0.70000000000000007       0.81595150083029200      -0.50032374187675088     
  0.70100000000000007       0.81545089101438084      -0.50089545228811871     
  0.70200000000000007       0.81494970978116232      -0.50146657696512875     
  0.70300000000000007       0.81444795771669409      -0.50203711526008377     
  0.70399999999999996       0.81394563540768083      -0.50260706652605269     
  0.70499999999999996       0.81344274344147394      -0.50317643011687130     
  0.70599999999999996       0.81293928240607061      -0.50374520538714318     
  0.70699999999999996       0.81243525289011298      -0.50431339169224065     
  0.70799999999999996       0.81193065548288756      -0.50488098838830531     
  0.70899999999999996       0.81142549077432413      -0.50544799483224911     
  0.70999999999999996       0.81091975935499527      -0.50601441038175521     
  0.71099999999999997       0.81041346181611562      -0.50658023439527855     
  0.71199999999999997       0.80990659874954085      -0.50714546623204693     
  0.71299999999999997       0.80939917074776691      -0.50771010525206173     
  0.71399999999999997       0.80889117840392966      -0.50827415081609861     
  0.71499999999999997       0.80838262231180358      -0.50883760228570851     
  0.71599999999999997       0.80787350306580119      -0.50940045902321851     
  0.71699999999999997       0.80736382126097250      -0.50996272039173252     
  0.71799999999999997       0.80685357749300390      -0.51052438575513204     
  0.71899999999999997       0.80634277235821739      -0.51108545447807707     
  0.71999999999999997       0.80583140645357021      -0.51164592592600711     
  0.72099999999999997       0.80531948037665357      -0.51220579946514166     
  0.72199999999999998       0.80480699472569206      -0.51276507446248110     
  0.72299999999999998       0.80429395009954296      -0.51332375028580779     
  0.72399999999999998       0.80378034709769541      -0.51388182630368640     
  0.72499999999999998       0.80326618632026958      -0.51443930188546527     
  0.72599999999999998       0.80275146836801581      -0.51499617640127671     
  0.72699999999999998       0.80223619384231393      -0.51555244922203813     
  0.72799999999999998       0.80172036334517260      -0.51610811971945270     
  0.72899999999999998       0.80120397747922822      -0.51666318726601024     
  0.72999999999999998       0.80068703684774445      -0.51721765123498809     
  0.73099999999999998       0.80016954205461122      -0.51777151100045160     
  0.73199999999999998       0.79965149370434396      -0.51832476593725541     
  0.73299999999999998       0.79913289240208296      -0.51887741542104382     
  0.73399999999999999       0.79861373875359232      -0.51942945882825176     
  0.73499999999999999       0.79809403336525941      -0.51998089553610571     
  0.73599999999999999       0.79757377684409403      -0.52053172492262445     
  0.73699999999999999       0.79705296979772755      -0.52108194636661953     
  0.73799999999999999       0.79653161283441198      -0.52163155924769655     
  0.73899999999999999       0.79600970656301950      -0.52218056294625570     
  0.73999999999999999       0.79548725159304146      -0.52272895684349252     
  0.74099999999999999       0.79496424853458747      -0.52327674032139881     
  0.74199999999999999       0.79444069799838501      -0.52382391276276341     
  0.74299999999999999       0.79391660059577818      -0.52437047355117294     
  0.74399999999999999       0.79339195693872722      -0.52491642207101252     
  0.74500000000000000       0.79286676763980746      -0.52546175770746684     
  0.74600000000000000       0.79234103331220873      -0.52600647984652060     
  0.74700000000000000       0.79181475456973449      -0.52655058787495956     
  0.74800000000000000       0.79128793202680103      -0.52709408118037127     
  0.74900000000000000       0.79076056629843650      -0.52763695915114561     
  0.75000000000000000       0.79023265800028042      -0.52817922117647587     
  0.75100000000000000       0.78970420774858274      -0.52872086664635953     
  0.75200000000000000       0.78917521616020292      -0.52926189495159881     
  0.75300000000000000       0.78864568385260914      -0.52980230548380158     
  0.75400000000000000       0.78811561144387776      -0.53034209763538231     
  0.75500000000000000       0.78758499955269223      -0.53088127079956249     
  0.75600000000000001       0.78705384879834239      -0.53141982437037172     
  0.75700000000000001       0.78652215980072360      -0.53195775774264842     
  0.75800000000000001       0.78598993318033605      -0.53249507031204046     
  0.75900000000000001       0.78545716955828382      -0.53303176147500597     
  0.76000000000000001       0.78492386955627425      -0.53356783062881430     
  0.76100000000000001       0.78439003379661676      -0.53410327717154649     
  0.76200000000000001       0.78385566290222253      -0.53463810050209648     
  0.76300000000000001       0.78332075749660335      -0.53517230002017135     
  0.76400000000000001       0.78278531820387098      -0.53570587512629253     
  0.76500000000000001       0.78224934564873605      -0.53623882522179622     
  0.76600000000000001       0.78171284045650768      -0.53677114970883444     
  0.76700000000000002       0.78117580325309233      -0.53730284799037564     
  0.76800000000000002       0.78063823466499294      -0.53783391947020565     
  0.76900000000000002       0.78010013531930855      -0.53836436355292794     
  0.77000000000000002       0.77956150584373296      -0.53889417964396513     
  0.77100000000000002       0.77902234686655425      -0.53942336714955907     
  0.77200000000000002       0.77848265901665381      -0.53995192547677207     
  0.77300000000000002       0.77794244292350556      -0.54047985403348742     
  0.77400000000000002       0.77740169921717506      -0.54100715222841012     
  0.77500000000000002       0.77686042852831894      -0.54153381947106771     
  0.77600000000000002       0.77631863148818381      -0.54205985517181121     
  0.77700000000000002       0.77577630872860537      -0.54258525874181551     
  0.77800000000000002       0.77523346088200795      -0.54311002959308041     
  0.77900000000000003       0.77469008858140331      -0.54363416713843127     
  0.78000000000000003       0.77414619246039018      -0.54415767079151967     
  0.78100000000000003       0.77360177315315293      -0.54468053996682431     
  0.78200000000000003       0.77305683129446134      -0.54520277407965168     
  0.78300000000000003       0.77251136751966920      -0.54572437254613682     
  0.78400000000000003       0.77196538246471402      -0.54624533478324411     
  0.78500000000000003       0.77141887676611565      -0.54676566020876793     
  0.78600000000000003       0.77087185106097600      -0.54728534824133346     
  0.78700000000000003       0.77032430598697776      -0.54780439830039740     
  0.78800000000000003       0.76977624218238383      -0.54832280980624870     
  0.78900000000000003       0.76922766028603629      -0.54884058218000942     
  0.79000000000000004       0.76867856093735587      -0.54935771484363527     
  0.79100000000000004       0.76812894477634086      -0.54987420721991642     
  0.79200000000000004       0.76757881244356629      -0.55039005873247837     
  0.79300000000000004       0.76702816458018319      -0.55090526880578250     
  0.79400000000000004       0.76647700182791767      -0.55141983686512686     
  0.79500000000000004       0.76592532482907016      -0.55193376233664693     
  0.79600000000000004       0.76537313422651454      -0.55244704464731653     
  0.79700000000000004       0.76482043066369731      -0.55295968322494815     
  0.79800000000000004       0.76426721478463677      -0.55347167749819393     
  0.79900000000000004       0.76371348723392207      -0.55398302689654644     
  0.80000000000000004       0.76315924865671247      -0.55449373085033915     
  0.80100000000000005       0.76260449969873645      -0.55500378879074763     
  0.80200000000000005       0.76204924100629101      -0.55551320014978967     
  0.80300000000000005       0.76149347322624061      -0.55602196436032647     
  0.80400000000000005       0.76093719700601647      -0.55653008085606326     
  0.80500000000000005       0.76038041299361558      -0.55703754907154979     
  0.80600000000000005       0.75982312183760015      -0.55754436844218125     
  0.80700000000000005       0.75926532418709647      -0.55805053840419916     
  0.80800000000000005       0.75870702069179419      -0.55855605839469158     
  0.80900000000000005       0.75814821200194538      -0.55906092785159434     
  0.81000000000000005       0.75758889876836377      -0.55956514621369158     
  0.81100000000000005       0.75702908164242400      -0.56006871292061633     
  0.81200000000000006       0.75646876127606055      -0.56057162741285138     
  0.81300000000000006       0.75590793832176695      -0.56107388913172984     
  0.81400000000000006       0.75534661343259513      -0.56157549751943614     
  0.81500000000000006       0.75478478726215426      -0.56207645201900636     
  0.81600000000000006       0.75422246046461006      -0.56257675207432933     
  0.81700000000000006       0.75365963369468403      -0.56307639713014701     
  0.81800000000000006       0.75309630760765256      -0.56357538663205531     
  0.81900000000000006       0.75253248285934582      -0.56407372002650480     
  0.82000000000000006       0.75196816010614720      -0.56457139676080148     
  0.82100000000000006       0.75140334000499232      -0.56506841628310744     
  0.82200000000000006       0.75083802321336834      -0.56556477804244165     
  0.82300000000000006       0.75027221038931280      -0.56606048148868027     
  0.82400000000000007       0.74970590219141309      -0.56655552607255788     
  0.82500000000000007       0.74913909927880540      -0.56704991124566784     
  0.82600000000000007       0.74857180231117371      -0.56754363646046313     
  0.82700000000000007       0.74800401194874944      -0.56803670117025695     
  0.82800000000000007       0.74743572885231002      -0.56852910482922348     
  0.82900000000000007       0.74686695368317835      -0.56902084689239851     
  0.83000000000000007       0.74629768710322186      -0.56951192681568030     
  0.83100000000000007       0.74572792977485181      -0.57000234405583006     
  0.83200000000000007       0.74515768236102198      -0.57049209807047274     
  0.83299999999999996       0.74458694552522831      -0.57098118831809774     
  0.83399999999999996       0.74401571993150761      -0.57146961425805953     
  0.83499999999999996       0.74344400624443718      -0.57195737535057833     
  0.83599999999999997       0.74287180512913353      -0.57244447105674101     
  0.83699999999999997       0.74229911725125164      -0.57293090083850140     
  0.83799999999999997       0.74172594327698405      -0.57341666415868120     
  0.83899999999999997       0.74115228387306020      -0.57390176048097075     
  0.83999999999999997       0.74057813970674524      -0.57438618926992957     
  0.84099999999999997       0.74000351144583953      -0.57486994999098695     
  0.84199999999999997       0.73942839975867736      -0.57535304211044291     
  0.84299999999999997       0.73885280531412634      -0.57583546509546857     
  0.84399999999999997       0.73827672878158657      -0.57631721841410699     
  0.84499999999999997       0.73770017083098949      -0.57679830153527389     
  0.84599999999999997       0.73712313213279745      -0.57727871392875818     
  0.84699999999999998       0.73654561335800239      -0.57775845506522261     
  0.84799999999999998       0.73596761517812515      -0.57823752441620480     
  0.84899999999999998       0.73538913826521457      -0.57871592145411743     
  0.84999999999999998       0.73481018329184689      -0.57919364565224918     
  0.85099999999999998       0.73423075093112433      -0.57967069648476532     
  0.85199999999999998       0.73365084185667462      -0.58014707342670846     
  0.85299999999999998       0.73307045674265003      -0.58062277595399914     
  0.85399999999999998       0.73248959626372645      -0.58109780354343643     
  0.85499999999999998       0.73190826109510254      -0.58157215567269860     
  0.85599999999999998       0.73132645191249890      -0.58204583182034408     
  0.85699999999999998       0.73074416939215703      -0.58251883146581174     
  0.85799999999999998       0.73016141421083858      -0.58299115408942159     
  0.85899999999999999       0.72957818704582444      -0.58346279917237576     
  0.85999999999999999       0.72899448857491389      -0.58393376619675885     
  0.86099999999999999       0.72841031947642376      -0.58440405464553857     
  0.86199999999999999       0.72782568042918727      -0.58487366400256668     
  0.86299999999999999       0.72724057211255344      -0.58534259375257924     
  0.86399999999999999       0.72665499520638621      -0.58581084338119771     
  0.86499999999999999       0.72606895039106334      -0.58627841237492928     
  0.86599999999999999       0.72548243834747572      -0.58674530022116744     
  0.86699999999999999       0.72489545975702629      -0.58721150640819308     
  0.86799999999999999       0.72430801530162936      -0.58767703042517472     
  0.86899999999999999       0.72372010566370959      -0.58814187176216925     
  0.87000000000000000       0.72313173152620125      -0.58860602991012267     
  0.87100000000000000       0.72254289357254708      -0.58906950436087069     
  0.87200000000000000       0.72195359248669755      -0.58953229460713930     
  0.87300000000000000       0.72136382895311002      -0.58999440014254545     
  0.87400000000000000       0.72077360365674781      -0.59045582046159784     
  0.87500000000000000       0.72018291728307926      -0.59091655505969731     
  0.87600000000000000       0.71959177051807677      -0.59137660343313758     
  0.87700000000000000       0.71900016404821609      -0.59183596507910596     
  0.87800000000000000       0.71840809856047538      -0.59229463949568384     
  0.87900000000000000       0.71781557474233415      -0.59275262618184754     
  0.88000000000000000       0.71722259328177262      -0.59320992463746869     
  0.88100000000000001       0.71662915486727063      -0.59366653436331496     
  0.88200000000000001       0.71603526018780683      -0.59412245486105075     
  0.88300000000000001       0.71544090993285758      -0.59457768563323787     
  0.88400000000000001       0.71484610479239652      -0.59503222618333595     
  0.88500000000000001       0.71425084545689321      -0.59548607601570314     
  0.88600000000000001       0.71365513261731250      -0.59593923463559695     
  0.88700000000000001       0.71305896696511339      -0.59639170154917454     
  0.88800000000000001       0.71246234919224838      -0.59684347626349366     
  0.88900000000000001       0.71186527999116245      -0.59729455828651290     
  0.89000000000000001       0.71126776005479209      -0.59774494712709281     
  0.89100000000000001       0.71066979007656461      -0.59819464229499597     
  0.89200000000000002       0.71007137075039717      -0.59864364330088804     
  0.89300000000000002       0.70947250277069551      -0.59909194965633805     
  0.89400000000000002       0.70887318683235356      -0.59953956087381932     
  0.89500000000000002       0.70827342363075241      -0.59998647646670988     
  0.89600000000000002       0.70767321386175908      -0.60043269594929316     
  0.89700000000000002       0.70707255822172610      -0.60087821883675852     
  0.89800000000000002       0.70647145740749018      -0.60132304464520181     
  0.89900000000000002       0.70586991211637151      -0.60176717289162629     
  0.90000000000000002       0.70526792304617292      -0.60221060309394281     
  0.90100000000000002       0.70466549089517883      -0.60265333477097083     
  0.90200000000000002       0.70406261636215428      -0.60309536744243863     
  0.90300000000000002       0.70345930014634428      -0.60353670062898424     
  0.90400000000000003       0.70285554294747266      -0.60397733385215580     
  0.90500000000000003       0.70225134546574131      -0.60441726663441231     
  0.90600000000000003       0.70164670840182919      -0.60485649849912426     
  0.90700000000000003       0.70104163245689133      -0.60529502897057408     
  0.90800000000000003       0.70043611833255814      -0.60573285757395690     
  0.90900000000000003       0.69983016673093446      -0.60616998383538090     
  0.91000000000000003       0.69922377835459837      -0.60660640728186821     
  0.91100000000000003       0.69861695390660050      -0.60704212744135522     
  0.91200000000000003       0.69800969409046321      -0.60747714384269347     
  0.91300000000000003       0.69740199961017946      -0.60791145601565000     
  0.91400000000000003       0.69679387117021208      -0.60834506349090800     
  0.91500000000000004       0.69618530947549262      -0.60877796580006738     
  0.91600000000000004       0.69557631523142061      -0.60921016247564552     
  0.91700000000000004       0.69496688914386273      -0.60964165305107765     
  0.91800000000000004       0.69435703191915166      -0.61007243706071745     
  0.91900000000000004       0.69374674426408522      -0.61050251403983780     
  0.92000000000000004       0.69313602688592568      -0.61093188352463124     
  0.92100000000000004       0.69252488049239846      -0.61136054505221060     
  0.92200000000000004       0.69191330579169141      -0.61178849816060943     
  0.92300000000000004       0.69130130349245411      -0.61221574238878274     
  0.92400000000000004       0.69068887430379644      -0.61264227727660769     
  0.92500000000000004       0.69007601893528825      -0.61306810236488385     
  0.92600000000000005       0.68946273809695779      -0.61349321719533390     
  0.92700000000000005       0.68884903249929141      -0.61391762131060434     
  0.92800000000000005       0.68823490285323219      -0.61434131425426597     
  0.92900000000000005       0.68762034987017928      -0.61476429557081436     
  0.93000000000000005       0.68700537426198682      -0.61518656480567058     
  0.93100000000000005       0.68638997674096303      -0.61560812150518174     
  0.93200000000000005       0.68577415801986941      -0.61602896521662143     
  0.93300000000000005       0.68515791881191968      -0.61644909548819027     
  0.93400000000000005       0.68454125983077885      -0.61686851186901681     
  0.93500000000000005       0.68392418179056236      -0.61728721390915764     
  0.93600000000000005       0.68330668540583517      -0.61770520115959837     
  0.93700000000000006       0.68268877139161077      -0.61812247317225377     
  0.93800000000000006       0.68207044046335030      -0.61853902949996875     
  0.93900000000000006       0.68145169333696154      -0.61895486969651869     
  0.94000000000000006       0.68083253072879801      -0.61936999331660980     
  0.94100000000000006       0.68021295335565812      -0.61978439991588019     
  0.94200000000000006       0.67959296193478425      -0.62019808905089990     
  0.94300000000000006       0.67897255718386151      -0.62061106027917179     
  0.94400000000000006       0.67835173982101737      -0.62102331315913206     
  0.94500000000000006       0.67773051056482003      -0.62143484725015052     
  0.94600000000000006       0.67710887013427812      -0.62184566211253156     
  0.94700000000000006       0.67648681924883947      -0.62225575730751437     
  0.94800000000000006       0.67586435862839001      -0.62266513239727361     
  0.94900000000000007       0.67524148899325331      -0.62307378694491999     
  0.95000000000000007       0.67461821106418918      -0.62348172051450068     
  0.95100000000000007       0.67399452556239292      -0.62388893267099998     
  0.95200000000000007       0.67337043320949441      -0.62429542298033991     
  0.95300000000000007       0.67274593472755717      -0.62470119100938049     
  0.95400000000000007       0.67212103083907737      -0.62510623632592055     
  0.95500000000000007       0.67149572226698284      -0.62551055849869819     
  0.95600000000000007       0.67087000973463229      -0.62591415709739129     
  0.95700000000000007       0.67024389396581430      -0.62631703169261799     
  0.95800000000000007       0.66961737568474633      -0.62671918185593722     
  0.95900000000000007       0.66899045561607384      -0.62712060715984952     
  0.95999999999999996       0.66836313448486928      -0.62752130717779708     
  0.96099999999999997       0.66773541301663109      -0.62792128148416482     
  0.96199999999999997       0.66710729193728302      -0.62832052965428031     
  0.96299999999999997       0.66647877197317307      -0.62871905126441485     
  0.96399999999999997       0.66584985385107220      -0.62911684589178363     
  0.96499999999999997       0.66522053829817396      -0.62951391311454652     
  0.96599999999999997       0.66459082604209319      -0.62991025251180843     
  0.96699999999999997       0.66396071781086519      -0.63030586366361974     
  0.96799999999999997       0.66333021433294459      -0.63070074615097704     
  0.96899999999999997       0.66269931633720469      -0.63109489955582365     
  0.96999999999999997       0.66206802455293634      -0.63148832346104977     
  0.97099999999999997       0.66143633970984705      -0.63188101745049352     
  0.97199999999999998       0.66080426253806002      -0.63227298110894115     
  0.97299999999999998       0.66017179376811308      -0.63266421402212758     
  0.97399999999999998       0.65953893413095799      -0.63305471577673689     
  0.97499999999999998       0.65890568435795926      -0.63344448596040293     
  0.97599999999999998       0.65827204518089333      -0.63383352416170979     
  0.97699999999999998       0.65763801733194760      -0.63422182997019239     
  0.97799999999999998       0.65700360154371940      -0.63460940297633672     
  0.97899999999999998       0.65636879854921515      -0.63499624277158062     
  0.97999999999999998       0.65573360908184941      -0.63538234894831414     
  0.98099999999999998       0.65509803387544374      -0.63576772109988011     
  0.98199999999999998       0.65446207366422604      -0.63615235882057475     
  0.98299999999999998       0.65382572918282922      -0.63653626170564781     
  0.98399999999999999       0.65318900116629064      -0.63691942935130352     
  0.98499999999999999       0.65255189035005101      -0.63730186135470079     
  0.98599999999999999       0.65191439746995328      -0.63768355731395376     
  0.98699999999999999       0.65127652326224184      -0.63806451682813237     
  0.98799999999999999       0.65063826846356154      -0.63844473949726277     
  0.98899999999999999       0.64999963381095671      -0.63882422492232793     
  0.98999999999999999       0.64936062004187023      -0.63920297270526794     
  0.99099999999999999       0.64872122789414266      -0.63958098244898076     
  0.99199999999999999       0.64808145810601103      -0.63995825375732240     
  0.99299999999999999       0.64744131141610817      -0.64033478623510776     
  0.99399999999999999       0.64680078856346146      -0.64071057948811083     
  0.99500000000000000       0.64615989028749221      -0.64108563312306532     
  0.99600000000000000       0.64551861732801441      -0.64145994674766504     
  0.99700000000000000       0.64487697042523384      -0.64183351997056448     
  0.99800000000000000       0.64423495031974731      -0.64220635240137913     
  0.99900000000000000       0.64359255775254132      -0.64257844365068639     
   1.0000000000000000       0.64294979346499137      -0.64294979333002544     
