   0.0000000000000000      -0.70710678118654746       0.70710678118654746     
   1.0000000000000000E-003 -0.70636138875407373       0.78366475060906082     
   2.0000000000000000E-003 -0.70553948050408066       0.86013704757646625     
   3.0000000000000001E-003 -0.70464114628898022       0.93651531379843411     
   4.0000000000000001E-003 -0.70366648431417800        1.0127912017289005     
   5.0000000000000001E-003 -0.70261560112685217        1.0889563755195069     
   6.0000000000000001E-003 -0.70148861160377940        1.1650025119716048     
   7.0000000000000001E-003 -0.70028563893821005        1.2409213014867104     
   8.0000000000000002E-003 -0.69900681462579328        1.3167044490152915     
   9.0000000000000011E-003 -0.69765227844955469        1.3923436750037708     
   1.0000000000000000E-002 -0.69622217846392753        1.4678307163396311     
   1.0999999999999999E-002 -0.69471667097783985        1.5431573272945034     
   1.2000000000000000E-002 -0.69313592053685991        1.6183152804651255     
   1.3000000000000001E-002 -0.69148009990440129        1.6932963677120541     
   1.4000000000000000E-002 -0.68974939004199087        1.7680924010960164     
   1.4999999999999999E-002 -0.68794398008860158        1.8426952138117858     
   1.6000000000000000E-002 -0.68606406733905234        1.9170966611194684     
   1.7000000000000001E-002 -0.68410985722147843        1.9912886212730851     
   1.8000000000000002E-002 -0.68208156327387415        2.0652629964463372     
   1.9000000000000000E-002 -0.67997940711971194        2.1390117136554410     
   2.0000000000000000E-002 -0.67780361844263926        2.2125267256789196     
   2.1000000000000001E-002 -0.67555443496025813        2.2858000119742394     
   2.1999999999999999E-002 -0.67323210239698894        2.3588235795911778     
   2.3000000000000000E-002 -0.67083687445602302        2.4315894640818132     
   2.4000000000000000E-002 -0.66836901279036687        2.5040897304070233     
   2.5000000000000001E-002 -0.66582878697298142        2.5763164738393840     
   2.6000000000000002E-002 -0.66321647446602072        2.6482618208623570     
   2.7000000000000000E-002 -0.66053236058917286        2.7199179300656562     
   2.8000000000000001E-002 -0.65777673848710783        2.7912769930366848     
   2.9000000000000001E-002 -0.65494990909603579        2.8623312352479333     
   2.9999999999999999E-002 -0.65205218110937990        2.9330729169402332     
   3.1000000000000000E-002 -0.64908387094256825        3.0034943340017537     
   3.2000000000000001E-002 -0.64604530269694904        3.0735878188426402     
   3.3000000000000002E-002 -0.64293680812283283        3.1433457412651831     
   3.4000000000000002E-002 -0.63975872658166744        3.2127605093294163     
   3.5000000000000003E-002 -0.63651140500734937        3.2818245702140345     
   3.6000000000000004E-002 -0.63319519786667666        3.3505304110725298     
   3.6999999999999998E-002 -0.62981046711894817        3.4188705598844411     
   3.7999999999999999E-002 -0.62635758217471393        3.4868375863016130     
   3.9000000000000000E-002 -0.62283691985368184        3.5544241024893624     
   4.0000000000000001E-002 -0.61924886434178583        3.6216227639624510     
   4.1000000000000002E-002 -0.61559380714742085        3.6884262704157607     
   4.2000000000000003E-002 -0.61187214705684934        3.7548273665495753     
   4.3000000000000003E-002 -0.60808429008878584        3.8208188428893637     
   4.3999999999999997E-002 -0.60423064944816407        3.8863935365999689     
   4.4999999999999998E-002 -0.60031164547909288        3.9515443322941031     
   4.5999999999999999E-002 -0.59632770561700665        4.0162641628350526     
   4.7000000000000000E-002 -0.59227926434001599        4.0805460101334941     
   4.8000000000000001E-002 -0.58816676311946403        4.1443829059383273     
   4.9000000000000002E-002 -0.58399065036969589        4.2077679326214277     
   5.0000000000000003E-002 -0.57975138139704541        4.2706942239562276     
   5.1000000000000004E-002 -0.57544941834804753        4.3331549658900270     
   5.2000000000000005E-002 -0.57108523015688040        4.3951433973099476     
   5.2999999999999999E-002 -0.56665929249204572        4.4566528108024333     
   5.3999999999999999E-002 -0.56217208770229210        4.5176765534062060     
   5.5000000000000000E-002 -0.55762410476178925        4.5782080273585946     
   5.6000000000000001E-002 -0.55301583921455932        4.6382406908351310     
   5.7000000000000002E-002 -0.54834779311817128        4.6977680586823460     
   5.8000000000000003E-002 -0.54362047498670674        4.7567837031436593     
   5.9000000000000004E-002 -0.53883439973300296        4.8152812545782862     
   5.9999999999999998E-002 -0.53399008861018082        4.8732544021730746     
   6.0999999999999999E-002 -0.52908806915246398        4.9306968946471876     
   6.2000000000000000E-002 -0.52412887511529738        4.9876025409495428     
   6.3000000000000000E-002 -0.51911304641477196        5.0439652109489295     
   6.4000000000000001E-002 -0.51404112906636279        5.0997788361167267     
   6.5000000000000002E-002 -0.50891367512298824        5.1550374102021319     
   6.6000000000000003E-002 -0.50373124261239788        5.2097349898998226     
   6.7000000000000004E-002 -0.49849439547389629        5.2638656955099812     
   6.8000000000000005E-002 -0.49320370349441073        5.3174237115905889     
   6.9000000000000006E-002 -0.48785974224391071        5.3704032876019294     
   7.0000000000000007E-002 -0.48246309301018653        5.4227987385432108     
   7.1000000000000008E-002 -0.47701434273299564        5.4746044455812424     
   7.2000000000000008E-002 -0.47151408393758387        5.5258148566710865     
   7.2999999999999995E-002 -0.46596291466759043        5.5764244871686133     
   7.3999999999999996E-002 -0.46036143841734417        5.6264279204348906     
   7.4999999999999997E-002 -0.45471026406355974        5.6758198084323324     
   7.5999999999999998E-002 -0.44901000579644168        5.7245948723125419     
   7.6999999999999999E-002 -0.44326128305020479        5.7727479029957758     
   7.8000000000000000E-002 -0.43746472043301937        5.8202737617419684     
   7.9000000000000001E-002 -0.43162094765638959        5.8671673807132434     
   8.0000000000000002E-002 -0.42573059946397374        5.9134237635278497     
   8.1000000000000003E-002 -0.41979431555985464        5.9590379858054625     
   8.2000000000000003E-002 -0.41381274053626943        6.0040051957037806     
   8.3000000000000004E-002 -0.40778652380080682        6.0483206144463573     
   8.4000000000000005E-002 -0.40171631950308107        6.0919795368416141     
   8.5000000000000006E-002 -0.39560278646089142        6.1349773317929657     
   8.6000000000000007E-002 -0.38944658808587573        6.1773094428000057     
   8.7000000000000008E-002 -0.38324839230866764        6.2189713884506945     
   8.7999999999999995E-002 -0.37700887150356577        6.2599587629044917     
   8.8999999999999996E-002 -0.37072870241272465        6.3002672363663796     
   8.9999999999999997E-002 -0.36440856606987598        6.3398925555517245     
   9.0999999999999998E-002 -0.35804914772358970        6.3788305441419251     
   9.1999999999999998E-002 -0.35165113676008414        6.4170771032307909     
   9.2999999999999999E-002 -0.34521522662559428        6.4546282117616096     
   9.4000000000000000E-002 -0.33874211474830768        6.4914799269548480     
   9.5000000000000001E-002 -0.33223250245987745        6.5276283847264400     
   9.6000000000000002E-002 -0.32568709491652176        6.5630698000966197     
   9.7000000000000003E-002 -0.31910660101971883        6.5978004675892494     
   9.8000000000000004E-002 -0.31249173333650804        6.6318167616216002     
   9.9000000000000005E-002 -0.30584320801940545        6.6651151368845465     
  0.10000000000000001      -0.29916174472594426        6.6976921287131290     
  0.10100000000000001      -0.29244806653784938        6.7295443534474462     
  0.10200000000000001      -0.28570289987985609        6.7606685087838372     
  0.10300000000000001      -0.27892697443818226        6.7910613741163193     
  0.10400000000000001      -0.27212102307866420        6.8207198108682414     
  0.10500000000000000      -0.26528578176456563        6.8496407628141238     
  0.10600000000000000      -0.25842198947406958        6.8778212563916385     
  0.10700000000000000      -0.25153038811746364        6.9052584010037155     
  0.10800000000000000      -0.24461172245402771        6.9319493893107280     
  0.10900000000000000      -0.23766674000863472        6.9578914975127351     
  0.11000000000000000      -0.23069619098807403        6.9830820856217510     
  0.11100000000000000      -0.22370082819710760        7.0075185977240171     
  0.11200000000000000      -0.21668140695426874        7.0311985622322428     
  0.11300000000000000      -0.20963868500741395        7.0541195921277984     
  0.11400000000000000      -0.20257342244903723        7.0762793851928345     
  0.11500000000000000      -0.19548638163135768        7.0976757242323032     
  0.11600000000000001      -0.18837832708118982        7.1183064772858646     
  0.11700000000000001      -0.18125002541460733        7.1381695978296538     
  0.11800000000000001      -0.17410224525140988        7.1572631249678977     
  0.11900000000000001      -0.16693575712940362        7.1755851836143583     
  0.12000000000000000      -0.15975133341850511        7.1931339846635858     
  0.12100000000000000      -0.15254974823467937        7.2099078251519781     
  0.12200000000000000      -0.14533177735372169        7.2259050884086209     
  0.12300000000000000      -0.13809819812489388        7.2411242441959027     
  0.12400000000000000      -0.13084978938442501        7.2555638488398957     
  0.12500000000000000      -0.12358733136888686        7.2692225453504919     
  0.12600000000000000      -0.11631160562845433        7.2820990635312866     
  0.12700000000000000      -0.10902339494006114        7.2941922200792018     
  0.12800000000000000      -0.10172348322046104        7.3055009186738475     
  0.12900000000000000       -9.4412655439204810E-002   7.3160241500566157     
  0.13000000000000000       -8.7091697531543194E-002   7.3257609920995028     
  0.13100000000000001       -7.9761396311266275E-002   7.3347106098636639     
  0.13200000000000001       -7.2422539383489373E-002   7.3428722556476922     
  0.13300000000000001       -6.5075915057395795E-002   7.3502452690256348     
  0.13400000000000001       -5.7722312258946723E-002   7.3568290768747353     
  0.13500000000000001       -5.0362520443568454E-002   7.3626231933929214     
  0.13600000000000001       -4.2997329508827328E-002   7.3676272201060309     
  0.13700000000000001       -3.5627529707102534E-002   7.3718408458647877     
  0.13800000000000001       -2.8253911558267061E-002   7.3752638468315386     
  0.13900000000000001       -2.0877265762387010E-002   7.3778960864567553     
  0.14000000000000001       -1.3498383112449556E-002   7.3797375154453162     
  0.14100000000000001       -6.1180544071297036E-003   7.3807881717125738     
  0.14200000000000002        1.2629296363939118E-003   7.3810481803302306     
  0.14300000000000002        8.6437784695640087E-003   7.3805177534620290     
  0.14400000000000002        1.6023701799500259E-002   7.3791971902892772     
  0.14499999999999999        2.3401909675975323E-002   7.3770868769262217     
  0.14599999999999999        3.0777612578301208E-002   7.3741872863252933     
  0.14699999999999999        3.8150021502115786E-002   7.3704989781722361     
  0.14799999999999999        4.5518348046059427E-002   7.3660225987711518     
  0.14899999999999999        5.2881804498331623E-002   7.3607588809194713     
  0.14999999999999999        6.0239603923117564E-002   7.3547086437728799     
  0.15100000000000000        6.7590960246874610E-002   7.3478727927002270     
  0.15200000000000000        7.4935088344468714E-002   7.3402523191284370     
  0.15300000000000000        8.2271204125150738E-002   7.3318483003774553     
  0.15400000000000000        8.9598524618362721E-002   7.3226618994852508     
  0.15500000000000000        9.6916268059364263E-002   7.3126943650229164     
  0.15600000000000000       0.10422365397466901        7.3019470308998837     
  0.15700000000000000       0.11151990326728145        7.2904213161592963     
  0.15800000000000000       0.11880423830172415        7.2781187247635666     
  0.15900000000000000       0.12607588298884570        7.2650408453701560     
  0.16000000000000000       0.13333406287039953        7.2511893510976115     
  0.16100000000000000       0.14057800520338393        7.2365659992818987     
  0.16200000000000001       0.14780693904413350        7.2211726312230615     
  0.16300000000000001       0.15502009533215261        7.2050111719222603     
  0.16400000000000001       0.16221670697368085        7.1880836298092179     
  0.16500000000000001       0.16939600892498138        7.1703920964601204     
  0.16600000000000001       0.17655723827534234        7.1519387463060147     
  0.16700000000000001       0.18369963432978181        7.1327258363317485     
  0.16800000000000001       0.19082243869144727        7.1127557057654940     
  0.16900000000000001       0.19792489534369961        7.0920307757589045     
  0.17000000000000001       0.20500625073187284        7.0705535490579532     
  0.17100000000000001       0.21206575384469981        7.0483266096644970     
  0.17200000000000001       0.21910265629539508        7.0253526224886205     
  0.17300000000000001       0.22611621240238544        7.0016343329918103     
  0.17400000000000002       0.23310567926967904        6.9771745668210059     
  0.17500000000000002       0.24007031686686403        6.9519762294335932     
  0.17599999999999999       0.24700938810872769        6.9260423057133762     
  0.17699999999999999       0.25392215893448711        6.8993758595776011     
  0.17799999999999999       0.26080789838662238        6.8719800335750758     
  0.17899999999999999       0.26766587868930347        6.8438580484754477     
  0.17999999999999999       0.27449537532640195        6.8150132028496992     
  0.18099999999999999       0.28129566711907894        6.7854488726419175     
  0.18200000000000000       0.28806603630294053        6.7551685107324007     
  0.18300000000000000       0.29480576860475177        6.7241756464921600     
  0.18400000000000000       0.30151415331870118        6.6924738853288881     
  0.18500000000000000       0.30819048338220667        6.6600669082244437     
  0.18600000000000000       0.31483405545125509        6.6269584712639311     
  0.18700000000000000       0.32144416997526637        6.5931524051564327     
  0.18800000000000000       0.32802013127147445        6.5586526147474604     
  0.18900000000000000       0.33456124759881639        6.5234630785231973     
  0.19000000000000000       0.34106683123132181        6.4875878481065996     
  0.19100000000000000       0.34753619853099432        6.4510310477454187     
  0.19200000000000000       0.35396867002017690        6.4137968737922284     
  0.19300000000000000       0.36036357045339334        6.3758895941765150     
  0.19400000000000001       0.36672022888865813        6.3373135478689111     
  0.19500000000000001       0.37303797875824612        6.2980731443376436     
  0.19600000000000001       0.37931615793891532        6.2581728629972728     
  0.19700000000000001       0.38555410882157432        6.2176172526497879     
  0.19800000000000001       0.39175117838038709        6.1764109309181512     
  0.19900000000000001       0.39790671824130758        6.1345585836723533     
  0.20000000000000001       0.40402008475003659        6.0920649644480624     
  0.20100000000000001       0.41009063903939375        6.0489348938579486     
  0.20200000000000001       0.41611774709609717        6.0051732589957583     
  0.20300000000000001       0.42210077982694350        5.9607850128332238     
  0.20400000000000001       0.42803911312438137        5.9157751736098811     
  0.20500000000000002       0.43393212793147112        5.8701488242158870     
  0.20600000000000002       0.43977921030622402        5.8239111115679112     
  0.20700000000000002       0.44557975148531381        5.7770672459781904     
  0.20800000000000002       0.45133314794715396        5.7296225005168271     
  0.20899999999999999       0.45703880147433373        5.6815822103674192     
  0.20999999999999999       0.46269611921540704        5.6329517721761038     
  0.21099999999999999       0.46830451374602644        5.5837366433941016     
  0.21199999999999999       0.47386340312941705        5.5339423416138542     
  0.21299999999999999       0.47937221097618304        5.4835744438988341     
  0.21400000000000000       0.48483036650344097        5.4326385861071218     
  0.21500000000000000       0.49023730459327364        5.3811404622088368     
  0.21600000000000000       0.49559246585049826        5.3290858235975112     
  0.21700000000000000       0.50089529665974308        5.2764804783954995     
  0.21800000000000000       0.50614524924182647        5.2233302907535135     
  0.21900000000000000       0.51134178170943256        5.1696411801443745     
  0.22000000000000000       0.51648435812207782        5.1154191206510733     
  0.22100000000000000       0.52157244854036300        5.0606701402492353     
  0.22200000000000000       0.52660552907950464        5.0054003200840782     
  0.22300000000000000       0.53158308196214077        4.9496157937419643     
  0.22400000000000000       0.53650459557040586        4.8933227465166329     
  0.22500000000000001       0.54136956449726892        4.8365274146702149     
  0.22600000000000001       0.54617748959713019        4.7792360846891224     
  0.22700000000000001       0.55092787803567156        4.7214550925349119     
  0.22800000000000001       0.55562024333895466        4.6631908228902113     
  0.22900000000000001       0.56025410544176335        4.6044497083998186     
  0.23000000000000001       0.56482899073518400        4.5452382289070590     
  0.23100000000000001       0.56934443211342045        4.4855629106855082     
  0.23200000000000001       0.57379996901983843        4.4254303256661718     
  0.23300000000000001       0.57819514749223433        4.3648470906602261     
  0.23400000000000001       0.58252952020732518        4.3038198665774203     
  0.23500000000000001       0.58680264652445469        4.2423553576402311     
  0.23600000000000002       0.59101409252851100        4.1804603105938831     
  0.23700000000000002       0.59516343107205327        4.1181415139123256     
  0.23800000000000002       0.59925024181664122        4.0554057970002706     
  0.23900000000000002       0.60327411127336561        3.9922600293913941     
  0.23999999999999999       0.60723463284257462        3.9287111199427995     
  0.24099999999999999       0.61113140685279321        3.8647660160258503     
  0.24199999999999999       0.61496404059883103        3.8004317027134680     
  0.24299999999999999       0.61873214837907642        3.7357152019640036     
  0.24399999999999999       0.62243535153197227        3.6706235718017832     
  0.24500000000000000       0.62607327847167094        3.6051639054944284     
  0.24600000000000000       0.62964556472286493        3.5393433307270628     
  0.24700000000000000       0.63315185295479037        3.4731690087734974     
  0.24800000000000000       0.63659179301439983        3.4066481336645107     
  0.24900000000000000       0.63996504195870241        3.3397879313533165     
  0.25000000000000000       0.64327126408626789        3.2725956588783331     
  0.25100000000000000       0.64651013096789212        3.2050786035233525     
  0.25200000000000000       0.64968132147642133        3.1372440819752159     
  0.25300000000000000       0.65278452181573332        3.0690994394791038     
  0.25400000000000000       0.65581942554887229        3.0006520489915394     
  0.25500000000000000       0.65878573362533577        2.9319093103312164     
  0.25600000000000001       0.66168315440751146        2.8628786493277527     
  0.25700000000000001       0.66451140369626172        2.7935675169684782     
  0.25800000000000001       0.66727020475565391        2.7239833885433593     
  0.25900000000000001       0.66995928833683460        2.6541337627881685     
  0.26000000000000001       0.67257839270104669        2.5840261610260038     
  0.26100000000000001       0.67512726364178632        2.5136681263072616     
  0.26200000000000001       0.67760565450610000        2.4430672225481720     
  0.26300000000000001       0.68001332621501887        2.3722310336680001     
  0.26400000000000001       0.68235004728313031        2.3011671627250201     
  0.26500000000000001       0.68461559383728388        2.2298832310513670     
  0.26600000000000001       0.68680974963443264        2.1583868773868740     
  0.26700000000000002       0.68893230607860723        2.0866857570119959     
  0.26800000000000002       0.69098306223702266        2.0147875408799321     
  0.26900000000000002       0.69296182485531688        1.9426999147480468     
  0.27000000000000002       0.69486840837192032        1.8704305783086974     
  0.27100000000000002       0.69670263493155637        1.7979872443195732     
  0.27200000000000002       0.69846433439787148        1.7253776377336529     
  0.27300000000000002       0.70015334436519550        1.6526094948288825     
  0.27400000000000002       0.70176951016943123        1.5796905623376809     
  0.27500000000000002       0.70331268489807386        1.5066285965763775     
  0.27600000000000002       0.70478272939935960        1.4334313625746875     
  0.27700000000000002       0.70617951229054388        1.3601066332053267     
  0.27800000000000002       0.70750290996530918        1.2866621883138729     
  0.27900000000000003       0.70875280660030326        1.2131058138489781     
  0.28000000000000003       0.70992909416080718        1.1394453009930325     
  0.28100000000000003       0.71103167240553489        1.0656884452933875     
  0.28200000000000003       0.71206044889056408       0.99184304579423921     
  0.28300000000000003       0.71301533897239922       0.91791690416927629     
  0.28400000000000003       0.71389626581016796       0.84391782385519432     
  0.28500000000000003       0.71470316036695125       0.76985360918618106     
  0.28600000000000003       0.71543596141024834       0.69573206452947323     
  0.28700000000000003       0.71609461551157838       0.62156099342208759     
  0.28800000000000003       0.71667907704521905       0.54734819770882848     
  0.28899999999999998       0.71718930818608406       0.47310147668167257     
  0.28999999999999998       0.71762527890674044       0.39882862622063220     
  0.29099999999999998       0.71798696697356801       0.32453743793619788     
  0.29199999999999998       0.71827435794206151       0.25023569831346071     
  0.29299999999999998       0.71848744515127816       0.17593118785801437     
  0.29399999999999998       0.71862622971743206       0.10163168024373599     
  0.29499999999999998       0.71869072052663707        2.7344941462545735E-002
  0.29599999999999999       0.71868093422680079       -4.6921271023756705E-002
  0.29699999999999999       0.71859689521867098      -0.12115920912948024     
  0.29799999999999999       0.71843863564603794      -0.19536113498875701     
  0.29899999999999999       0.71820619538509345      -0.26951932179688665     
  0.29999999999999999       0.71789962203295021      -0.34362605464921248     
  0.30099999999999999       0.71751897089532324      -0.41767363137743396     
  0.30199999999999999       0.71706430497337692      -0.49165436338325891     
  0.30299999999999999       0.71653569494973901      -0.56556057646930014     
  0.30399999999999999       0.71593321917368558      -0.63938461166712146     
  0.30499999999999999       0.71525696364549940      -0.71311882606233923     
  0.30599999999999999       0.71450702200000471      -0.78675559361668435     
  0.30700000000000000       0.71368349548928123      -0.86028730598693259     
  0.30800000000000000       0.71278649296456120      -0.93370637334060969     
  0.30900000000000000       0.71181613085731210       -1.0070052251683796     
  0.31000000000000000       0.71077253315950895       -1.0801763110930236     
  0.31100000000000000       0.70965583140309885       -1.1532121016749195     
  0.31200000000000000       0.70846616463866274       -1.2261050892139314     
  0.31300000000000000       0.70720367941327611       -1.2988477885476175     
  0.31400000000000000       0.70586852974757386       -1.3714327378456714     
  0.31500000000000000       0.70446087711202299       -1.4438524994005029     
  0.31600000000000000       0.70298089040240574       -1.5160996604138743     
  0.31700000000000000       0.70142874591451909       -1.5881668337795045     
  0.31800000000000000       0.69980462731809301       -1.6600466588615514     
  0.31900000000000001       0.69810872562993276       -1.7317318022688908     
  0.32000000000000001       0.69634123918628876       -1.8032149586251038     
  0.32100000000000001       0.69450237361445877       -1.8744888513340887     
  0.32200000000000001       0.69259234180362672       -1.9455462333412143     
  0.32300000000000001       0.69061136387494271       -2.0163798878899311     
  0.32400000000000001       0.68855966715084838       -2.0869826292737579     
  0.32500000000000001       0.68643748612365307       -2.1573473035835611     
  0.32600000000000001       0.68424506242336480       -2.2274667894500495     
  0.32700000000000001       0.68198264478478121       -2.2973339987813994     
  0.32800000000000001       0.67965048901384550       -2.3669418774959339     
  0.32900000000000001       0.67724885795327205       -2.4362834062497774     
  0.33000000000000002       0.67477802144744692       -2.5053516011594072     
  0.33100000000000002       0.67223825630660872       -2.5741395145190236     
  0.33200000000000002       0.66962984627031397       -2.6426402355126655     
  0.33300000000000002       0.66695308197019387       -2.7108468909209926     
  0.33400000000000002       0.66420826089200657       -2.7787526458226628     
  0.33500000000000002       0.66139568733699050       -2.8463507042902276     
  0.33600000000000002       0.65851567238252540       -2.9136343100804751     
  0.33700000000000002       0.65556853384210489       -2.9805967473191486     
  0.33800000000000002       0.65255459622462786       -3.0472313411799661     
  0.33900000000000002       0.64947419069301338       -3.1135314585578757     
  0.34000000000000002       0.64632765502214518       -3.1794905087364720     
  0.34100000000000003       0.64311533355615202       -3.2451019440495079     
  0.34200000000000003       0.63983757716502931       -3.3103592605364325     
  0.34300000000000003       0.63649474320060806       -3.3752559985918902     
  0.34400000000000003       0.63308719545187775       -3.4397857436091117     
  0.34500000000000003       0.62961530409966859       -3.5039421266171344     
  0.34600000000000003       0.62607944567069973       -3.5677188249117875     
  0.34700000000000003       0.62248000299099970       -3.6311095626803769     
  0.34800000000000003       0.61881736513870533       -3.6941081116200079     
  0.34900000000000003       0.61509192739624552       -3.7567082915494874     
  0.35000000000000003       0.61130409120191642       -3.8189039710147390     
  0.35100000000000003       0.60745426410085412       -3.8806890678876762     
  0.35199999999999998       0.60354285969541244       -3.9420575499584745     
  0.35299999999999998       0.59957029759495117       -4.0030034355211797     
  0.35399999999999998       0.59553700336504212       -4.0635207939526046     
  0.35499999999999998       0.59144340847610011       -4.1236037462844468     
  0.35599999999999998       0.58728995025144459       -4.1832464657685851     
  0.35699999999999998       0.58307707181480017       -4.2424431784354883     
  0.35799999999999998       0.57880522203724138       -4.3011881636456941     
  0.35899999999999999       0.57447485548359001       -4.3594757546342953     
  0.35999999999999999       0.57008643235827139       -4.4173003390483956     
  0.36099999999999999       0.56564041845063640       -4.4746563594774722     
  0.36199999999999999       0.56113728507975735       -4.5315383139766023     
  0.36299999999999999       0.55657750903870362       -4.5879407565825048     
  0.36399999999999999       0.55196157253830491       -4.6438582978223497     
  0.36499999999999999       0.54728996315040979       -4.6992856052152918     
  0.36599999999999999       0.54256317375064589       -4.7542174037666758     
  0.36699999999999999       0.53778170246068979       -4.8086484764548763     
  0.36799999999999999       0.53294605259005379       -4.8625736647107303     
  0.36899999999999999       0.52805673257739671       -4.9159878688895109     
  0.37000000000000000       0.52311425593136696       -4.9688860487354116     
  0.37100000000000000       0.51811914117098423       -5.0212632238384982     
  0.37200000000000000       0.51307191176556877       -5.0731144740840817     
  0.37300000000000000       0.50797309607422436       -5.1244349400944857     
  0.37400000000000000       0.50282322728488371       -5.1752198236631655     
  0.37500000000000000       0.49762284335292384       -5.2254643881811411     
  0.37600000000000000       0.49237248693935820       -5.2751639590557140     
  0.37700000000000000       0.48707270534861452       -5.3243139241214310     
  0.37800000000000000       0.48172405046590544       -5.3729097340432608     
  0.37900000000000000       0.47632707869419966       -5.4209469027119574     
  0.38000000000000000       0.47088235089080199       -5.4684210076315720     
  0.38100000000000001       0.46539043230354954       -5.5153276902990891     
  0.38200000000000001       0.45985189250663233       -5.5616626565761580     
  0.38300000000000001       0.45426730533604615       -5.6074216770528871     
  0.38400000000000001       0.44863724882468570       -5.6526005874036800     
  0.38500000000000001       0.44296230513708557       -5.6971952887350863     
  0.38600000000000001       0.43724306050381773       -5.7412017479256390     
  0.38700000000000001       0.43148010515555302       -5.7846159979576628     
  0.38800000000000001       0.42567403325679481       -5.8274341382410215     
  0.38900000000000001       0.41982544283929307       -5.8696523349287926     
  0.39000000000000001       0.41393493573514678       -5.9112668212248387     
  0.39100000000000001       0.40800311750960272       -5.9522738976832681     
  0.39200000000000002       0.40203059739355906       -5.9926699324997532     
  0.39300000000000002       0.39601798821578160       -6.0324513617947026     
  0.39400000000000002       0.38996590633484085       -6.0716146898882624     
  0.39500000000000002       0.38387497157077821       -6.1101564895671334     
  0.39600000000000002       0.37774580713650974       -6.1480734023431909     
  0.39700000000000002       0.37157903956897481       -6.1853621387038951     
  0.39800000000000002       0.36537529866003915       -6.2220194783544791     
  0.39900000000000002       0.35913521738715926       -6.2580422704519032     
  0.40000000000000002       0.35285943184381724       -6.2934274338305647     
  0.40100000000000002       0.34654858116973408       -6.3281719572197597     
  0.40200000000000002       0.34020330748086941       -6.3622728994528801     
  0.40300000000000002       0.33382425579921654       -6.3957273896683500     
  0.40400000000000003       0.32741207398240019       -6.4285326275022863     
  0.40500000000000003       0.32096741265308615       -6.4606858832728840     
  0.40600000000000003       0.31449092512821047       -6.4921844981565222     
  0.40700000000000003       0.30798326734803688       -6.5230258843555839     
  0.40800000000000003       0.30144509780505013       -6.5532075252579984     
  0.40900000000000003       0.29487707747269437       -6.5827269755884910     
  0.41000000000000003       0.28827986973396419       -6.6115818615515547     
  0.41100000000000003       0.28165414030985697       -6.6397698809661350     
  0.41200000000000003       0.27500055718769445       -6.6672888033920383     
  0.41300000000000003       0.26831979054932231       -6.6941364702480621     
  0.41400000000000003       0.26161251269919544       -6.7203107949218497     
  0.41500000000000004       0.25487939799235793       -6.7458097628714855     
  0.41600000000000004       0.24812112276232515       -6.7706314317188259     
  0.41699999999999998       0.24133836524887683       -6.7947739313345776     
  0.41799999999999998       0.23453180552576924       -6.8182354639151352     
  0.41899999999999998       0.22770212542837454       -6.8410143040511837     
  0.41999999999999998       0.22085000848125558       -6.8631087987880752     
  0.42099999999999999       0.21397613982568472       -6.8845173676779989     
  0.42199999999999999       0.20708120614711423       -6.9052385028239458     
  0.42299999999999999       0.20016589560260697       -6.9252707689154924     
  0.42399999999999999       0.19323089774823554       -6.9446128032564101     
  0.42499999999999999       0.18627690346645753       -6.9632633157841219     
  0.42599999999999999       0.17930460489347572       -6.9812210890810178     
  0.42699999999999999       0.17231469534659083       -6.9984849783776450     
  0.42799999999999999       0.16530786925155527       -7.0150539115478043     
  0.42899999999999999       0.15828482206993569       -7.0309268890955501     
  0.42999999999999999       0.15124625022649268       -7.0461029841341345     
  0.43099999999999999       0.14419285103658552       -7.0605813423569090     
  0.43200000000000000       0.13712532263360999       -7.0743611820001986     
  0.43300000000000000       0.13004436389647736       -7.0874417937981846     
  0.43400000000000000       0.12295067437714248       -7.0998225409298135     
  0.43500000000000000       0.11584495422818891       -7.1115028589577518     
  0.43600000000000000       0.10872790413047909       -7.1224822557594250     
  0.43700000000000000       0.10160022522087737       -7.1327603114501557     
  0.43800000000000000        9.4462619020053942E-002  -7.1423366782984328     
  0.43900000000000000        8.7315787360377276E-002  -7.1512110806333462     
  0.44000000000000000        8.0160432313903171E-002  -7.1593833147442023     
  0.44100000000000000        7.2997256120467979E-002  -7.1668532487723677     
  0.44200000000000000        6.5826961115893923E-002  -7.1736208225953586     
  0.44300000000000000        5.8650249660314173E-002  -7.1796860477032132     
  0.44400000000000001        5.1467824066625367E-002  -7.1850490070671826     
  0.44500000000000001        4.4280386529075295E-002  -7.1897098550007703     
  0.44600000000000001        3.7088639051993354E-002  -7.1936688170131520     
  0.44700000000000001        2.9893283378671365E-002  -7.1969261896550227     
  0.44800000000000001        2.2695020920402324E-002  -7.1994823403568926     
  0.44900000000000001        1.5494552685684608E-002  -7.2013377072598779     
  0.45000000000000001        8.2925792095991276E-003  -7.2024927990390255     
  0.45100000000000001        1.0898004833668788E-003  -7.2029481947192044     
  0.45200000000000001       -6.1130841159057047E-003  -7.2027045434836072     
  0.45300000000000001       -1.3315375895286219E-002  -7.2017625644749010     
  0.45400000000000001       -2.0516376915873255E-002  -7.2001230465890709     
  0.45500000000000002       -2.7715390062443564E-002  -7.1977868482619920     
  0.45600000000000002       -3.4911719112882184E-002  -7.1947548972487834     
  0.45700000000000002       -4.2104668807388342E-002  -7.1910281903959730     
  0.45800000000000002       -4.9293544917449909E-002  -7.1866077934065338     
  0.45900000000000002       -5.6477654314579392E-002  -7.1814948405978214     
  0.46000000000000002       -6.3656305038804289E-002  -7.1756905346524729     
  0.46100000000000002       -7.0828806366904876E-002  -7.1691961463622969     
  0.46200000000000002       -7.7994468880392409E-002  -7.1620130143652192     
  0.46300000000000002       -8.5152604533220766E-002  -7.1541425448753220     
  0.46400000000000002       -9.2302526719224759E-002  -7.1455862114060249     
  0.46500000000000002       -9.9443550339278181E-002  -7.1363455544864625     
  0.46600000000000003      -0.10657499186816487       -7.1264221813711037     
  0.46700000000000003      -0.11369616942115600       -7.1158177657426664     
  0.46800000000000003      -0.12080640282028701       -7.1045340474083796     
  0.46900000000000003      -0.12790501366032744       -7.0925728319896395     
  0.47000000000000003      -0.13499132537443723       -7.0799359906051222     
  0.47100000000000003      -0.14206466329950268       -7.0666254595473941     
  0.47200000000000003      -0.14912435474114610       -7.0526432399530856     
  0.47300000000000003      -0.15616972903840215       -7.0379913974666763     
  0.47400000000000003      -0.16320011762805497       -7.0226720618979472     
  0.47500000000000003      -0.17021485410862958       -7.0066874268731576     
  0.47600000000000003      -0.17721327430403125       -6.9900397494800055     
  0.47700000000000004      -0.18419471632682688       -6.9727313499064216     
  0.47800000000000004      -0.19115852064116209       -6.9547646110732622     
  0.47900000000000004      -0.19810403012530792       -6.9361419782609559     
  0.47999999999999998      -0.20503059013383118       -6.9168659587301606     
  0.48099999999999998      -0.21193754855938254       -6.8969391213364970     
  0.48199999999999998      -0.21882425589409640       -6.8763640961394108     
  0.48299999999999998      -0.22569006529059668       -6.8551435740052300     
  0.48399999999999999      -0.23253433262260287       -6.8332803062044762     
  0.48499999999999999      -0.23935641654513040       -6.8107771040034919     
  0.48599999999999999      -0.24615567855428000       -6.7876368382504424     
  0.48699999999999999      -0.25293148304661017       -6.7638624389557629     
  0.48799999999999999      -0.25968319737808732       -6.7394568948671081     
  0.48899999999999999      -0.26641019192260823       -6.7144232530388663     
  0.48999999999999999      -0.27311184013008927       -6.6887646183963083     
  0.49099999999999999      -0.27978751858411710       -6.6624841532944297     
  0.49199999999999999      -0.28643660705915575       -6.6355850770715570     
  0.49299999999999999      -0.29305848857730438       -6.6080706655977783     
  0.49399999999999999      -0.29965254946460124       -6.5799442508182659     
  0.49500000000000000      -0.30621817940686841       -6.5512092202915611     
  0.49600000000000000      -0.31275477150509196       -6.5218690167228797     
  0.49700000000000000      -0.31926172233033340       -6.4919271374925156     
  0.49800000000000000      -0.32573843197816693       -6.4613871341794002     
  0.49900000000000000      -0.33218430412263783       -6.4302526120798937     
  0.50000000000000000      -0.33859874606973733       -6.3985272297218705     
  0.50100000000000000      -0.34498116881038915       -6.3662146983741730     
  0.50200000000000000      -0.35133098707294341       -6.3333187815514957     
  0.50300000000000000      -0.35764761937517303       -6.2998432945147789     
  0.50400000000000000      -0.36393048807576817       -6.2657921037671702     
  0.50500000000000000      -0.37017901942532477       -6.2311691265456357     
  0.50600000000000001      -0.37639264361682234       -6.1959783303082814     
  0.50700000000000001      -0.38257079483558692       -6.1602237322174611     
  0.50800000000000001      -0.38871291130873531       -6.1239093986187410     
  0.50900000000000001      -0.39481843535409594       -6.0870394445157894     
  0.51000000000000001      -0.40088681342860277       -6.0496180330412699     
  0.51100000000000001      -0.40691749617615808       -6.0116493749238016     
  0.51200000000000001      -0.41290993847496044       -5.9731377279510642     
  0.51300000000000001      -0.41886359948429358       -5.9340873964291170     
  0.51400000000000001      -0.42477794269077290       -5.8945027306380080     
  0.51500000000000001      -0.43065243595404590       -5.8543881262837445     
  0.51600000000000001      -0.43648655155194244       -5.8137480239466939     
  0.51700000000000002      -0.44227976622507204       -5.7725869085264971     
  0.51800000000000002      -0.44803156122086402       -5.7309093086835583     
  0.51900000000000002      -0.45374142233704778       -5.6887197962771925     
  0.52000000000000002      -0.45940883996456933       -5.6460229858004984     
  0.52100000000000002      -0.46503330912994123       -5.6028235338120380     
  0.52200000000000002      -0.47061432953702254       -5.5591261383643884     
  0.52300000000000002      -0.47615140560822589       -5.5149355384296470     
  0.52400000000000002      -0.48164404652514853       -5.4702565133219618     
  0.52500000000000002      -0.48709176626862455       -5.4250938821171619     
  0.52600000000000002      -0.49249408365819497       -5.3794525030695626     
  0.52700000000000002      -0.49785052239099375       -5.3333372730260198     
  0.52800000000000002      -0.50316061108004606       -5.2867531268373096     
  0.52900000000000003      -0.50842388329197696       -5.2397050367669076     
  0.53000000000000003      -0.51363987758412732       -5.1921980118972417     
  0.53100000000000003      -0.51880813754107502       -5.1442370975334981     
  0.53200000000000003      -0.52392821181055871       -5.0958273746050464     
  0.53300000000000003      -0.52899965413880135       -5.0469739590645721     
  0.53400000000000003      -0.53402202340523286       -4.9976820012849812     
  0.53500000000000003      -0.53899488365660719       -4.9479566854541543     
  0.53600000000000003      -0.54391780414051438       -4.8978032289676339     
  0.53700000000000003      -0.54879035933828357       -4.8472268818193038     
  0.53800000000000003      -0.55361212899727574       -4.7962329259901555     
  0.53900000000000003      -0.55838269816256469       -4.7448266748352026     
  0.54000000000000004      -0.56310165720800376       -4.6930134724686212     
  0.54100000000000004      -0.56776860186667666       -4.6407986931472012     
  0.54200000000000004      -0.57238313326073154       -4.5881877406521667     
  0.54300000000000004      -0.57694485793059525       -4.5351860476694590     
  0.54400000000000004      -0.58145338786356815       -4.4817990751685448     
  0.54500000000000004      -0.58590834052179608       -4.4280323117798295     
  0.54600000000000004      -0.59030933886961956       -4.3738912731707495     
  0.54700000000000004      -0.59465601140029845       -4.3193815014206214     
  0.54800000000000004      -0.59894799216211081       -4.2645085643943172     
  0.54900000000000004      -0.60318492078382480       -4.2092780551148463     
  0.55000000000000004      -0.60736644249954275       -4.1536955911349160     
  0.55100000000000005      -0.61149220817291627       -4.0977668139075458     
  0.55200000000000005      -0.61556187432073151       -4.0414973881558076     
  0.55300000000000005      -0.61957510313586384       -3.9848930012417716     
  0.55400000000000005      -0.62353156250960107       -3.9279593625347258     
  0.55500000000000005      -0.62743092605333428       -3.8707022027787477     
  0.55600000000000005      -0.63127287311961666       -3.8131272734596999     
  0.55700000000000005      -0.63505708882258827       -3.7552403461717230     
  0.55800000000000005      -0.63878326405776742       -3.6970472119833016     
  0.55900000000000005      -0.64245109552120816       -3.6385536808029730     
  0.56000000000000005      -0.64606028572802299       -3.5797655807447564     
  0.56100000000000005      -0.64961054303027088       -3.5206887574933701     
  0.56200000000000006      -0.65310158163421073       -3.4613290736693143     
  0.56300000000000006      -0.65653312161691957       -3.4016924081938895     
  0.56400000000000006      -0.65990488894227617       -3.3417846556542221     
  0.56500000000000006      -0.66321661547630928       -3.2816117256683714     
  0.56600000000000006      -0.66646803900191098       -3.2211795422505878     
  0.56700000000000006      -0.66965890323291610       -3.1604940431767941     
  0.56800000000000006      -0.67278895782754655       -3.0995611793503630     
  0.56900000000000006      -0.67585795840122176       -3.0383869141682580     
  0.57000000000000006      -0.67886566653873581       -2.9769772228876121     
  0.57100000000000006      -0.68181184980580090       -2.9153380919928114     
  0.57200000000000006      -0.68469628175995867       -2.8534755185631577     
  0.57300000000000006      -0.68751874196085916       -2.7913955096411760     
  0.57400000000000007      -0.69027901597990837       -2.7291040816016370     
  0.57500000000000007      -0.69297689540928564       -2.6666072595213666     
  0.57600000000000007      -0.69561217787033092       -2.6039110765499078     
  0.57699999999999996      -0.69818466702130322       -2.5410215732811059     
  0.57799999999999996      -0.70069417256451128       -2.4779447971256818     
  0.57899999999999996      -0.70314051025281687       -2.4146868016848675     
  0.57999999999999996      -0.70552350189551327       -2.3512536461251625     
  0.58099999999999996      -0.70784297536357776       -2.2876513945542865     
  0.58199999999999996      -0.71009876459430188       -2.2238861153983889     
  0.58299999999999996      -0.71229070959529894       -2.1599638807805861     
  0.58399999999999996      -0.71441865644789082       -2.0958907659008883     
  0.58499999999999996      -0.71648245730987559       -2.0316728484175846     
  0.58599999999999997      -0.71848197041767692       -1.9673162078301498     
  0.58699999999999997      -0.72041706008787787       -1.9028269248637377     
  0.58799999999999997      -0.72228759671813914       -1.8382110808553267     
  0.58899999999999997      -0.72409345678750492       -1.7734747571415790     
  0.58999999999999997      -0.72583452285609740       -1.7086240344484795     
  0.59099999999999997      -0.72751068356420157       -1.6436649922828155     
  0.59199999999999997      -0.72912183363074268       -1.5786037083255611     
  0.59299999999999997      -0.73066787385115795       -1.5134462578272267     
  0.59399999999999997      -0.73214871109466462       -1.4481987130052385     
  0.59499999999999997      -0.73356425830092675       -1.3828671424434045     
  0.59599999999999997      -0.73491443447612204       -1.3174576104935327     
  0.59699999999999998      -0.73619916468841173       -1.2519761766792585     
  0.59799999999999998      -0.73741838006281524       -1.1864288951021418     
  0.59899999999999998      -0.73857201777549231       -1.1208218138500945     
  0.59999999999999998      -0.73966002104743456       -1.0551609744081951     
  0.60099999999999998      -0.74068233913756909      -0.98945241107195092     
  0.60199999999999998      -0.74163892733527681      -0.92370215036306402     
  0.60299999999999998      -0.74252974695232732      -0.85791621044775912     
  0.60399999999999998      -0.74335476531423417      -0.79210060055773046     
  0.60499999999999998      -0.74411395575103167      -0.72626132041376312     
  0.60599999999999998      -0.74480729758747710      -0.66040435965208566     
  0.60699999999999998      -0.74543477613268061      -0.59453569725350852     
  0.60799999999999998      -0.74599638266916546      -0.52866130097540343     
  0.60899999999999999      -0.74649211444136199      -0.46278712678657785     
  0.60999999999999999      -0.74692197464353771      -0.39691911830509830     
  0.61099999999999999      -0.74728597240716677      -0.33106320623911534     
  0.61199999999999999      -0.74758412278774189      -0.26522530783074344     
  0.61299999999999999      -0.74781644675103154      -0.19941132630304709     
  0.61399999999999999      -0.74798297115878587      -0.13362715031018524     
  0.61499999999999999      -0.74808372875389406       -6.7878653390764501E-002
  0.61599999999999999      -0.74811875814499706       -2.1716934244519204E-003
  0.61699999999999999      -0.74808810379055846        6.3487887908103238E-002
  0.61799999999999999      -0.74799181598239650       0.12909426566198928     
  0.61899999999999999      -0.74782995082868209       0.19464163216134489     
  0.62000000000000000      -0.74760257023640397       0.26012419752921684     
  0.62100000000000000      -0.74730974189330690       0.32553619021391506     
  0.62200000000000000      -0.74695153924930457       0.39087185751181841     
  0.62300000000000000      -0.74652804149737151       0.45612546608658477     
  0.62400000000000000      -0.74603933355391805       0.52129130248471933     
  0.62500000000000000      -0.74548550603865127       0.58636367364745678     
  0.62600000000000000      -0.74486665525392581       0.65133690741891215     
  0.62700000000000000      -0.74418288316358860       0.71620535305045685     
  0.62800000000000000      -0.74343429737132127       0.78096338170127644     
  0.62900000000000000      -0.74262101109848344       0.84560538693506770     
  0.63000000000000000      -0.74174314316146184       0.91012578521283238     
  0.63100000000000001      -0.74080081794852803       0.97451901638172711     
  0.63200000000000001      -0.73979416539620968        1.0387795441599275     
  0.63300000000000001      -0.73872332096517901        1.1029018566174673     
  0.63400000000000001      -0.73758842561566207        1.1668804666530124     
  0.63500000000000001      -0.73638962578237366        1.2307099124665308     
  0.63600000000000001      -0.73512707334898131        1.2943847580278209     
  0.63700000000000001      -0.73380092562210308        1.3578995935408591     
  0.63800000000000001      -0.73241134530484320        1.4212490359039311     
  0.63900000000000001      -0.73095850046986921        1.4844277291655097     
  0.64000000000000001      -0.72944256453203593        1.5474303449758431     
  0.64100000000000001      -0.72786371622055979        1.6102515830342197     
  0.64200000000000002      -0.72622213955074788        1.6728861715318732     
  0.64300000000000002      -0.72451802379528651        1.7353288675904963     
  0.64400000000000002      -0.72275156345509350        1.7975744576963275     
  0.64500000000000002      -0.72092295822973851        1.8596177581297804     
  0.64600000000000002      -0.71903241298743581        1.9214536153905823     
  0.64700000000000002      -0.71708013773461443        1.9830769066183918     
  0.64800000000000002      -0.71506634758507015        2.0444825400088638     
  0.64900000000000002      -0.71299126272870306        2.1056654552251333     
  0.65000000000000002      -0.71085510839984656        2.1666206238046870     
  0.65100000000000002      -0.70865811484519159        2.2273430495615960     
  0.65200000000000002      -0.70640051729131070        2.2878277689840791     
  0.65300000000000002      -0.70408255591178759        2.3480698516273733     
  0.65400000000000003      -0.70170447579395523        2.4080644005018801     
  0.65500000000000003      -0.69926652690524893        2.4678065524565644     
  0.65600000000000003      -0.69676896405917810        2.5272914785575815     
  0.65700000000000003      -0.69421204688092186        2.5865143844621055     
  0.65800000000000003      -0.69159603977255302        2.6454705107873342     
  0.65900000000000003      -0.68892121187789579        2.7041551334746523     
  0.66000000000000003      -0.68618783704702169        2.7625635641489219     
  0.66100000000000003      -0.68339619380038830        2.8206911504728867     
  0.66200000000000003      -0.68054656529262636        2.8785332764966642     
  0.66300000000000003      -0.67763923927598002        2.9360853630023036     
  0.66400000000000003      -0.67467450806340445        2.9933428678433933     
  0.66500000000000004      -0.67165266849132677        3.0503012862796965     
  0.66600000000000004      -0.66857402188207471        3.1069561513067963     
  0.66700000000000004      -0.66543887400597823        3.1633030339807315     
  0.66800000000000004      -0.66224753504314859        3.2193375437376086     
  0.66900000000000004      -0.65900031954494109        3.2750553287081674     
  0.67000000000000004      -0.65569754639510491        3.3304520760272918     
  0.67100000000000004      -0.65233953877062667        3.3855235121384442     
  0.67200000000000004      -0.64892662410227175        3.4402654030930107     
  0.67300000000000004      -0.64545913403482891        3.4946735548445433     
  0.67400000000000004      -0.64193740438706304        3.5487438135378859     
  0.67500000000000004      -0.63836177511138181        3.6024720657931706     
  0.67600000000000005      -0.63473259025322037        3.6558542389846709     
  0.67700000000000005      -0.63105019791015005        3.7088863015145033     
  0.67800000000000005      -0.62731495019071581        3.7615642630811639     
  0.67900000000000005      -0.62352720317300814        3.8138841749428902     
  0.68000000000000005      -0.61968731686297351        3.8658421301758392     
  0.68100000000000005      -0.61579565515246970        3.9174342639270723     
  0.68200000000000005      -0.61185258577707058        3.9686567536623381     
  0.68300000000000005      -0.60785848027362599        4.0195058194086490     
  0.68400000000000005      -0.60381371393758121        4.0699777239916370     
  0.68500000000000005      -0.59971866578006205        4.1200687732676906     
  0.68600000000000005      -0.59557371848473017        4.1697753163508633     
  0.68700000000000006      -0.59137925836441418        4.2190937458345470     
  0.68800000000000006      -0.58713567531752187        4.2680204980079077     
  0.68900000000000006      -0.58284336278423832        4.3165520530670802     
  0.69000000000000006      -0.57850271770251560        4.3646849353211197     
  0.69100000000000006      -0.57411414046385933        4.4124157133926998     
  0.69200000000000006      -0.56967803486891666        4.4597410004135680     
  0.69300000000000006      -0.56519480808287181        4.5066574542147455     
  0.69400000000000006      -0.56066487059065429        4.5531617775114759     
  0.69500000000000006      -0.55608863615196380        4.5992507180829234     
  0.69600000000000006      -0.55146652175611932        4.6449210689466200     
  0.69700000000000006      -0.54679894757673553        4.6901696685276582     
  0.69800000000000006      -0.54208633692623276        4.7349934008226393     
  0.69900000000000007      -0.53732911621018609        4.7793891955583740     
  0.70000000000000007      -0.53252771488151773        4.8233540283453396     
  0.70100000000000007      -0.52768256539453906        4.8668849208258944     
  0.70200000000000007      -0.52279410315884678        4.9099789408172603     
  0.70300000000000007      -0.51786276649307883        4.9526332024492721     
  0.70399999999999996      -0.51288899657853526        4.9948448662968996     
  0.70499999999999996      -0.50787323741266877        5.0366111395075510     
  0.70599999999999996      -0.50281593576245120        5.0779292759231627     
  0.70699999999999996      -0.49771754111762007        5.1187965761970808     
  0.70799999999999996      -0.49257850564381078        5.1592103879057447     
  0.70899999999999996      -0.48739928413558009        5.1991681056551773     
  0.70999999999999996      -0.48218033396932547        5.2386671711822963     
  0.71099999999999997      -0.47692211505610577        5.2777050734510507     
  0.71199999999999997      -0.47162508979436824        5.3162793487433921     
  0.71299999999999997      -0.46628972302258737        5.3543875807450956     
  0.71399999999999997      -0.46091648197182034        5.3920274006264393     
  0.71499999999999997      -0.45550583621818425        5.4291964871177498     
  0.71599999999999997      -0.45005825763526064        5.4658925665798321     
  0.71699999999999997      -0.44457422034643190        5.5021134130692957     
  0.71799999999999997      -0.43905420067715500        5.5378568483987802     
  0.71899999999999997      -0.43349867710717749        5.5731207421921125     
  0.71999999999999997      -0.42790813022270102        5.6079030119343889     
  0.72099999999999997      -0.42228304266849698        5.6422016230170158     
  0.72199999999999998      -0.41662389909997999        5.6760145887777078     
  0.72299999999999998      -0.41093118613524365        5.7093399705354733     
  0.72399999999999998      -0.40520539230706398        5.7421758776205918     
  0.72499999999999998      -0.39944700801487520        5.7745204673996087     
  0.72599999999999998      -0.39365652547672320        5.8063719452953588     
  0.72699999999999998      -0.38783443868120115        5.8377285648020418     
  0.72799999999999998      -0.38198124333937294        5.8685886274953596     
  0.72899999999999998      -0.37609743683668850        5.8989504830377468     
  0.72999999999999998      -0.37018351818489675        5.9288125291786979     
  0.73099999999999998      -0.36423998797396034        5.9581732117502284     
  0.73199999999999998      -0.35826734832397739        5.9870310246574716     
  0.73299999999999998      -0.35226610283711535        6.0153845098644512     
  0.73399999999999999      -0.34623675654956104        6.0432322573750312     
  0.73499999999999999      -0.34017981588349261        6.0705729052090804     
  0.73599999999999999      -0.33409578859907724        6.0974051393738664     
  0.73699999999999999      -0.32798518374650032        6.1237276938307001     
  0.73799999999999999      -0.32184851161802996        6.1495393504568598     
  0.73899999999999999      -0.31568628370012203        6.1748389390028127     
  0.73999999999999999      -0.30949901262557045        6.1996253370447603     
  0.74099999999999999      -0.30328721212570708        6.2238974699325293     
  0.74199999999999999      -0.29705139698265626        6.2476543107328384     
  0.74299999999999999      -0.29079208298164805        6.2708948801679609     
  0.74399999999999999      -0.28450978686339545        6.2936182465498085     
  0.74500000000000000      -0.27820502627653965        6.3158235257094670     
  0.74600000000000000      -0.27187831973016785        6.3375098809222052     
  0.74700000000000000      -0.26553018654640870        6.3586765228279871     
  0.74800000000000000      -0.25916114681310914        6.3793227093475107     
  0.74900000000000000      -0.25277172133659753        6.3994477455938084     
  0.75000000000000000      -0.24636243159453747        6.4190509837794290     
  0.75100000000000000      -0.23993379968887649        6.4381318231192299     
  0.75200000000000000      -0.23348634829889420        6.4566897097288196     
  0.75300000000000000      -0.22702060063435422        6.4747241365186623     
  0.75400000000000000      -0.22053708038876405        6.4922346430838864     
  0.75500000000000000      -0.21403631169274728        6.5092208155898250     
  0.75600000000000001      -0.20751881906753253        6.5256822866533133     
  0.75700000000000001      -0.20098512737856300        6.5416187352197799     
  0.75800000000000001      -0.19443576178923111        6.5570298864361565     
  0.75900000000000001      -0.18787124771474234        6.5719155115196433     
  0.76000000000000001      -0.18129211077611235        6.5862754276223585     
  0.76100000000000001      -0.17469887675430135        6.6001094976919026     
  0.76200000000000001      -0.16809207154449021        6.6134176303278727     
  0.76300000000000001      -0.16147222111050183        6.6261997796343550     
  0.76400000000000001      -0.15483985143937207        6.6384559450684364     
  0.76500000000000001      -0.14819548849607425        6.6501861712847568     
  0.76600000000000001      -0.14153965817840092        6.6613905479761488     
  0.76700000000000002      -0.13487288627200700        6.6720692097103838     
  0.76800000000000002      -0.12819569840561817        6.6822223357630719     
  0.76900000000000002      -0.12150862000640812        6.6918501499467427     
  0.77000000000000002      -0.11481217625554872        6.7009529204361415     
  0.77100000000000002      -0.10810689204393675        6.7095309595897792     
  0.77200000000000002      -0.10139329192810094        6.7175846237677694     
  0.77300000000000002       -9.4671900086292976E-002   6.7251143131459861     
  0.77400000000000002       -8.7943240274766243E-002   6.7321204715265797     
  0.77500000000000002       -8.1207835784245785E-002   6.7386035861448894     
  0.77600000000000002       -7.4466209396593194E-002   6.7445641874727826     
  0.77700000000000002       -6.7718883341669894E-002   6.7500028490184629     
  0.77800000000000002       -6.0966379254402368E-002   6.7549201871227789     
  0.77900000000000003       -5.4209218132052851E-002   6.7593168607520751     
  0.78000000000000003       -4.7447920291698836E-002   6.7631935712876192     
  0.78100000000000003       -4.0683005327924869E-002   6.7665510623116409     
  0.78200000000000003       -3.3914992070729989E-002   6.7693901193900281     
  0.78300000000000003       -2.7144398543654118E-002   6.7717115698517070     
  0.78400000000000003       -2.0371741922126711E-002   6.7735162825647519     
  0.78500000000000003       -1.3597538492040918E-002   6.7748051677092613     
  0.78600000000000003       -6.8223036085564804E-003   6.7755791765470370     
  0.78700000000000003       -4.6551655134507118E-005   6.7758393011881042     
  0.78800000000000003        6.7292039971926830E-003   6.7755865743541124     
  0.78900000000000003        1.3504451030313600E-002   6.7748220691386596     
  0.79000000000000004        2.0278678219288401E-002   6.7735468987645717     
  0.79100000000000004        2.7051375472355497E-002   6.7717622163381810     
  0.79200000000000004        3.3822033870690944E-002   6.7694692146006394     
  0.79300000000000004        4.0590145707917705E-002   6.7666691256763141     
  0.79400000000000004        4.7355204529361844E-002   6.7633632208182926     
  0.79500000000000004        5.4116705171052784E-002   6.7595528101510505     
  0.79600000000000004        6.0874143798464876E-002   6.7552392424103083     
  0.79700000000000004        6.7627017944997397E-002   6.7504239046801295     
  0.79800000000000004        7.4374826550190301E-002   6.7451082221272936     
  0.79900000000000004        8.1117069997673000E-002   6.7392936577329827     
  0.80000000000000004        8.7853250152843482E-002   6.7329817120218278     
  0.80100000000000005        9.4582870400275229E-002   6.7261739227883517     
  0.80200000000000005       0.10130543568084921        6.7188718648208487     
  0.80300000000000005       0.10802045252860856        6.7110771496227430     
  0.80400000000000005       0.11472742910733336        6.7027914251314682     
  0.80500000000000005       0.12142587524683304        6.6940163754349031     
  0.80600000000000005       0.12811530247895409        6.6847537204854124     
  0.80700000000000005       0.13479522407330047        6.6750052158115274     
  0.80800000000000005       0.14146515507266477        6.6647726522273087     
  0.80900000000000005       0.14812461232816743        6.6540578555394365     
  0.81000000000000005       0.15477311453410192        6.6428626862520632     
  0.81100000000000005       0.16141018226248383        6.6311890392694748     
  0.81200000000000006       0.16803533799730130        6.6190388435965994     
  0.81300000000000006       0.17464810616846518        6.6064140620374028     
  0.81400000000000006       0.18124801318545630        6.5933166908912213     
  0.81500000000000006       0.18783458747066822        6.5797487596470594     
  0.81600000000000006       0.19440735949244317        6.5657123306759049     
  0.81700000000000006       0.20096586179779946        6.5512094989210992     
  0.81800000000000006       0.20750962904484815        6.5362423915868026     
  0.81900000000000006       0.21403819803489740        6.5208131678246000     
  0.82000000000000006       0.22055110774424236        6.5049240184182837     
  0.82100000000000006       0.22704789935563913        6.4885771654668583     
  0.82200000000000006       0.23352811628946069        6.4717748620658089     
  0.82300000000000006       0.23999130423453333        6.4545193919866728     
  0.82400000000000007       0.24643701117865180        6.4368130693549563     
  0.82500000000000007       0.25286478743877161        6.4186582383264401     
  0.82600000000000007       0.25927418569087679        6.4000572727619112     
  0.82700000000000007       0.26566476099952158        6.3810125759003675     
  0.82800000000000007       0.27203607084704473        6.3615265800307315     
  0.82900000000000007       0.27838767516245461        6.3416017461621168     
  0.83000000000000007       0.28471913634998397        6.3212405636926903     
  0.83100000000000007       0.29103001931731298        6.3004455500771686     
  0.83200000000000007       0.29731989150345883        6.2792192504929893     
  0.83299999999999996       0.30358832290633103        6.2575642375052034     
  0.83399999999999996       0.30983488610995114        6.2354831107301250     
  0.83499999999999996       0.31605915631133513        6.2129784964977794     
  0.83599999999999997       0.32226071134703804        6.1900530475131941     
  0.83699999999999997       0.32843913171935907        6.1667094425165709     
  0.83799999999999997       0.33459400062220640        6.1429503859423775     
  0.83899999999999997       0.34072490396662070        6.1187786075774095     
  0.83999999999999997       0.34683143040595599        6.0941968622178466     
  0.84099999999999997       0.35291317136071720        6.0692079293253638     
  0.84199999999999997       0.35896972104305336        6.0438146126823167     
  0.84299999999999997       0.36500067648090551        6.0180197400460615     
  0.84399999999999997       0.37100563754180854        5.9918261628024352     
  0.84499999999999997       0.37698420695634610        5.9652367556184416     
  0.84599999999999997       0.38293599034125780        5.9382544160941846     
  0.84699999999999998       0.38886059622219810        5.9108820644140865     
  0.84799999999999998       0.39475763605614583        5.8831226429974315     
  0.84899999999999998       0.40062672425346413        5.8549791161482752     
  0.84999999999999998       0.40646747819961004        5.8264544697047569     
  0.85099999999999998       0.41227951827649290        5.7975517106878565     
  0.85199999999999998       0.41806246788348145        5.7682738669496345     
  0.85299999999999998       0.42381595345805889        5.7386239868209961     
  0.85399999999999998       0.42953960449612533        5.7086051387590144     
  0.85499999999999998       0.43523305357194753        5.6782204109938537     
  0.85599999999999998       0.44089593635775548        5.6474729111753348     
  0.85699999999999998       0.44652789164298495        5.6163657660191717     
  0.85799999999999998       0.45212856135316665        5.5849021209529308     
  0.85899999999999999       0.45769759056846088        5.5530851397617393     
  0.85999999999999999       0.46323462754183786        5.5209180042337866     
  0.86099999999999999       0.46873932371690358        5.4884039138056568     
  0.86199999999999999       0.47421133374537072        5.4555460852075255     
  0.86299999999999999       0.47965031550417503        5.4223477521082657     
  0.86399999999999999       0.48505593011223636        5.3888121647604921     
  0.86499999999999999       0.49042784194686506        5.3549425896455869     
  0.86599999999999999       0.49576571865981328        5.3207423091187431     
  0.86699999999999999       0.50106923119297142        5.2862146210540555     
  0.86799999999999999       0.50633805379370944        5.2513628384897082     
  0.86899999999999999       0.51157186402986399        5.2161902892732837     
  0.87000000000000000       0.51677034280437018        5.1807003157072327     
  0.87100000000000000       0.52193317436953945        5.1448962741945472     
  0.87200000000000000       0.52706004634098313        5.1087815348846632     
  0.87300000000000000       0.53215064971118209        5.0723594813196344     
  0.87400000000000000       0.53720467886270218        5.0356335100806087     
  0.87500000000000000       0.54222183158105719        4.9986070304346457     
  0.87600000000000000       0.54720180906721816        4.9612834639819106     
  0.87700000000000000       0.55214431594977031        4.9236662443032717     
  0.87800000000000000       0.55704906029671786        4.8857588166083481     
  0.87900000000000000       0.56191575362693680        4.8475646373840302     
  0.88000000000000000       0.56674411092127686        4.8090871740435146     
  0.88100000000000001       0.57153385063331252        4.7703299045758829     
  0.88200000000000001       0.57628469469974408        4.7312963171962599     
  0.88300000000000001       0.58099636855044900        4.6919899099965843     
  0.88400000000000001       0.58566860111818442        4.6524141905970255     
  0.88500000000000001       0.59030112484794128        4.6125726757980754     
  0.88600000000000001       0.59489367570595131        4.5724688912333527     
  0.88700000000000001       0.59944599318834657        4.5321063710231488     
  0.88800000000000001       0.60395782032947365        4.4914886574287500     
  0.88900000000000001       0.60842890370986180        4.4506193005075652     
  0.89000000000000001       0.61285899346384720        4.4095018577690901     
  0.89100000000000001       0.61724784328685345        4.3681398938317431     
  0.89200000000000002       0.62159521044232935        4.3265369800805971     
  0.89300000000000002       0.62590085576834487        4.2846966943260467     
  0.89400000000000002       0.63016454368384600        4.2426226204634352     
  0.89500000000000002       0.63438604219457018        4.2003183481336714     
  0.89600000000000002       0.63856512289862266        4.1577874723848680     
  0.89700000000000002       0.64270156099171505        4.1150335933350313     
  0.89800000000000002       0.64679513527206678        4.0720603158358326     
  0.89900000000000002       0.65084562814497138        4.0288712491374863     
  0.90000000000000002       0.65485282562702796        3.9854700065547664     
  0.90100000000000002       0.65881651735003921        3.9418602051341924     
  0.90200000000000002       0.66273649656457745        3.8980454653224061     
  0.90300000000000002       0.66661256014321935        3.8540294106357731     
  0.90400000000000003       0.67044450858345106        3.8098156673312342     
  0.90500000000000003       0.67423214601024484        3.7654078640784361     
  0.90600000000000003       0.67797528017830822        3.7208096316331640     
  0.90700000000000003       0.68167372247400781        3.6760246025121077     
  0.90800000000000003       0.68532728791696784        3.6310564106689860     
  0.90900000000000003       0.68893579516134618        3.5859086911720537     
  0.91000000000000003       0.69249906649678794        3.5405850798830212     
  0.91100000000000003       0.69601692784905944        3.4950892131374074     
  0.91200000000000003       0.69948920878036236        3.4494247274263556     
  0.91300000000000003       0.70291574248933142        3.4035952590799350     
  0.91400000000000003       0.70629636581071520        3.3576044439519523     
  0.91500000000000004       0.70963091921474342        3.3114559171063003     
  0.91600000000000004       0.71291924680618046        3.2651533125048631     
  0.91700000000000004       0.71616119632306841        3.2187002626970078     
  0.91800000000000004       0.71935661913515958        3.1721003985106808     
  0.91900000000000004       0.72250537024204176        3.1253573487451334     
  0.92000000000000004       0.72560730827095643        3.0784747398653032     
  0.92100000000000004       0.72866229547431249        3.0314561956978672     
  0.92200000000000004       0.73167019772689657        2.9843053371289949     
  0.92300000000000004       0.73463088452278236        2.9370257818038206     
  0.92400000000000004       0.73754422897194016        2.8896211438276560     
  0.92500000000000004       0.74041010779654803        2.8420950334689672     
  0.92600000000000005       0.74322840132700785        2.7944510568641334     
  0.92700000000000005       0.74599899349766585        2.7466928157240109     
  0.92800000000000005       0.74872177184224142        2.6988239070423226     
  0.92900000000000005       0.75139662748896507        2.6508479228058901     
  0.93000000000000005       0.75402345515542746        2.6027684497067343     
  0.93100000000000005       0.75660215314314117        2.5545890688560551     
  0.93200000000000005       0.75913262333181819        2.5063133555001187     
  0.93300000000000005       0.76161477117336340        2.4579448787380658     
  0.93400000000000005       0.76404850568558746        2.4094872012416579     
  0.93500000000000005       0.76643373944563997        2.3609438789769870     
  0.93600000000000005       0.76877038858316560        2.3123184609281577     
  0.93700000000000006       0.77105837277318501        2.2636144888229670     
  0.93800000000000006       0.77329761522870200        2.2148354968605930     
  0.93900000000000006       0.77548804269303973        2.1659850114413137     
  0.94000000000000006       0.77762958543190763        2.1170665508982709     
  0.94100000000000006       0.77972217722520110        2.0680836252312949     
  0.94200000000000006       0.78176575535853599        2.0190397358428065     
  0.94300000000000006       0.78376026061451975        1.9699383752758135     
  0.94400000000000006       0.78570563726376264        1.9207830269540138     
  0.94500000000000006       0.78760183305562870        1.8715771649240232     
  0.94600000000000006       0.78944879920873112        1.8223242535997408     
  0.94700000000000006       0.79124649040117245        1.7730277475088685     
  0.94800000000000006       0.79299486476053294        1.7236910910415946     
  0.94900000000000007       0.79469388385360806        1.6743177182014601     
  0.95000000000000007       0.79634351267589820        1.6249110523584189     
  0.95100000000000007       0.79794371964085287        1.5754745060041031     
  0.95200000000000007       0.79949447656887063        1.5260114805093106     
  0.95300000000000007       0.80099575867605821        1.4765253658837236     
  0.95400000000000007       0.80244754456275036        1.4270195405378732     
  0.95500000000000007       0.80384981620179230        1.3774973710473579     
  0.95600000000000007       0.80520255892658832        1.3279622119193339     
  0.95700000000000007       0.80650576141891717        1.2784174053612816     
  0.95800000000000007       0.80775941569651810        1.2288662810520632     
  0.95900000000000007       0.80896351710044878        1.1793121559152830     
  0.95999999999999996       0.81011806428221733        1.1297583338949566     
  0.96099999999999997       0.81122305919069215        1.0802081057335027     
  0.96199999999999997       0.81227850705879001        1.0306647487520650     
  0.96299999999999997       0.81328441638994586       0.98113152663317593     
  0.96399999999999997       0.81424079894436696       0.93161168920576820     
  0.96499999999999997       0.81514766972507247       0.88210847223254574     
  0.96599999999999997       0.81600504696372222       0.83262509719972067     
  0.96699999999999997       0.81681295210623595       0.78316477110912563     
  0.96799999999999997       0.81757140979820597       0.73373068627270843     
  0.96899999999999997       0.81828044787010579       0.68432602010941723     
  0.96999999999999997       0.81894009732229645       0.63495393494448349     
  0.97099999999999997       0.81955039230983373       0.58561757781110879     
  0.97199999999999998       0.82011137012707758       0.53632008025456357     
  0.97299999999999998       0.82062307119210776       0.48706455813870253     
  0.97399999999999998       0.82108553903094639       0.43785411145490460     
  0.97499999999999998       0.82149882026159138       0.38869182413344128     
  0.97599999999999998       0.82186296457786179       0.33958076385728037     
  0.97699999999999998       0.82217802473305845       0.29052398187832940     
  0.97799999999999998       0.82244405652344232       0.24152451283612383     
  0.97899999999999998       0.82266111877153236       0.19258537457896485     
  0.97999999999999998       0.82282927330922606       0.14370956798751064     
  0.98099999999999998       0.82294858496074463        9.4900076800825350E-002
  0.98199999999999998       0.82301912152540546        4.6159867444889598E-002
  0.98299999999999998       0.82304095376022446       -2.5081111364244346E-003
  0.98399999999999999       0.82301415536235045       -5.1100927647909890E-002
  0.98499999999999999       0.82293880295133426       -9.9615668607111324E-002
  0.98599999999999999       0.82281497605123510      -0.14804943850593749     
  0.98699999999999999       0.82264275707256640      -0.19639935996979854     
  0.98799999999999999       0.82242223129408398      -0.24466257391426549     
  0.98899999999999999       0.82215348684441836      -0.29283623969925049     
  0.98999999999999999       0.82183661468355473      -0.34091753528070623     
  0.99099999999999999       0.82147170858416196      -0.38890365735984328     
  0.99199999999999999       0.82105886511277393      -0.43679182152986479     
  0.99299999999999999       0.82059818361082504      -0.48457926242021759     
  0.99399999999999999       0.82008976617554308      -0.53226323383835950     
  0.99500000000000000       0.81953371764070149      -0.57984100890904255     
  0.99600000000000000       0.81893014555723342      -0.62730988021111300     
  0.99700000000000000       0.81827916017371038      -0.67466715991182746     
  0.99800000000000000       0.81758087441668759      -0.72191017989868667     
  0.99900000000000000       0.81683540387091902      -0.76903629190878786     
   1.0000000000000000       0.81604286675944426      -0.81604286765569689     
