   0.0000000000000000      -0.70710678118654746       0.70710678118654746     
   1.0000000000000000E-003 -0.70633215176242725       0.84212753102011040     
   2.0000000000000000E-003 -0.70542258031458671       0.97698655445091132     
   3.0000000000000001E-003 -0.70437824152056794        1.1116579547665701     
   4.0000000000000001E-003 -0.70319933593655559        1.2461158722180434     
   5.0000000000000001E-003 -0.70188608995786606        1.3803344891132814     
   6.0000000000000001E-003 -0.70043875577434755        1.5142880349022358     
   7.0000000000000001E-003 -0.69885761132069923        1.6479507912521760     
   8.0000000000000002E-003 -0.69714296022172106        1.7812970971122679     
   9.0000000000000011E-003 -0.69529513173250423        1.9143013537663769     
   1.0000000000000000E-002 -0.69331448067357571        2.0469380298730537     
   1.0999999999999999E-002 -0.69120138736100900        2.1791816664916710     
   1.2000000000000000E-002 -0.68895625753151668        2.3110068820936744     
   1.3000000000000001E-002 -0.68657952226253949        2.4423883775579220     
   1.4000000000000000E-002 -0.68407163788734793        2.5733009411490841     
   1.4999999999999999E-002 -0.68143308590517526        2.7037194534780826     
   1.6000000000000000E-002 -0.67866437288639858        2.8336188924435497     
   1.7000000000000001E-002 -0.67576603037278882        2.9629743381532938     
   1.8000000000000002E-002 -0.67273861477284980        3.0917609778247632     
   1.9000000000000000E-002 -0.66958270725226743        3.2199541106634983     
   2.0000000000000000E-002 -0.66629891361949212        3.3475291527185762     
   2.1000000000000001E-002 -0.66288786420647750        3.4744616417140510     
   2.1999999999999999E-002 -0.65935021374460023        3.6007272418553979     
   2.3000000000000000E-002 -0.65568664123578624        3.7263017486099779     
   2.4000000000000000E-002 -0.65189784981886989        3.8511610934605440     
   2.5000000000000001E-002 -0.64798456663121362        3.9752813486308129     
   2.6000000000000002E-002 -0.64394754266561616        4.0986387317821400     
   2.7000000000000000E-002 -0.63978755262253917        4.2212096106803285     
   2.8000000000000001E-002 -0.63550539475768242        4.3429705078316303     
   2.9000000000000001E-002 -0.63110189072493850        4.4638981050869750     
   2.9999999999999999E-002 -0.62657788541475967        4.5839692482135028     
   3.1000000000000000E-002 -0.62193424678797027        4.7031609514324524     
   3.2000000000000001E-002 -0.61717186570505789        4.8214504019224877     
   3.3000000000000002E-002 -0.61229165575097955        4.9388149642875394     
   3.4000000000000002E-002 -0.60729455305551716        5.0552321849882507     
   3.5000000000000003E-002 -0.60218151610922144        5.1706797967361249     
   3.6000000000000004E-002 -0.59695352557497960        5.2851357228494793     
   3.6999999999999998E-002 -0.59161158409524695        5.3985780815703137     
   3.7999999999999999E-002 -0.58615671609498166        5.5109851903412217     
   3.9000000000000000E-002 -0.58058996758032289        5.6223355700414723     
   4.0000000000000001E-002 -0.57491240593305348        5.7326079491813973     
   4.1000000000000002E-002 -0.56912511970088953        5.8417812680542340     
   4.2000000000000003E-002 -0.56322921838363993        5.9498346828445845     
   4.3000000000000003E-002 -0.55722583221527910        6.0567475696926509     
   4.3999999999999997E-002 -0.55111611194197851        6.1624995287134299     
   4.4999999999999998E-002 -0.54490122859614121        6.2670703879700431     
   4.5999999999999999E-002 -0.53858237326648672        6.3704402074004083     
   4.7000000000000000E-002 -0.53216075686423303        6.4725892826964513     
   4.8000000000000001E-002 -0.52563760988542296        6.5734981491350757     
   4.9000000000000002E-002 -0.51901418216944450        6.6731475853601179     
   5.0000000000000003E-002 -0.51229174265379362        6.7715186171145252     
   5.1000000000000004E-002 -0.50547157912513052        6.8685925209219985     
   5.2000000000000005E-002 -0.49855499796667918        6.9643508277173698     
   5.2999999999999999E-002 -0.49154332390202338        7.0587753264249704     
   5.3999999999999999E-002 -0.48443789973534979        7.1518480674842806     
   5.5000000000000000E-002 -0.47724008608819257        7.2435513663221531     
   5.6000000000000001E-002 -0.46995126113273267        7.3338678067709040     
   5.7000000000000002E-002 -0.46257282032170621        7.4227802444316016     
   5.8000000000000003E-002 -0.45510617611497745        7.5102718099818642     
   5.9000000000000004E-002 -0.44755275770283198        7.5963259124275222     
   5.9999999999999998E-002 -0.43991401072604641        7.6809262422974838     
   6.0999999999999999E-002 -0.43219139699279208        7.7640567747811708     
   6.2000000000000000E-002 -0.42438639419243018        7.8457017728079057     
   6.3000000000000000E-002 -0.41650049560625679        7.9258457900676298     
   6.4000000000000001E-002 -0.40853520981525682        8.0044736739723632     
   6.5000000000000002E-002 -0.40049206040492624        8.0815705685578116     
   6.6000000000000003E-002 -0.39237258566722311        8.1571219173245471     
   6.7000000000000004E-002 -0.38417833829970766        8.2311134660182166     
   6.8000000000000005E-002 -0.37591088510193299        8.3035312653482034     
   6.9000000000000006E-002 -0.36757180666914807        8.3743616736442394     
   7.0000000000000007E-002 -0.35916269708337534        8.4435913594504246     
   7.1000000000000008E-002 -0.35068516360192581        8.5112073040561516     
   7.2000000000000008E-002 -0.34214082634341519        8.5771968039634476     
   7.2999999999999995E-002 -0.33353131797134433        8.6415474732902489     
   7.3999999999999996E-002 -0.32485828337530875        8.7042472461091371     
   7.4999999999999997E-002 -0.31612337934990209        8.7652843787211001     
   7.5999999999999998E-002 -0.30732827427137821        8.8246474518638589     
   7.6999999999999999E-002 -0.29847464777213800        8.8823253728543445     
   7.8000000000000000E-002 -0.28956419041310660        8.9383073776649233     
   7.9000000000000001E-002 -0.28059860335406817        8.9925830329329575     
   8.0000000000000002E-002 -0.27157959802202397        9.0451422379033346     
   8.1000000000000003E-002 -0.26250889577764203        9.0959752263035796     
   8.2000000000000003E-002 -0.25338822757986545        9.1450725681512210     
   8.3000000000000004E-002 -0.24421933364874726        9.1924251714930438     
   8.4000000000000005E-002 -0.23500396312658028        9.2380242840759301     
   8.5000000000000006E-002 -0.22574387373739052        9.2818614949489593     
   8.6000000000000007E-002 -0.21644083144486290        9.3239287359964820     
   8.7000000000000008E-002 -0.20709661010876854        9.3642182834018843     
   8.7999999999999995E-002 -0.19771299113996316        9.4027227590417777     
   8.8999999999999996E-002 -0.18829176315402596        9.4394351318103595     
   8.9999999999999997E-002 -0.17883472162360939        9.4743487188737170     
   9.0999999999999998E-002 -0.16934366852956961        9.5074571868538396     
   9.1999999999999998E-002 -0.15982041201094818        9.5387545529421480     
   9.2999999999999999E-002 -0.15026676601387554        9.5682351859423420     
   9.4000000000000000E-002 -0.14068454993946711        9.5958938072423852     
   9.5000000000000001E-002 -0.13107558829078286        9.6217254917154733     
   9.6000000000000002E-002 -0.12144171031892149        9.6457256685498383     
   9.7000000000000003E-002 -0.11178474966832042        9.6678901220072540     
   9.8000000000000004E-002 -0.10210654402133300        9.6882149921101295     
   9.9000000000000005E-002  -9.2408934742154392E-002   9.7066967752570914     
  0.10000000000000001       -8.2693766520167605E-002   9.7233323247669574     
  0.10100000000000001       -7.2962887012781474E-002   9.7381188513510519     
  0.10200000000000001       -6.3218146487832069E-002   9.7510539235137852     
  0.10300000000000001       -5.3461397465619488E-002   9.7621354678814711     
  0.10400000000000001       -4.3694494360651710E-002   9.7713617694593502     
  0.10500000000000000       -3.3919293123167313E-002   9.7787314718168084     
  0.10600000000000000       -2.4137650880508864E-002   9.7842435772008027     
  0.10700000000000000       -1.4351425578418798E-002   9.7878974465775084     
  0.10800000000000000       -4.5624756223295124E-003   9.7896927996022178     
  0.10900000000000000        5.2273404812806009E-003   9.7896297145175524     
  0.11000000000000000        1.5016164483393497E-002   9.7877086279800452     
  0.11100000000000000        2.4802138750748631E-002   9.7839303348151745     
  0.11200000000000000        3.4583406623859406E-002   9.7782959877009450     
  0.11300000000000000        4.4358112774677536E-002   9.7708070967801319     
  0.11400000000000000        5.4124403563834023E-002   9.7614655292013008     
  0.11500000000000000        6.3880427397385614E-002   9.7502735085887533     
  0.11600000000000001        7.3624335082995693E-002   9.7372336144415517     
  0.11700000000000001        8.3354280185478899E-002   9.7223487814617862     
  0.11800000000000001        9.3068419381638581E-002   9.7056222988122798     
  0.11900000000000001       0.10276491281432690        9.6870578093039175     
  0.12000000000000000       0.11244192444565704        9.6666593085128181     
  0.12100000000000000       0.12209762240929771        9.6444311438275889     
  0.12200000000000000       0.13173017936177994        9.6203780134268833     
  0.12300000000000000       0.14133777283274682        9.5945049651875323     
  0.12400000000000000       0.15091858557407667        9.5668173955235307     
  0.12500000000000000       0.16047080590781077        9.5373210481561355     
  0.12600000000000000       0.16999262807281687        9.5060220128154072     
  0.12700000000000000       0.17948225257012018        9.4729267238734902     
  0.12800000000000000       0.18893788650683349        9.4380419589099667     
  0.12900000000000000       0.19835774393861894        9.4013748372096213     
  0.13000000000000000       0.20774004621061390        9.3629328181929843     
  0.13100000000000001       0.21708302229675391        9.3227236997800080     
  0.13200000000000001       0.22638490913742604        9.2807556166872764     
  0.13300000000000001       0.23564395197538632        9.2370370386591283     
  0.13400000000000001       0.24485840468987563        9.1915767686331229     
  0.13500000000000001       0.25402653012886811        9.1443839408402550     
  0.13600000000000001       0.26314660043938765        9.0954680188403785     
  0.13700000000000001       0.27221689739582738        9.0448387934932608     
  0.13800000000000001       0.28123571272620823        8.9925063808657608     
  0.13900000000000001       0.29020134843631318        8.9384812200755910     
  0.14000000000000001       0.29911211713163333        8.8827740710721610     
  0.14100000000000001       0.30796634233706410        8.8253960123549930     
  0.14200000000000002       0.31676235881428844        8.7663584386302489     
  0.14300000000000002       0.32549851287678588        8.7056730584058677     
  0.14400000000000002       0.33417316270240660        8.6433518915258780     
  0.14499999999999999       0.34278467864344914        8.5794072666444254     
  0.14599999999999999       0.35133144353418255        8.5138518186400809     
  0.14699999999999999       0.35981185299575336        8.4466984859710106     
  0.14799999999999999       0.36822431573841785        8.3779605079715935     
  0.14899999999999999       0.37656725386104256        8.3076514220910891     
  0.14999999999999999       0.38483910314781422        8.2357850610749619     
  0.15100000000000000       0.39303831336210304        8.1623755500894930     
  0.15200000000000000       0.40116334853742219        8.0874373037903151     
  0.15300000000000000       0.40921268726542820        8.0109850233355004     
  0.15400000000000000       0.41718482298090698        7.9330336933438819     
  0.15500000000000000       0.42507826424369105        7.8535985787992573     
  0.15600000000000000       0.43289153501745414        7.7726952219011638     
  0.15700000000000000       0.44062317494533032        7.6903394388629094     
  0.15800000000000000       0.44827173962230488        7.6065473166575579     
  0.15900000000000000       0.45583580086432568        7.5213352097125830     
  0.16000000000000000       0.46331394697408346        7.4347197365539044     
  0.16100000000000000       0.47070478300341162        7.3467177764000420     
  0.16200000000000001       0.47800693101225517        7.2573464657071201     
  0.16300000000000001       0.48521903032416058        7.1666231946654753     
  0.16400000000000001       0.49233973777823836        7.0745656036486286     
  0.16500000000000001       0.49936772797755113        6.9811915796153778     
  0.16600000000000001       0.50630169353388055        6.8865192524658028     
  0.16700000000000001       0.51314034530882757        6.7905669913519500     
  0.16800000000000001       0.51988241265120139        6.6933534009440097     
  0.16900000000000001       0.52652664363065205        6.5948973176527721     
  0.17000000000000001       0.53307180526750442        6.4952178058091778     
  0.17100000000000001       0.53951668375875061        6.3943341538017897     
  0.17200000000000001       0.54586008470015890        6.2922658701729972     
  0.17300000000000001       0.55210083330445880        6.1890326796748019     
  0.17400000000000002       0.55823777461556201        6.0846545192850163     
  0.17500000000000002       0.56426977371878018        5.9791515341847292     
  0.17599999999999999       0.57019571594700103        5.8725440736978944     
  0.17699999999999999       0.57601450708278545        5.7648526871939065     
  0.17799999999999999       0.58172507355634917        5.6560981199540281     
  0.17899999999999999       0.58732636263939320        5.5463013090025521     
  0.17999999999999999       0.59281734263474783        5.4354833789035819     
  0.18099999999999999       0.59819700306179713        5.3236656375243117     
  0.18200000000000000       0.60346435483764982        5.2108695717657092     
  0.18300000000000000       0.60861843045402519        5.0971168432614995     
  0.18400000000000000       0.61365828414982271        4.9824292840463551     
  0.18500000000000000       0.61858299207934420        4.8668288921942082     
  0.18600000000000000       0.62339165247614048        4.7503378274275958     
  0.18700000000000000       0.62808338581245293        4.6329784066989683     
  0.18800000000000000       0.63265733495422249        4.5147730997448789     
  0.18900000000000000       0.63711266531164024        4.3957445246139937     
  0.19000000000000000       0.64144856498521274        4.2759154431698541     
  0.19100000000000000       0.64566424490731844        4.1553087565693314     
  0.19200000000000000       0.64975893897923032        4.0339475007177192     
  0.19300000000000000       0.65373190420358263        3.9118548417014090     
  0.19400000000000001       0.65758242081225915        3.7890540711991032     
  0.19500000000000001       0.66130979238968279        3.6655686018725184     
  0.19600000000000001       0.66491334599148599        3.5414219627375338     
  0.19700000000000001       0.66839243225854250        3.4166377945167516     
  0.19800000000000001       0.67174642552634301        3.2912398449744256     
  0.19900000000000001       0.67497472392969748        3.1652519642347303     
  0.20000000000000001       0.67807674950274777        3.0386981000843316     
  0.20100000000000001       0.68105194827427529        2.9116022932602350     
  0.20200000000000001       0.68389979035828941        2.7839886727238796     
  0.20300000000000001       0.68661977003988395        2.6558814509224522     
  0.20400000000000001       0.68921140585634844        2.5273049190383978     
  0.20500000000000002       0.69167424067352390        2.3982834422281001     
  0.20600000000000002       0.69400784175739194        2.2688414548507092     
  0.20700000000000002       0.69621180084088841        2.1390034556880990     
  0.20800000000000002       0.69828573418593287        2.0087940031569258     
  0.20899999999999999       0.70022928264066653        1.8782377105137706     
  0.20999999999999999       0.70204211169189235        1.7473592410543457     
  0.21099999999999999       0.70372391151271207        1.6161833033077402     
  0.21199999999999999       0.70527439700535477        1.4847346462266859     
  0.21299999999999999       0.70669330783919460        1.3530380543748219     
  0.21400000000000000       0.70798040848395472        1.2211183431119330     
  0.21500000000000000       0.70913548823809558        1.0890003537781408     
  0.21600000000000000       0.71015836125238763       0.95670894887802149     
  0.21700000000000000       0.71104886654866795       0.82426900726562624     
  0.21800000000000000       0.71180686803378357       0.69170541933137353     
  0.21900000000000000       0.71243225450872227       0.55904308219178767     
  0.22000000000000000       0.71292493967293546       0.42630689488305085     
  0.22100000000000000       0.71328486212385667       0.29352175355933519     
  0.22200000000000000       0.71351198535162108       0.16071254669688054     
  0.22300000000000000       0.71360629772899287        2.7904150304778580E-002
  0.22400000000000000       0.71356781249650647      -0.10487857685657681     
  0.22500000000000001       0.71339656774283111      -0.23761079804841689     
  0.22600000000000001       0.71309262638036686      -0.37026770331695003     
  0.22700000000000001       0.71265607611608206      -0.50282451424618868     
  0.22800000000000001       0.71208702941760471      -0.63525648869930507     
  0.22900000000000001       0.71138562347457757      -0.76753892554757330     
  0.23000000000000001       0.71055202015529129      -0.89964716938595923     
  0.23100000000000001       0.70958640595860911       -1.0315566152344240     
  0.23200000000000001       0.70848899196119786       -1.1632427132240104     
  0.23300000000000001       0.70726001376008063       -1.2946809732667883     
  0.23400000000000001       0.70589973141052809       -1.4258469697087366     
  0.23500000000000001       0.70440842935930559       -1.5567163459646465     
  0.23600000000000002       0.70278641637329542       -1.6872648191341353     
  0.23700000000000002       0.70103402546351190       -1.8174681845978655     
  0.23800000000000002       0.69915161380453150       -1.9473023205930682     
  0.23900000000000002       0.69713956264935728       -2.0767431927674775     
  0.23999999999999999       0.69499827723974128       -2.2057668587107870     
  0.24099999999999999       0.69272818671198666       -2.3343494724627449     
  0.24199999999999999       0.69032974399825409       -2.4624672889970127     
  0.24299999999999999       0.68780342572339614       -2.5900966686799167     
  0.24399999999999999       0.68514973209734664       -2.7172140817032289     
  0.24500000000000000       0.68236918680309022       -2.8437961124901205     
  0.24600000000000000       0.67946233688023960       -2.9698194640734386     
  0.24700000000000000       0.67642975260424887       -3.0952609624454617     
  0.24800000000000000       0.67327202736129155       -3.2200975608783002     
  0.24900000000000000       0.66998977751883360       -3.3443063442141150     
  0.25000000000000000       0.66658364229193112       -3.4678645331243279     
  0.25100000000000000       0.66305428360528540       -3.5907494883370168     
  0.25200000000000000       0.65940238595108580       -3.7129387148316879     
  0.25300000000000000       0.65562865624267574       -3.8344098660006289     
  0.25400000000000000       0.65173382366407318       -3.9551407477760523     
  0.25500000000000000       0.64771863951538233       -4.0751093227222519     
  0.25600000000000001       0.64358387705413045       -4.1942937140919954     
  0.25700000000000001       0.63933033133256667       -4.3126722098463963     
  0.25800000000000001       0.63495881903095952       -4.4302232666375048     
  0.25900000000000001       0.63047017828693086       -4.5469255137528730     
  0.26000000000000001       0.62586526852086433       -4.6627577570213630     
  0.26100000000000001       0.62114497025742799       -4.7776989826794631     
  0.26200000000000001       0.61631018494325041       -4.8917283611974005     
  0.26300000000000001       0.61136183476079153       -5.0048252510643367     
  0.26400000000000001       0.60630086243844827       -5.1169692025319513     
  0.26500000000000001       0.60112823105693836       -5.2281399613157253     
  0.26600000000000001       0.59584492385200416       -5.3383174722532356     
  0.26700000000000002       0.59045194401347956       -5.4474818829188081     
  0.26800000000000002       0.58495031448076495       -5.5556135471938548     
  0.26900000000000002       0.57934107773475385       -5.6626930287922530     
  0.27000000000000002       0.57362529558625697       -5.7687011047401313     
  0.27100000000000002       0.56780404896096970       -5.8736187688094272     
  0.27200000000000002       0.56187843768102930       -5.9774272349046056     
  0.27300000000000002       0.55584958024320907       -6.0801079404019269     
  0.27400000000000002       0.54971861359379703       -6.1816425494406735     
  0.27500000000000002       0.54348669290020812       -6.2820129561657456     
  0.27600000000000002       0.53715499131937794       -6.3812012879210576     
  0.27700000000000002       0.53072469976298808       -6.4791899083931650     
  0.27800000000000002       0.52419702665957280       -6.5759614207045818     
  0.27900000000000003       0.51757319771355803       -6.6714986704562378     
  0.28000000000000003       0.51085445566128329       -6.7657847487185521     
  0.28100000000000003       0.50404206002405871       -6.8588029949706071     
  0.28200000000000003       0.49713728685830894       -6.9505369999869133     
  0.28300000000000003       0.49014142850285647       -7.0409706086712784     
  0.28400000000000003       0.48305579332339810       -7.1300879228372906     
  0.28500000000000003       0.47588170545422753       -7.2178733039349510     
  0.28600000000000003       0.46862050453725868       -7.3043113757229960     
  0.28700000000000003       0.46127354545840382       -7.3893870268864656     
  0.28800000000000003       0.45384219808136173       -7.4730854135990787     
  0.28899999999999998       0.44632784697887135       -7.5553919620300016     
  0.28999999999999998       0.43873189116148664       -7.6362923707945889     
  0.29099999999999998       0.43105574380392869       -7.7157726133487117     
  0.29199999999999998       0.42330083196907214       -7.7938189403262781     
  0.29299999999999998       0.41546859632962235       -7.8704178818195816     
  0.29399999999999998       0.40756049088754126       -7.9455562496021113     
  0.29499999999999998       0.39957798269127903       -8.0192211392934762     
  0.29599999999999999       0.39152255155087023       -8.0913999324661177     
  0.29699999999999999       0.38339568975095212       -8.1620802986934731     
  0.29799999999999999       0.37519890176176446       -8.2312501975392927     
  0.29899999999999999       0.36693370394818947       -8.2988978804878091     
  0.29999999999999999       0.35860162427689146       -8.3650118928144739     
  0.30099999999999999       0.35020420202161512       -8.4295810753969853     
  0.30199999999999999       0.34174298746670329       -8.4925945664663605     
  0.30299999999999999       0.33321954160889339       -8.5540418032977943     
  0.30399999999999999       0.32463543585745319       -8.6139125238410745     
  0.30499999999999999       0.31599225173271678       -8.6721967682903411     
  0.30599999999999999       0.30729158056308076       -8.7288848805929646     
  0.30700000000000000       0.29853502318052244       -8.7839675098973711     
  0.30800000000000000       0.28972418961470064       -8.8374356119396111     
  0.30900000000000000       0.28086069878570064       -8.8892804503685241     
  0.31000000000000000       0.27194617819548478       -8.9394935980093173     
  0.31100000000000000       0.26298226361811028       -8.9880669380654421     
  0.31200000000000000       0.25397059878877604       -9.0349926652586259     
  0.31300000000000000       0.24491283509176057       -9.0802632869069342     
  0.31400000000000000       0.23581063124731261       -9.1238716239407758     
  0.31500000000000000       0.22666565299755709       -9.1658108118567512     
  0.31600000000000000       0.21747957279147812       -9.2060743016092577     
  0.31700000000000000       0.20825406946904168       -9.2446558604398081     
  0.31800000000000000       0.19899082794452008       -9.2815495726439838     
  0.31900000000000001       0.18969153888908064       -9.3167498402760032     
  0.32000000000000001       0.18035789841270106       -9.3502513837908694     
  0.32100000000000001       0.17099160774547384       -9.3820492426240865     
  0.32200000000000001       0.16159437291836226       -9.4121387757089359     
  0.32300000000000001       0.15216790444347014       -9.4405156619313377     
  0.32400000000000001       0.14271391699388808       -9.4671759005223137     
  0.32500000000000001       0.13323412908317828       -9.4921158113880804     
  0.32600000000000001       0.12373026274456064       -9.5153320353778437     
  0.32700000000000001       0.11420404320986199       -9.5368215344893343     
  0.32800000000000001       0.10465719858829094       -9.5565815920121775     
  0.32900000000000001        9.5091459545100412E-002  -9.5746098126091717     
  0.33000000000000002        8.5508558980199961E-002  -9.5909041223355818     
  0.33100000000000002        7.5910231706779588E-002  -9.6054627685965617     
  0.33200000000000002        6.6298214130007180E-002  -9.6182843200428234     
  0.33300000000000002        5.6674243925860984E-002  -9.6293676664047023     
  0.33400000000000002        4.7040059720158803E-002  -9.6387120182647550     
  0.33500000000000002        3.7397400767845229E-002  -9.6463169067690551     
  0.33600000000000002        2.7748006632598202E-002  -9.6521821832773718     
  0.33700000000000002        1.8093616866815800E-002  -9.6563080189523998     
  0.33800000000000002        8.4359706920442631E-003  -9.6586949042882502     
  0.33900000000000002       -1.2231933200922609E-003  -9.6593436485784157     
  0.34000000000000002       -1.0882137566399717E-002  -9.6582553793234140     
  0.34100000000000003       -2.0539125729999767E-002  -9.6554315415783680     
  0.34200000000000003       -3.0192423097533040E-002  -9.6508738972407446     
  0.34300000000000003       -3.9840296875620317E-002  -9.6445845242785264     
  0.34400000000000003       -4.9481016506522237E-002  -9.6365658158990790     
  0.34500000000000003       -5.9112853982938314E-002  -9.6268204796589902     
  0.34600000000000003       -6.8734084161886422E-002  -9.6153515365151794     
  0.34700000000000003       -7.8342985077604135E-002  -9.6021623198175767     
  0.34800000000000003       -8.7937838253413697E-002  -9.5872564742436861     
  0.34900000000000003       -9.7516929012492592E-002  -9.5706379546753553     
  0.35000000000000003      -0.10707854678749219       -9.5523110250181027     
  0.35100000000000003      -0.11662098542894710       -9.5322802569633218     
  0.35199999999999998      -0.12614254351241827       -9.5105505286937504     
  0.35299999999999998      -0.13564152464431353       -9.4871270235325564     
  0.35399999999999998      -0.14511623776632898       -9.4620152285364192     
  0.35499999999999998      -0.15456499745845576       -9.4352209330330084     
  0.35599999999999998      -0.16398612424049652       -9.4067502271032470     
  0.35699999999999998      -0.17337794487203700       -9.3766095000087812     
  0.35799999999999998      -0.18273879265081755       -9.3448054385650696     
  0.35899999999999999      -0.19206700770945090       -9.3113450254605272     
  0.35999999999999999      -0.20136093731043223       -9.2762355375221652     
  0.36099999999999999      -0.21061893613938842       -9.2394845439281692     
  0.36199999999999999      -0.21983936659651340       -9.2010999043678954     
  0.36299999999999999      -0.22902059908613753       -9.1610897671497362     
  0.36399999999999999      -0.23816101230437889       -9.1194625672573419     
  0.36499999999999999      -0.24725899352482519       -9.0762270243546901     
  0.36599999999999999      -0.25631293888219553       -9.0313921407404969     
  0.36699999999999999      -0.26532125365393117       -8.9849671992524804     
  0.36799999999999999      -0.27428235253966604       -8.9369617611219958     
  0.36899999999999999      -0.28319465993852710       -8.8873856637795559     
  0.37000000000000000      -0.29205661022421581       -8.8362490186117846     
  0.37100000000000000      -0.30086664801782276       -8.7835622086703378     
  0.37200000000000000      -0.30962322845832718       -8.7293358863333488     
  0.37300000000000000      -0.31832481747073454       -8.6735809709199447     
  0.37400000000000000      -0.32696989203180554       -8.6163086462584246     
  0.37500000000000000      -0.33555694043333006       -8.5575303582086484     
  0.37600000000000000      -0.34408446254290109       -8.4972578121392370     
  0.37700000000000000      -0.35255097006214337       -8.4355029703601758     
  0.37800000000000000      -0.36095498678235283       -8.3722780495114062     
  0.37900000000000000      -0.36929504883750247       -8.3075955179080267     
  0.38000000000000000      -0.37756970495457254       -8.2414680928427124     
  0.38100000000000001      -0.38577751670116139       -8.1739087378459594     
  0.38200000000000001      -0.39391705873033633       -8.1049306599048148     
  0.38300000000000001      -0.40198691902268235       -8.0345473066406878     
  0.38400000000000001      -0.40998569912550858       -7.9627723634469154     
  0.38500000000000001      -0.41791201438917247       -7.8896197505867089     
  0.38600000000000001      -0.42576449420048251       -7.8151036202521498     
  0.38700000000000001      -0.43354178221314038       -7.7392383535848870     
  0.38800000000000001      -0.44124253657518547       -7.6620385576592067     
  0.38900000000000001      -0.44886543015340341       -7.5835190624281452     
  0.39000000000000001      -0.45640915075466287       -7.5036949176333225     
  0.39100000000000001      -0.46387240134414426       -7.4225813896791850     
  0.39200000000000002      -0.47125390026042502       -7.3401939584723399     
  0.39300000000000002      -0.47855238142738732       -7.2565483142266860     
  0.39400000000000002      -0.48576659456291399       -7.1716603542350299     
  0.39500000000000002      -0.49289530538433951       -7.0855461796078973     
  0.39600000000000002      -0.49993729581062379       -6.9982220919802547     
  0.39700000000000002      -0.50689136416121694       -6.9097045901868475     
  0.39800000000000002      -0.51375632535158411       -6.8200103669068772     
  0.39900000000000002      -0.52053101108535971       -6.7291563052787415     
  0.40000000000000002      -0.52721427004310184       -6.6371594754855634     
  0.40100000000000002      -0.53380496806761812       -6.5440371313122441     
  0.40200000000000002      -0.54030198834583432       -6.4498067066747682     
  0.40300000000000002      -0.54670423158717885       -6.3544858121225110     
  0.40400000000000003      -0.55301061619845682       -6.2580922313142775     
  0.40500000000000003      -0.55922007845518640       -6.1606439174688328     
  0.40600000000000003      -0.56533157266937428       -6.0621589897906603     
  0.40700000000000003      -0.57134407135370402       -5.9626557298717104     
  0.40800000000000003      -0.57725656538211501       -5.8621525780698880     
  0.40900000000000003      -0.58306806414674806       -5.7606681298650395     
  0.41000000000000003      -0.58877759571123689       -5.6582211321932014     
  0.41100000000000003      -0.59438420696032224       -5.5548304797598655     
  0.41200000000000003      -0.59988696374576989       -5.4505152113330384     
  0.41300000000000003      -0.60528495102857194       -5.3452945060168489     
  0.41400000000000003      -0.61057727301741171       -5.2391876795064816     
  0.41500000000000004      -0.61576305330337511       -5.1322141803252030     
  0.41600000000000004      -0.62084143499089017       -5.0243935860442539     
  0.41699999999999998      -0.62581158082487820       -4.9157455994863799     
  0.41799999999999998      -0.63067267331410093       -4.8062900449137755     
  0.41899999999999998      -0.63542391485068761       -4.6960468642012216     
  0.41999999999999998      -0.64006452782582857       -4.5850361129951818     
  0.42099999999999999      -0.64459375474162117       -4.4732779568596506     
  0.42199999999999999      -0.64901085831905514       -4.3607926674095179     
  0.42299999999999999      -0.65331512160212546       -4.2476006184322337     
  0.42399999999999999      -0.65750584805806123       -4.1337222819985557     
  0.42499999999999999      -0.66158236167366047       -4.0191782245631478     
  0.42599999999999999      -0.66554400704772054       -3.9039891030558200     
  0.42699999999999999      -0.66939014947955533       -3.7881756609641788     
  0.42799999999999999      -0.67312017505359167       -3.6717587244084706     
  0.42899999999999999      -0.67673349072003630       -3.5547591982093949     
  0.42999999999999999      -0.68022952437160800       -3.4371980619496627     
  0.43099999999999999      -0.68360772491632815       -3.3190963660300778     
  0.43200000000000000      -0.68686756234636526       -3.2004752277209123     
  0.43300000000000000      -0.69000852780292854       -3.0813558272093533     
  0.43400000000000000      -0.69303013363720756       -2.9617594036437915     
  0.43500000000000000      -0.69593191346735472       -2.8417072511757220     
  0.43600000000000000      -0.69871342223150879       -2.7212207150000252     
  0.43700000000000000      -0.70137423623685846       -2.6003211873943988     
  0.43800000000000000      -0.70391395320474481       -2.4790301037587001     
  0.43900000000000000      -0.70633219231180400       -2.3573689386549685     
  0.44000000000000000      -0.70862859422715008       -2.2353592018488819     
  0.44100000000000000      -0.71080282114560034       -2.1130224343534096     
  0.44200000000000000      -0.71285455681694609       -1.9903802044754175     
  0.44300000000000000      -0.71478350657127177       -1.8674541038659764     
  0.44400000000000001      -0.71658939734032601       -1.7442657435751243     
  0.44500000000000001      -0.71827197767495088       -1.6208367501118301     
  0.44600000000000001      -0.71983101775857306       -1.4971887615099029     
  0.44700000000000001      -0.72126630941676506       -1.3733434234005861     
  0.44800000000000001      -0.72257766612288199       -1.2493223850925754     
  0.44900000000000001      -0.72376492299978301       -1.1251472956601918     
  0.45000000000000001      -0.72482793681764457       -1.0008398000404410     
  0.45100000000000001      -0.72576658598787624      -0.87642153513968601     
  0.45200000000000001      -0.72658077055314796      -0.75191412595065144     
  0.45300000000000001      -0.72727041217353949      -0.62733918168048131     
  0.45400000000000001      -0.72783545410882444      -0.50271829189056083     
  0.45500000000000002      -0.72827586119689969      -0.37807302264881265     
  0.45600000000000002      -0.72859161982837373      -0.25342491269517137     
  0.45700000000000002      -0.72878273791732773      -0.12879546962093674     
  0.45800000000000002      -0.72884924486826264       -4.2061660627000785E-003
  0.45900000000000002      -0.72879119153924854       0.12032156408846584     
  0.46000000000000002      -0.72860865020129006       0.24476632946186860     
  0.46100000000000002      -0.72830171449392644       0.36910678496542965     
  0.46200000000000002      -0.72787049937708070       0.49332163552661495     
  0.46300000000000002      -0.72731514107917783       0.61738963981539419     
  0.46400000000000002      -0.72663579704154879       0.74128961394856430     
  0.46500000000000002      -0.72583264585913976       0.86500043517478020     
  0.46600000000000003      -0.72490588721754634       0.98850104553964047     
  0.46700000000000003      -0.72385574182639323        1.1117704555301811     
  0.46800000000000003      -0.72268245134907949        1.2347877476981386     
  0.46900000000000003      -0.72138627832891167        1.3575320802613471     
  0.47000000000000003      -0.71996750611164662        1.4799826906826425     
  0.47100000000000003      -0.71842643876446721        1.6021188992256525     
  0.47200000000000003      -0.71676340099141367        1.7239201124868564     
  0.47300000000000003      -0.71497873804529510        1.8453658269033073     
  0.47400000000000003      -0.71307281563610603        1.9664356322354148     
  0.47500000000000003      -0.71104601983597249        2.0871092150241934     
  0.47600000000000003      -0.70889875698065385        2.2073663620223871     
  0.47700000000000004      -0.70663145356762713        2.3271869635988915     
  0.47800000000000004      -0.70424455615078041        2.4465510171158975     
  0.47900000000000004      -0.70173853123174279        2.5654386302781909     
  0.47999999999999998      -0.69911386514787932        2.6838300244540454     
  0.48099999999999998      -0.69637106395697945        2.8017055379671620     
  0.48199999999999998      -0.69351065331866835        2.9190456293591045     
  0.48299999999999998      -0.69053317837257056        3.0358308806216963     
  0.48399999999999999      -0.68743920361325672        3.1520420003988479     
  0.48499999999999999      -0.68422931276200383        3.2676598271572952     
  0.48599999999999999      -0.68090410863540052        3.3826653323257312     
  0.48699999999999999      -0.67746421301082926        3.4970396234018239     
  0.48799999999999999      -0.67391026648885799        3.6107639470266282     
  0.48899999999999999      -0.67024292835257337        3.7238196920258919     
  0.48999999999999999      -0.66646287642389002        3.8361883924177818     
  0.49099999999999999      -0.66257080691686865        3.9478517303865481     
  0.49199999999999999      -0.65856743428807774        4.0587915392216676     
  0.49299999999999999      -0.65445349108403394        4.1689898062220037     
  0.49399999999999999      -0.65022972778575561        4.2784286755645322     
  0.49500000000000000      -0.64589691265046567        4.3870904511371984     
  0.49600000000000000      -0.64145583155047958        4.4949575993354642     
  0.49700000000000000      -0.63690728780931516        4.6020127518221257     
  0.49800000000000000      -0.63225210203506144        4.7082387082499881     
  0.49900000000000000      -0.62749111195104301        4.8136184389469854     
  0.50000000000000000      -0.62262517222381863        4.9181350875633463     
  0.50100000000000000      -0.61765515428855189        5.0217719736804263     
  0.50200000000000000      -0.61258194617179162        5.1245125953808115     
  0.50300000000000000      -0.60740645231170276        5.2263406317793315     
  0.50400000000000000      -0.60212959337578509        5.3272399455146155     
  0.50500000000000000      -0.59675230607612073        5.4271945852008381     
  0.50600000000000001      -0.59127554298218987        5.5261887878393079     
  0.50700000000000001      -0.58570027233129485        5.6242069811895625     
  0.50800000000000001      -0.58002747783663389        5.7212337860996474     
  0.50900000000000001      -0.57425815849306483        5.8172540187952526     
  0.51000000000000001      -0.56839332838060064        5.9122526931274084     
  0.51100000000000001      -0.56243401646567792        6.0062150227784254     
  0.51200000000000001      -0.55638126640024044        6.0991264234258065     
  0.51300000000000001      -0.55023613631868029        6.1909725148638337     
  0.51400000000000001      -0.54399969863267783        6.2817391230825663     
  0.51500000000000001      -0.53767303982398507        6.3714122823039814     
  0.51600000000000001      -0.53125726023519393        6.4599782369750098     
  0.51700000000000002      -0.52475347385853299        6.5474234437172161     
  0.51800000000000002      -0.51816280812273663        6.6337345732328910     
  0.51900000000000002      -0.51148640367802978        6.7188985121673301     
  0.52000000000000002      -0.50472541417927264        6.8029023649270810     
  0.52100000000000002      -0.49788100606730878        6.8857334554539502     
  0.52200000000000002      -0.49095435834856199        6.9673793289545758     
  0.52300000000000002      -0.48394666237292550        7.0478277535853726     
  0.52400000000000002      -0.47685912160998867        7.1270667220926764     
  0.52500000000000002      -0.46969295142364614        7.2050844534079079     
  0.52600000000000002      -0.46244937884513426        7.2818693941976074     
  0.52700000000000002      -0.45512964234454012        7.3574102203681768     
  0.52800000000000002      -0.44773499160082864        7.4316958385251963     
  0.52900000000000003      -0.44026668727043294        7.5047153873871792     
  0.53000000000000003      -0.43272600075445400        7.5764582391536424     
  0.53100000000000003      -0.42511421396451493        7.6469140008273744     
  0.53200000000000003      -0.41743261908731610        7.7160725154908052     
  0.53300000000000003      -0.40968251834793662        7.7839238635363737     
  0.53400000000000003      -0.40186522377192885        7.8504583638508088     
  0.53500000000000003      -0.39398205694625138        7.9156665749532520     
  0.53600000000000003      -0.38603434877908721        7.9795392960871458     
  0.53700000000000003      -0.37802343925859300        8.0420675682658391     
  0.53800000000000003      -0.36995067721062613        8.1032426752718489     
  0.53900000000000003      -0.36181742005549533        8.1630561446097509     
  0.54000000000000004      -0.35362503356378189        8.2214997484126524     
  0.54100000000000004      -0.34537489161127755        8.2785655043022448     
  0.54200000000000004      -0.33706837593308558        8.3342456762024071     
  0.54300000000000004      -0.32870687587693126        8.3885327751063610     
  0.54400000000000004      -0.32029178815572878        8.4414195597973887     
  0.54500000000000004      -0.31182451659945032        8.4928990375231219     
  0.54600000000000004      -0.30330647190634424        8.5429644646234202     
  0.54700000000000004      -0.29473907139354849        8.5916093471118913     
  0.54800000000000004      -0.28612373874714564        8.6388274412110651     
  0.54900000000000004      -0.27746190377170593        8.6846127538412947     
  0.55000000000000004      -0.26875500213936465        8.7289595430634357     
  0.55100000000000005      -0.26000447513847957        8.7718623184753639     
  0.55200000000000005      -0.25121176942191525        8.8133158415624191     
  0.55300000000000005      -0.24237833675499987        8.8533151260018510     
  0.55400000000000005      -0.23350563376320024        8.8918554379213681     
  0.55500000000000005      -0.22459512167956158        8.9289322961118796     
  0.55600000000000005      -0.21564826609195714        8.9645414721945542     
  0.55700000000000005      -0.20666653669019372        8.9986789907423059     
  0.55800000000000005      -0.19765140701301825        9.0313411293558357     
  0.55900000000000005      -0.18860435419507121        9.0625244186943643     
  0.56000000000000005      -0.17952685871383167        9.0922256424612016     
  0.56100000000000005      -0.17042040413659951        9.1204418373443037     
  0.56200000000000006      -0.16128647686755931        9.1471702929119729     
  0.56300000000000006      -0.15212656589497112        9.1724085514638780     
  0.56400000000000006      -0.14294216253853217        9.1961544078375628     
  0.56500000000000006      -0.13373476019695460        9.2184059091706256     
  0.56600000000000006      -0.12450585409580278        9.2391613546187745     
  0.56700000000000006      -0.11525694103563472        9.2584192950299364     
  0.56800000000000006      -0.10598951914049125        9.2761785325746509     
  0.56900000000000006       -9.6705087606776485E-002   9.2924381203329460     
  0.57000000000000006       -8.7405146452573163E-002   9.3071973618379271     
  0.57100000000000006       -7.8091196267435881E-002   9.3204558105763038     
  0.57200000000000006       -6.8764737962705269E-002   9.3322132694460969     
  0.57300000000000006       -5.9427272522385721E-002   9.3424697901717710     
  0.57400000000000007       -5.0080300754629221E-002   9.3512256726770335     
  0.57500000000000007       -4.0725323043867376E-002   9.3584814644155756     
  0.57600000000000007       -3.1363839103633655E-002   9.3642379596600129     
  0.57699999999999996       -2.1997347730117460E-002   9.3684961987492983     
  0.57799999999999996       -1.2627346556491408E-002   9.3712574672948818     
  0.57899999999999996       -3.2553318080529910E-003   9.3725232953459248     
  0.57999999999999996        6.1172019417786577E-003   9.3722954565138412     
  0.58099999999999996        1.5488762014570326E-002   9.3705759670564728     
  0.58199999999999996        2.4857857869046408E-002   9.3673670849222130     
  0.58299999999999996        3.4223001342284821E-002   9.3626713087543791     
  0.58399999999999996        4.3582706889897571E-002   9.3564913768561730     
  0.58499999999999996        5.2935491825156687E-002   9.3488302661165292     
  0.58599999999999997        6.2279876557026610E-002   9.3396911908972147     
  0.58699999999999997        7.1614384827064448E-002   9.3290776018814885     
  0.58799999999999997        8.0937543945149834E-002   9.3169931848846907     
  0.58899999999999997        9.0247885024006450E-002   9.3034418596270960     
  0.58999999999999997        9.9543943212477740E-002   9.2884277784693960     
  0.59099999999999997       0.10882425792751951        9.2719553251111737     
  0.59199999999999997       0.11808737308487276        9.2540291132527255     
  0.59299999999999997       0.12733183732838005        9.2346539852206266     
  0.59399999999999997       0.13655620425790954        9.2138350105573945     
  0.59499999999999997       0.14575903265585088        9.1915774845756566     
  0.59599999999999997       0.15493888671214778        9.1678869268772001     
  0.59699999999999998       0.16409433624783204        9.1427690798372918     
  0.59799999999999998       0.17322395693702491        9.1162299070546950     
  0.59899999999999998       0.18232633052737138        9.0882755917677542     
  0.59999999999999998       0.19140004505887373        9.0589125352369830     
  0.60099999999999998       0.20044369508109128        9.0281473550945606     
  0.60199999999999998       0.20945588186867303        8.9959868836611516     
  0.60299999999999998       0.21843521363519117        8.9624381662304877     
  0.60399999999999998       0.22738030574524304        8.9275084593221177     
  0.60499999999999998       0.23628978092479033        8.8912052289027841     
  0.60599999999999998       0.24516226946970399        8.8535361485768398     
  0.60699999999999998       0.25399640945248425        8.8145090977461606     
  0.60799999999999998       0.26279084692712573        8.7741321597399988     
  0.60899999999999999       0.27154423613209716        8.7324136199152154     
  0.60999999999999999       0.28025523969140714        8.6893619637273538     
  0.61099999999999999       0.28892252881372638        8.6449858747730133     
  0.61199999999999999       0.29754478348953806        8.5992942328039739     
  0.61299999999999999       0.30612069268628855        8.5522961117135416     
  0.61399999999999999       0.31464895454151087        8.5040007774955857     
  0.61499999999999999       0.32312827655389348        8.4544176861767237     
  0.61599999999999999       0.33155737577226813        8.4035564817221520     
  0.61699999999999999       0.33993497898249070        8.3514269939155703     
  0.61799999999999999       0.34825982289218910        8.2980392362137021     
  0.61899999999999999       0.35653065431335307        8.2434034035758845     
  0.62000000000000000       0.36474623034274156        8.1875298702692145     
  0.62100000000000000       0.37290531854008319        8.1304291876497388     
  0.62200000000000000       0.38100669710404589        8.0721120819201744     
  0.62300000000000000       0.38904915504595311        8.0125894518646685     
  0.62400000000000000       0.39703149236122315        7.9518723665610667     
  0.62500000000000000       0.40495252019851008        7.8899720630712125     
  0.62600000000000000       0.41281106102652382        7.8268999441097638     
  0.62700000000000000       0.42060594879850888        7.7626675756920305     
  0.62800000000000000       0.42833602911436036        7.6972866847613410     
  0.62900000000000000       0.43600015938035747        7.6307691567964362     
  0.63000000000000000       0.44359720896649452        7.5631270333994038     
  0.63100000000000001       0.45112605936139066        7.4943725098646601     
  0.63200000000000001       0.45858560432475887        7.4245179327294863     
  0.63300000000000001       0.46597475003741684        7.3535757973066360     
  0.63400000000000001       0.47329241524882160        7.2815587451995203     
  0.63500000000000001       0.48053753142211086        7.2084795618004920     
  0.63600000000000001       0.48770904287663430        7.1343511737727372     
  0.63700000000000001       0.49480590692795889        7.0591866465162925     
  0.63800000000000001       0.50182709402533254        6.9829991816187036     
  0.63900000000000001       0.50877158788659083        6.9058021142908492     
  0.64000000000000001       0.51563838563049247        6.8276089107884328     
  0.64100000000000001       0.52242649790646911        6.7484331658196810     
  0.64200000000000002       0.52913494902177649        6.6682885999397490     
  0.64300000000000002       0.53576277706603348        6.5871890569323650     
  0.64400000000000002       0.54230903403313613        6.5051485011792245     
  0.64500000000000002       0.54877278594053613        6.4221810150176628     
  0.64600000000000002       0.55515311294587033        6.3383007960871156     
  0.64700000000000002       0.56144910946093207        6.2535221546648927     
  0.64800000000000002       0.56765988426297276        6.1678595109917840     
  0.64900000000000002       0.57378456060332428        6.0813273925880171     
  0.65000000000000002       0.57982227631333294        5.9939404315600777     
  0.65100000000000002       0.58577218390759545        5.9057133618989219     
  0.65200000000000002       0.59163345068448969        5.8166610167700910     
  0.65300000000000002       0.59740525882399109        5.7267983257962465     
  0.65400000000000003       0.60308680548276838        5.6361403123326381     
  0.65500000000000003       0.60867730288655131        5.5447020907360303     
  0.65600000000000003       0.61417597841976446        5.4524988636275857     
  0.65700000000000003       0.61958207471242077        5.3595459191502322     
  0.65800000000000003       0.62489484972427034        5.2658586282210162     
  0.65900000000000003       0.63011357682619906        5.1714524417789587     
  0.66000000000000003       0.63523754487887274        5.0763428880289174     
  0.66100000000000003       0.64026605830862404        4.9805455696819658     
  0.66200000000000003       0.64519843718057768        4.8840761611927954     
  0.66300000000000003       0.65003401726901200        4.7869504059946459     
  0.66400000000000003       0.65477215012495438        4.6891841137322592     
  0.66500000000000004       0.65941220314100868        4.5907931574933674     
  0.66600000000000004       0.66395355961341407        4.4917934710392107     
  0.66700000000000004       0.66839561880133380        4.3922010460345744     
  0.66800000000000004       0.67273779598337380        4.2920319292778517     
  0.66900000000000004       0.67697952251133209        4.1913022199316154     
  0.67000000000000004       0.68112024586117859        4.0900280667541944     
  0.67100000000000004       0.68515942968126786        3.9882256653327381     
  0.67200000000000004       0.68909655383778534        3.8859112553182578     
  0.67300000000000004       0.69293111445743005        3.7831011176631266     
  0.67400000000000004       0.69666262396733614        3.6798115718615185     
  0.67500000000000004       0.70029061113223678        3.5760589731932622     
  0.67600000000000005       0.70381462108887349        3.4718597099715875     
  0.67700000000000005       0.70723421537765563        3.3672302007952357     
  0.67800000000000005       0.71054897197157396        3.2621868918053982     
  0.67900000000000005       0.71375848530237451        3.1567462539479583     
  0.68000000000000005       0.71686236628399669        3.0509247802414894     
  0.68100000000000005       0.71986024233328294        2.9447389830514772     
  0.68200000000000005       0.72275175738796604        2.8382053913712184     
  0.68300000000000005       0.72553657192194043        2.7313405481098494     
  0.68400000000000005       0.72821436295782549        2.6241610073879555     
  0.68500000000000005       0.73078482407682854        2.5166833318412078     
  0.68600000000000005       0.73324766542591557        2.4089240899324698     
  0.68700000000000006       0.73560261372229840        2.3008998532728127     
  0.68800000000000006       0.73784941225524769        2.1926271939518758     
  0.68900000000000006       0.73998782088524118        2.0841226818780045     
  0.69000000000000006       0.74201761604045668        1.9754028821285918     
  0.69100000000000006       0.74393859071062129        1.8664843523110506     
  0.69200000000000006       0.74575055443822691        1.7573836399348353     
  0.69300000000000006       0.74745333330712305        1.6481172797949297     
  0.69400000000000006       0.74904676992849961        1.5387017913672139     
  0.69500000000000006       0.75053072342427096        1.4291536762161177     
  0.69600000000000006       0.75190506940787372        1.3194894154149657     
  0.69700000000000006       0.75316969996249172        1.2097254669794135     
  0.69800000000000006       0.75432452361672098        1.0998782633143713     
  0.69900000000000007       0.75536946531768856       0.98996420867480461     
  0.70000000000000007       0.75630446640163929       0.87999967664080159     
  0.70100000000000007       0.75712948456200468       0.77000100760728762     
  0.70200000000000007       0.75784449381496943       0.65998450628876615     
  0.70300000000000007       0.75844948446255012       0.54996643923945920     
  0.70399999999999996       0.75894446305320173       0.43996303238921608     
  0.70499999999999996       0.75932945233996851       0.32999046859555559     
  0.70599999999999996       0.75960449123619467       0.22006488521220063     
  0.70699999999999996       0.75976963476881232       0.11020237167446040     
  0.70799999999999996       0.75982495402922312        4.1896710181049679E-004
  0.70899999999999996       0.75977053612179168      -0.10926934208198365     
  0.70999999999999996       0.75960648410996734      -0.21884662451085962     
  0.71099999999999997       0.75933291696005367      -0.32829700622023150     
  0.71199999999999997       0.75894996948264315      -0.43760467297221306     
  0.71299999999999997       0.75845779227173582      -0.54675387256196506     
  0.71399999999999997       0.75785655164156185      -0.65572891710484615     
  0.71499999999999997       0.75714642956112577      -0.76451418530405069     
  0.71599999999999997       0.75632762358649364      -0.87309412469842462     
  0.71699999999999997       0.75540034679084234      -0.98145325389015203     
  0.71799999999999997       0.75436482769229118       -1.0895761647520130     
  0.71899999999999997       0.75322131017953642       -1.1974475246139180     
  0.71999999999999997       0.75197005343531020       -1.3050520784284276     
  0.72099999999999997       0.75061133185768447       -1.4123746509149733     
  0.72199999999999998       0.74914543497924102       -1.5194001486825011     
  0.72299999999999998       0.74757266738413031       -1.6261135623302616     
  0.72399999999999998       0.74589334862304035       -1.7324999685264795     
  0.72499999999999998       0.74410781312609808       -1.8385445320646374     
  0.72599999999999998       0.74221641011372563       -1.9442325078971185     
  0.72699999999999998       0.74021950350547450       -2.0495492431459508     
  0.72799999999999998       0.73811747182686072       -2.1544801790904096     
  0.72899999999999998       0.73591070811422366       -2.2590108531312363     
  0.72999999999999998       0.73359961981763278       -2.3631269007312321     
  0.73099999999999998       0.73118462870186551       -2.4668140573320021     
  0.73199999999999998       0.72866617074548046       -2.5700581602466195     
  0.73299999999999998       0.72604469603801025       -2.6728451505279915     
  0.73399999999999999       0.72332066867529787       -2.7751610748127136     
  0.73499999999999999       0.72049456665300171       -2.8769920871401991     
  0.73599999999999999       0.71756688175829397       -2.9783244507468858     
  0.73699999999999999       0.71453811945977730       -3.0791445398353177     
  0.73799999999999999       0.71140879879564523       -3.1794388413179098     
  0.73899999999999999       0.70817945226011114       -3.2791939565352113     
  0.73999999999999999       0.70485062568813228       -3.3783966029484844     
  0.74099999999999999       0.70142287813845350       -3.4770336158064219     
  0.74199999999999999       0.69789678177499825       -3.5750919497858331     
  0.74299999999999999       0.69427292174663080       -3.6725586806061390     
  0.74399999999999999       0.69055189606531797       -3.7694210066175078     
  0.74500000000000000       0.68673431548271580       -3.8656662503624863     
  0.74600000000000000       0.68282080336520745       -3.9612818601109754     
  0.74700000000000000       0.67881199556742033       -4.0562554113684044     
  0.74800000000000000       0.67470854030424765       -4.1505746083569743     
  0.74900000000000000       0.67051109802140285       -4.2442272854698331     
  0.75000000000000000       0.66622034126453322       -4.3372014086980579     
  0.75100000000000000       0.66183695454692004       -4.4294850770303276     
  0.75200000000000000       0.65736163421579308       -4.5210665238251666     
  0.75300000000000000       0.65279508831728639       -4.6119341181556557     
  0.75400000000000000       0.64813803646006307       -4.7020763661264997     
  0.75500000000000000       0.64339120967763730       -4.7914819121633618     
  0.75600000000000001       0.63855535028942034       -4.8801395402743655     
  0.75700000000000001       0.63363121176051962       -4.9680381752836817     
  0.75800000000000001       0.62861955856031748       -5.0551668840371162     
  0.75900000000000001       0.62352116601985896       -5.1415148765796221     
  0.76000000000000001       0.61833682018807601       -5.2270715073046699     
  0.76100000000000001       0.61306731768687628       -5.3118262760754051     
  0.76200000000000001       0.60771346556512496       -5.3957688293175368     
  0.76300000000000001       0.60227608115154796       -5.4788889610839027     
  0.76400000000000001       0.59675599190658446       -5.5611766140906589     
  0.76500000000000001       0.59115403527321775       -5.6426218807250548     
  0.76600000000000001       0.58547105852681258       -5.7232150040247518     
  0.76700000000000002       0.57970791862398696       -5.8029463786286541     
  0.76800000000000002       0.57386548205054788       -5.8818065516992251     
  0.76900000000000002       0.56794462466851869       -5.9597862238162618     
  0.77000000000000002       0.56194623156228718       -6.0368762498421189     
  0.77100000000000002       0.55587119688390252       -6.1130676397583619     
  0.77200000000000002       0.54972042369754992       -6.1883515594738476     
  0.77300000000000002       0.54349482382323167       -6.2627193316042300     
  0.77400000000000002       0.53719531767968243       -6.3361624362228914     
  0.77500000000000002       0.53082283412654863       -6.4086725115833136     
  0.77600000000000002       0.52437831030585913       -6.4802413548128950     
  0.77700000000000002       0.51786269148281650       -6.5508609225782441     
  0.77800000000000002       0.51127693088593751       -6.6205233317219569     
  0.77900000000000003       0.50462198954657067       -6.6892208598709235     
  0.78000000000000003       0.49789883613782032       -6.7569459460161863     
  0.78100000000000003       0.49110844681290416       -6.8236911910643947     
  0.78200000000000003       0.48425180504297433       -6.8894493583608964     
  0.78300000000000003       0.47732990145442905       -6.9542133741845129     
  0.78400000000000003       0.47034373366574395       -7.0179763282140568     
  0.78500000000000003       0.46329430612385070       -7.0807314739666483     
  0.78600000000000003       0.45618262994009151       -7.1424722292078862     
  0.78700000000000003       0.44900972272577772       -7.2031921763339506     
  0.78800000000000003       0.44177660842737987       -7.2628850627257018     
  0.78900000000000003       0.43448431716137792       -7.3215448010748592     
  0.79000000000000004       0.42713388504879912       -7.3791654696823334     
  0.79100000000000004       0.41972635404947162       -7.4357413127288039     
  0.79200000000000004       0.41226277179602089       -7.4912667405176299     
  0.79300000000000004       0.40474419142763757       -7.5457363296901860     
  0.79400000000000004       0.39717167142364340       -7.5991448234137318     
  0.79500000000000004       0.38954627543688286       -7.6514871315419040     
  0.79600000000000004       0.38186907212696836       -7.7027583307479519     
  0.79700000000000004       0.37414113499340546       -7.7529536646308230     
  0.79800000000000004       0.36636354220862555       -7.8020685437942126     
  0.79900000000000004       0.35853737645095313       -7.8500985458987049     
  0.80000000000000004       0.35066372473753404       -7.8970394156871224     
  0.80100000000000005       0.34274367825725210       -7.9428870649832168     
  0.80200000000000005       0.33477833220365988       -7.9876375726638331     
  0.80300000000000005       0.32676878560795081       -8.0312871846046860     
  0.80400000000000005       0.31871614117199859       -8.0738323135998815     
  0.80500000000000005       0.31062150510149006       -8.1152695392553404     
  0.80600000000000005       0.30248598693917766       -8.1555956078562613     
  0.80700000000000005       0.29431069939827748       -8.1948074322087781     
  0.80800000000000005       0.28609675819603825       -8.2329020914559781     
  0.80900000000000005       0.27784528188750712       -8.2698768308684176     
  0.81000000000000005       0.26955739169951787       -8.3057290616093233     
  0.81100000000000005       0.26123421136492608       -8.3404563604746329     
  0.81200000000000006       0.25287686695711714       -8.3740564696080462     
  0.81300000000000006       0.24448648672481132       -8.4065272961912623     
  0.81400000000000006       0.23606420092719124       -8.4378669121095768     
  0.81500000000000006       0.22761114166937568       -8.4680735535930349     
  0.81600000000000006       0.21912844273826462       -8.4971456208332956     
  0.81700000000000006       0.21061723943877930       -8.5250816775764253     
  0.81800000000000006       0.20207866843052161       -8.5518804506917885     
  0.81900000000000006       0.19351386756487626       -8.5775408297172469     
  0.82000000000000006       0.18492397572257974       -8.6020618663808435     
  0.82100000000000006       0.17631013265177897       -8.6254427740991897     
  0.82200000000000006       0.16767347880660347       -8.6476829274527542     
  0.82300000000000006       0.15901515518627343       -8.6687818616382497     
  0.82400000000000007       0.15033630317476687       -8.6887392718983367     
  0.82500000000000007       0.14163806438106832       -8.7075550129288555     
  0.82600000000000007       0.13292158048002142       -8.7252290982637906     
  0.82700000000000007       0.12418799305380758       -8.7417616996381948     
  0.82800000000000007       0.11543844343407267       -8.7571531463292924     
  0.82900000000000007       0.10667407254472339       -8.7714039244759778     
  0.83000000000000007        9.7896020745414855E-002  -8.7845146763769328     
  0.83100000000000007        8.9105427675750679E-002  -8.7964861997676049     
  0.83200000000000007        8.0303432100216496E-002  -8.8073194470762548     
  0.83299999999999996        7.1491171753867849E-002  -8.8170155246593236     
  0.83399999999999996        6.2669783188792932E-002  -8.8255756920163435     
  0.83499999999999996        5.3840401621370548E-002  -8.8330013609846318     
  0.83599999999999997        4.5004160780343382E-002  -8.8392940949140097     
  0.83699999999999997        3.6162192755726415E-002  -8.8444556078217804     
  0.83799999999999997        2.7315627848570175E-002  -8.8484877635282206     
  0.83899999999999997        1.8465594421598071E-002  -8.8513925747728166     
  0.83999999999999997        9.6132187507370643E-003  -8.8531722023114998     
  0.84099999999999997        7.5962487756046915E-004  -8.8538289539951371     
  0.84199999999999997       -8.0940655373384681E-003  -8.8533652838295147     
  0.84299999999999997       -1.6946733360023822E-002  -8.8517837910170734     
  0.84399999999999997       -2.5797262127926976E-002  -8.8490872189806513     
  0.84499999999999997       -3.4644538193571453E-002  -8.8452784543694882     
  0.84599999999999997       -4.3487450867294997E-002  -8.8403605260477534     
  0.84699999999999998       -5.2324892558951563E-002  -8.8343366040658502     
  0.84799999999999998       -6.1155758918576109E-002  -8.8272099986147587     
  0.84899999999999998       -6.9978948975995353E-002  -8.8189841589636835     
  0.84999999999999998       -7.8793365279367963E-002  -8.8096626723812701     
  0.85099999999999998       -8.7597914032637836E-002  -8.7992492630406502     
  0.85199999999999998       -9.6391505231884486E-002  -8.7877477909085862     
  0.85299999999999998      -0.10517305280055471       -8.7751622506189797     
  0.85399999999999998      -0.11394147472356007       -8.7614967703310143     
  0.85499999999999998      -0.12269569318022498       -8.7467556105722046     
  0.85599999999999998      -0.13143463467607036       -8.7309431630666197     
  0.85699999999999998      -0.14015723017341822       -8.7140639495485530     
  0.85799999999999998      -0.14886241522080285       -8.6961226205619138     
  0.85899999999999999      -0.15754913008117427       -8.6771239542456051     
  0.85999999999999999      -0.16621631985888019       -8.6570728551051843     
  0.86099999999999999      -0.17486293462541291       -8.6359743527710542     
  0.86199999999999999      -0.18348792954390786       -8.6138336007434795     
  0.86299999999999999      -0.19209026499238049       -8.5906558751246997     
  0.86399999999999999      -0.20066890668568924       -8.5664465733384159     
  0.86499999999999999      -0.20922282579621149       -8.5412112128369309     
  0.86599999999999999      -0.21775099907322085       -8.5149554297962169     
  0.86699999999999999      -0.22625240896095342       -8.4876849777991943     
  0.86799999999999999      -0.23472604371535163       -8.4594057265074962     
  0.86899999999999999      -0.24317089751947429       -8.4301236603220104     
  0.87000000000000000      -0.25158597059756149       -8.3998448770324572     
  0.87100000000000000      -0.25997026932774397       -8.3685755864563056     
  0.87200000000000000      -0.26832280635338585       -8.3363221090672930     
  0.87300000000000000      -0.27664260069305124       -8.3030908746138348     
  0.87400000000000000      -0.28492867784908399       -8.2688884207276079     
  0.87500000000000000      -0.29318006991479134       -8.2337213915225771     
  0.87600000000000000      -0.30139581568022189       -8.1975965361847614     
  0.87700000000000000      -0.30957496073652890       -8.1605207075530029     
  0.87800000000000000      -0.31771655757891010       -8.1225008606910372     
  0.87900000000000000      -0.32581966570811494       -8.0835440514511259     
  0.88000000000000000      -0.33388335173051181       -8.0436574350295480     
  0.88100000000000001      -0.34190668945670655       -8.0028482645142205     
  0.88200000000000001      -0.34988875999870478       -7.9611238894247336     
  0.88300000000000001      -0.35782865186561086       -7.9184917542450677     
  0.88400000000000001      -0.36572546105785547       -7.8749593969492873     
  0.88500000000000001      -0.37357829115994617       -7.8305344475204777     
  0.88600000000000001      -0.38138625343173310       -7.7852246264632070     
  0.88700000000000001      -0.38914846689818428       -7.7390377433097894     
  0.88800000000000001      -0.39686405843766415       -7.6919816951206252     
  0.88900000000000001      -0.40453216286870952       -7.6440644649788956     
  0.89000000000000001      -0.41215192303529774       -7.5952941204798856     
  0.89100000000000001      -0.41972248989060129       -7.5456788122152094     
  0.89200000000000002      -0.42724302257922447       -7.4952267722522103     
  0.89300000000000002      -0.43471268851791700       -7.4439463126088139     
  0.89400000000000002      -0.44213066347476038       -7.3918458237240969     
  0.89500000000000002      -0.44949613164682284       -7.3389337729248512     
  0.89600000000000002      -0.45680828573627891       -7.2852187028884066     
  0.89700000000000002      -0.46406632702499001       -7.2307092301019855     
  0.89800000000000002      -0.47126946544754289       -7.1754140433188560     
  0.89900000000000002      -0.47841691966274263       -7.1193419020115476     
  0.90000000000000002      -0.48550791712355768       -7.0625016348223992     
  0.90100000000000002      -0.49254169414551391       -7.0049021380116985     
  0.90200000000000002      -0.49951749597353606       -6.9465523739036854     
  0.90300000000000002      -0.50643457684723392       -6.8874613693306674     
  0.90400000000000003      -0.51329220006463205       -6.8276382140755230     
  0.90500000000000003      -0.52008963804434127       -6.7670920593128372     
  0.90600000000000003      -0.52682617238617035       -6.7058321160489420     
  0.90700000000000003      -0.53350109393017808       -6.6438676535611050     
  0.90800000000000003      -0.54011370281416327       -6.5812079978361293     
  0.90900000000000003      -0.54666330852959377       -6.5178625300086184     
  0.91000000000000003      -0.55314922997597371       -6.4538406847991494     
  0.91100000000000003      -0.55957079551364852       -6.3891519489526196     
  0.91200000000000003      -0.56592734301504921       -6.3238058596770008     
  0.91300000000000003      -0.57221821991437471       -6.2578120030827566     
  0.91400000000000003      -0.57844278325571519       -6.1911800126231684     
  0.91500000000000004      -0.58460039973961531       -6.1239195675358102     
  0.91600000000000004      -0.59069044576808027       -6.0560403912854168     
  0.91700000000000004      -0.59671230748802528       -5.9875522500083855     
  0.91800000000000004      -0.60266538083317023       -5.9184649509591525     
  0.91900000000000004      -0.60854907156438220       -5.8487883409586736     
  0.92000000000000004      -0.61436279530846738       -5.7785323048452506     
  0.92100000000000004      -0.62010597759541497       -5.7077067639279360     
  0.92200000000000004      -0.62577805389409624       -5.6363216744427467     
  0.92300000000000004      -0.63137846964642097       -5.5643870260119099     
  0.92400000000000004      -0.63690668029995468       -5.4919128401063801     
  0.92500000000000004      -0.64236215133900054       -5.4189091685118411     
  0.92600000000000005      -0.64774435831414889       -5.3453860917984253     
  0.92700000000000005      -0.65305278687029800       -5.2713537177943630     
  0.92800000000000005      -0.65828693277315153       -5.1968221800637897     
  0.92900000000000005      -0.66344630193419485       -5.1218016363889207     
  0.93000000000000005      -0.66853041043415673       -5.0463022672568130     
  0.93100000000000005      -0.67353878454495952       -4.9703342743509253     
  0.93200000000000005      -0.67847096075016389       -4.8939078790476875     
  0.93300000000000005      -0.68332648576391231       -4.8170333209182834     
  0.93400000000000005      -0.68810491654837713       -4.7397208562358646     
  0.93500000000000005      -0.69280582032971894       -4.6619807564883846     
  0.93600000000000005      -0.69742877461256036       -4.5838233068972665     
  0.93700000000000006      -0.70197336719298153       -4.5052588049420974     
  0.93800000000000006      -0.70643919617004358       -4.4262975588915472     
  0.93900000000000006      -0.71082586995584596       -4.3469498863407123     
  0.94000000000000006      -0.71513300728412454       -4.2672261127550684     
  0.94100000000000006      -0.71936023721739717       -4.1871365700212264     
  0.94200000000000006      -0.72350719915266326       -4.1066915950046825     
  0.94300000000000006      -0.72757354282566467       -4.0259015281147397     
  0.94400000000000006      -0.73155892831371561       -3.9447767118767922     
  0.94500000000000006      -0.73546302603710789       -3.8633274895121468     
  0.94600000000000006      -0.73928551675910037       -3.7815642035255639     
  0.94700000000000006      -0.74302609158449984       -3.6994971943006902     
  0.94800000000000006      -0.74668445195684108       -3.6171367987035583     
  0.94900000000000007      -0.75026030965417467       -3.5344933486943231     
  0.95000000000000007      -0.75375338678347081       -3.4515771699474032     
  0.95100000000000007      -0.75716341577364754       -3.3683985804801946     
  0.95200000000000007      -0.76049013936723164       -3.2849678892905154     
  0.95300000000000007      -0.76373331061066230       -3.2012953950029486     
  0.95400000000000007      -0.76689269284324446       -3.1173913845242329     
  0.95500000000000007      -0.76996805968476334       -3.0332661317078671     
  0.95600000000000007      -0.77295919502176713       -2.9489298960280701     
  0.95700000000000007      -0.77586589299252939       -2.8643929212632568     
  0.95800000000000007      -0.77868795797069879       -2.7796654341891700     
  0.95900000000000007      -0.78142520454764786       -2.6947576432818177     
  0.95999999999999996      -0.78407745751352864       -2.6096797374303580     
  0.96099999999999997      -0.78664455183704707       -2.5244418846600687     
  0.96199999999999997      -0.78912633264396503       -2.4390542308655454     
  0.96299999999999997      -0.79152265519434084       -2.3535268985542532     
  0.96399999999999997      -0.79383338485851851       -2.2678699856005742     
  0.96499999999999997      -0.79605839709187631       -2.1820935640104735     
  0.96599999999999997      -0.79819757740834552       -2.0962076786969130     
  0.96699999999999997      -0.80025082135270986       -2.0102223462661368     
  0.96799999999999997      -0.80221803447169693       -1.9241475538149513     
  0.96899999999999997      -0.80409913228387209       -1.8379932577391163     
  0.96999999999999997      -0.80589404024834665       -1.7517693825529654     
  0.97099999999999997      -0.80760269373231131       -1.6654858197203692     
  0.97199999999999998      -0.80922503797740608       -1.5791524264971513     
  0.97299999999999998      -0.81076102806493855       -1.4927790247850654     
  0.97399999999999998      -0.81221062887996209       -1.4063753999974424     
  0.97499999999999998      -0.81357381507422533       -1.3199512999366056     
  0.97599999999999998      -0.81485057102800484       -1.2335164336831581     
  0.97699999999999998      -0.81604089081083375       -1.1470804704972386     
  0.97799999999999998      -0.81714477814113684       -1.0606530387318418     
  0.97899999999999998      -0.81816224634478552      -0.97424372475829490     
  0.97999999999999998      -0.81909331831258436      -0.88786207190398059     
  0.98099999999999998      -0.81993802645670122      -0.80151757940239332     
  0.98199999999999998      -0.82069641266605409      -0.71521970135561397     
  0.98299999999999998      -0.82136852826066598      -0.62897784570928494     
  0.98399999999999999      -0.82195443394500189      -0.54280137324016420     
  0.98499999999999999      -0.82245419976029910      -0.45669959655633580     
  0.98599999999999999      -0.82286790503590412      -0.37068177911015099     
  0.98699999999999999      -0.82319563833962894      -0.28475713422397059     
  0.98799999999999999      -0.82343749742713979      -0.19893482412877844     
  0.98899999999999999      -0.82359358919039038      -0.11322395901573179     
  0.98999999999999999      -0.82366402960511398       -2.7633596100712365E-002
  0.99099999999999999      -0.82364894367738573        5.7827261298060720E-002
  0.99199999999999999      -0.82354846538926973       0.14314966466929752     
  0.99299999999999999      -0.82336273764356305       0.22832472120472752     
  0.99399999999999999      -0.82309191220765054       0.31334359468195999     
  0.99500000000000000      -0.82273614965648345       0.39819750633406359     
  0.99600000000000000      -0.82229561931469475       0.48287773570581694     
  0.99700000000000000      -0.82177049919786527       0.56737562149658405     
  0.99800000000000000      -0.82116097595295345       0.65168256238977174     
  0.99900000000000000      -0.82046724479790245       0.73579001786882803     
   1.0000000000000000      -0.81968950946043806       0.81968950901974258     
