   0.0000000000000000      -0.70710678118654746       0.70710678118654746     
   1.0000000000000000E-003 -0.70639487641428755       0.71670127124485050     
   2.0000000000000000E-003 -0.70567338236450461       0.72628531613702485     
   3.0000000000000001E-003 -0.70494230955148196       0.73585877765233876     
   4.0000000000000001E-003 -0.70420166862761246       0.74542151778283383     
   5.0000000000000001E-003 -0.70345147038319444       0.75497339872594349     
   6.0000000000000001E-003 -0.70269172574622496       0.76451428288710632     
   7.0000000000000001E-003 -0.70192244578219043       0.77404403288237467     
   8.0000000000000002E-003 -0.70114364169385479       0.78356251154101775     
   9.0000000000000011E-003 -0.70035532482104501       0.79306958190811960     
   1.0000000000000000E-002 -0.69955750664043381       0.80256510724717189     
   1.0999999999999999E-002 -0.69875019876532007       0.81204895104266139     
   1.2000000000000000E-002 -0.69793341294540656       0.82152097700265192     
   1.3000000000000001E-002 -0.69710716106657522       0.83098104906136094     
   1.4000000000000000E-002 -0.69627145515065936       0.84042903138173064     
   1.4999999999999999E-002 -0.69542630735521394       0.84986478835799328     
   1.6000000000000000E-002 -0.69457172997328287       0.85928818461823098     
   1.7000000000000001E-002 -0.69370773543316400       0.86869908502692994     
   1.8000000000000002E-002 -0.69283433629817126       0.87809735468752859     
   1.9000000000000000E-002 -0.69195154526639469       0.88748285894496015     
   2.0000000000000000E-002 -0.69105937517045746       0.89685546338818944     
   2.1000000000000001E-002 -0.69015783897727057       0.90621503385274293     
   2.1999999999999999E-002 -0.68924694978778511       0.91556143642323384     
   2.3000000000000000E-002 -0.68832672083674207       0.92489453743588057     
   2.4000000000000000E-002 -0.68739716549241914       0.93421420348101880     
   2.5000000000000001E-002 -0.68645829725637553       0.94352030140560783     
   2.6000000000000002E-002 -0.68551012976319403       0.95281269831573057     
   2.7000000000000000E-002 -0.68455267678022091       0.96209126157908698     
   2.8000000000000001E-002 -0.68358595220730256       0.97135585882748121     
   2.9000000000000001E-002 -0.68260997007652058       0.98060635795930251     
   2.9999999999999999E-002 -0.68162474455192379       0.98984262714199922     
   3.1000000000000000E-002 -0.68063028992925789       0.99906453481454649     
   3.2000000000000001E-002 -0.67962662063569279        1.0082719496899075     
   3.3000000000000002E-002 -0.67861375122954737        1.0174647407574875     
   3.4000000000000002E-002 -0.67759169640001171        1.0266427772855813     
   3.5000000000000003E-002 -0.67656047096686711        1.0358059288238148     
   3.6000000000000004E-002 -0.67552008988020362        1.0449540652055780     
   3.6999999999999998E-002 -0.67447056822013485        1.0540870565504523     
   3.7999999999999999E-002 -0.67341192119651061        1.0632047732666310     
   3.9000000000000000E-002 -0.67234416414862719        1.0723070860533312     
   4.0000000000000001E-002 -0.67126731254493521        1.0813938659032010     
   4.1000000000000002E-002 -0.67018138198274479        1.0904649841047169     
   4.2000000000000003E-002 -0.66908638818792843        1.0995203122445762     
   4.3000000000000003E-002 -0.66798234701462200        1.1085597222100809     
   4.3999999999999997E-002 -0.66686927444492272        1.1175830861915144     
   4.4999999999999998E-002 -0.66574718658858478        1.1265902766845113     
   4.5999999999999999E-002 -0.66461609968271318        1.1355811664924196     
   4.7000000000000000E-002 -0.66347603009145473        1.1445556287286545     
   4.8000000000000001E-002 -0.66232699430568653        1.1535135368190463     
   4.9000000000000002E-002 -0.66116900894270281        1.1624547645041794     
   5.0000000000000003E-002 -0.66000209074589877        1.1713791858417237     
   5.1000000000000004E-002 -0.65882625658445237        1.1802866752087593     
   5.2000000000000005E-002 -0.65764152345300364        1.1891771073040918     
   5.2999999999999999E-002 -0.65644790847133216        1.1980503571505616     
   5.3999999999999999E-002 -0.65524542888403137        1.2069063000973441     
   5.5000000000000000E-002 -0.65403410206018153        1.2157448118222420     
   5.6000000000000001E-002 -0.65281394549301974        1.2245657683339697     
   5.7000000000000002E-002 -0.65158497679960792        1.2333690459744302     
   5.8000000000000003E-002 -0.65034721372049842        1.2421545214209835     
   5.9000000000000004E-002 -0.64910067411939765        1.2509220716887064     
   5.9999999999999998E-002 -0.64784537598282699        1.2596715741326450     
   6.0999999999999999E-002 -0.64658133741978185        1.2684029064500582     
   6.2000000000000000E-002 -0.64530857666138819        1.2771159466826529     
   6.3000000000000000E-002 -0.64402711206055718        1.2858105732188114     
   6.4000000000000001E-002 -0.64273696209163722        1.2944866647958100     
   6.5000000000000002E-002 -0.64143814535006405        1.3031441005020286     
   6.6000000000000003E-002 -0.64013068055200850        1.3117827597791532     
   6.7000000000000004E-002 -0.63881458653402201        1.3204025224243681     
   6.8000000000000005E-002 -0.63748988225268022        1.3290032685925406     
   6.9000000000000006E-002 -0.63615658678422404        1.3375848787983968     
   7.0000000000000007E-002 -0.63481471932419886        1.3461472339186886     
   7.1000000000000008E-002 -0.63346429918709124        1.3546902151943516     
   7.2000000000000008E-002 -0.63210534580596389        1.3632137042326549     
   7.2999999999999995E-002 -0.63073787873208798        1.3717175830093407     
   7.3999999999999996E-002 -0.62936191763457394        1.3802017338707566     
   7.4999999999999997E-002 -0.62797748229999939        1.3886660395359780     
   7.5999999999999998E-002 -0.62658459263203581        1.3971103830989215     
   7.6999999999999999E-002 -0.62518326865107232        1.4055346480304491     
   7.8000000000000000E-002 -0.62377353049383777        1.4139387181804639     
   7.9000000000000001E-002 -0.62235539841302057        1.4223224777799954     
   8.0000000000000002E-002 -0.62092889277688679        1.4306858114432774     
   8.1000000000000003E-002 -0.61949403406889569        1.4390286041698150     
   8.2000000000000003E-002 -0.61805084288731349        1.4473507413464426     
   8.3000000000000004E-002 -0.61659933994482496        1.4556521087493732     
   8.4000000000000005E-002 -0.61513954606814314        1.4639325925462379     
   8.5000000000000006E-002 -0.61367148219761680        1.4721920792981154     
   8.6000000000000007E-002 -0.61219516938683594        1.4804304559615529     
   8.7000000000000008E-002 -0.61071062880223548        1.4886476098905768     
   8.7999999999999995E-002 -0.60921788172269675        1.4968434288386940     
   8.8999999999999996E-002 -0.60771694953914679        1.5050178009608837     
   8.9999999999999997E-002 -0.60620785375415620        1.5131706148155790     
   9.0999999999999998E-002 -0.60469061598153440        1.5213017593666396     
   9.1999999999999998E-002 -0.60316525794592346        1.5294111239853136     
   9.2999999999999999E-002 -0.60163180148238971        1.5374985984521907     
   9.4000000000000000E-002 -0.60009026853601333        1.5455640729591442     
   9.5000000000000001E-002 -0.59854068116147607        1.5536074381112646     
   9.6000000000000002E-002 -0.59698306152264713        1.5616285849287812     
   9.7000000000000003E-002 -0.59541743189216711        1.5696274048489764     
   9.8000000000000004E-002 -0.59384381465102998        1.5776037897280872     
   9.9000000000000005E-002 -0.59226223228816310        1.5855576318431985     
  0.10000000000000001      -0.59067270740000555        1.5934888238941252     
  0.10100000000000001      -0.58907526269008437        1.6013972590052850     
  0.10200000000000001      -0.58746992096858897        1.6092828307275600     
  0.10300000000000001      -0.58585670515194410        1.6171454330401489     
  0.10400000000000001      -0.58423563826238001        1.6249849603524087     
  0.10500000000000000      -0.58260674342750196        1.6328013075056851     
  0.10600000000000000      -0.58097004387985696        1.6405943697751337     
  0.10700000000000000      -0.57932556295649917        1.6483640428715312     
  0.10800000000000000      -0.57767332409855343        1.6561102229430738     
  0.10900000000000000      -0.57601335085077676        1.6638328065771677     
  0.11000000000000000      -0.57434566686111843        1.6715316908022078     
  0.11100000000000000      -0.57267029588027807        1.6792067730893454     
  0.11200000000000000      -0.57098726176126202        1.6868579513542465     
  0.11300000000000000      -0.56929658845893794        1.6944851239588383     
  0.11400000000000000      -0.56759830002958755        1.7020881897130458     
  0.11500000000000000      -0.56589242063045808        1.7096670478765170     
  0.11600000000000001      -0.56417897451931132        1.7172215981603383     
  0.11700000000000001      -0.56245798605397157        1.7247517407287376     
  0.11800000000000001      -0.56072947969187159        1.7322573762007780     
  0.11900000000000001      -0.55899347998959681        1.7397384056520397     
  0.12000000000000000      -0.55725001160242826        1.7471947306162914     
  0.12100000000000000      -0.55549909928388341        1.7546262530871508     
  0.12200000000000000      -0.55374076788525517        1.7620328755197334     
  0.12300000000000000      -0.55197504235515016        1.7694145008322917     
  0.12400000000000000      -0.55020194773902431        1.7767710324078412     
  0.12500000000000000      -0.54842150917871746        1.7841023740957775     
  0.12600000000000000      -0.54663375191198615        1.7914084302134812     
  0.12700000000000000      -0.54483870127203493        1.7986891055479113     
  0.12800000000000000      -0.54303638268704579        1.8059443053571880     
  0.12900000000000000      -0.54122682167970637        1.8131739353721641     
  0.13000000000000000      -0.53941004386673652        1.8203779017979855     
  0.13100000000000001      -0.53758607495841293        1.8275561113156393     
  0.13200000000000001      -0.53575494075809271        1.8347084710834918     
  0.13300000000000001      -0.53391666716173536        1.8418348887388143     
  0.13400000000000001      -0.53207128015742300        1.8489352723992984     
  0.13500000000000001      -0.53021880582487912        1.8560095306645585     
  0.13600000000000001      -0.52835927033498598        1.8630575726176242     
  0.13700000000000001      -0.52649269994930037        1.8700793078264204     
  0.13800000000000001      -0.52461912101956831        1.8770746463452361     
  0.13900000000000001      -0.52273855998723739        1.8840434987161820     
  0.14000000000000001      -0.52085104338296873        1.8909857759706357     
  0.14100000000000001      -0.51895659782614689        1.8979013896306760     
  0.14200000000000002      -0.51705525002438812        1.9047902517105055     
  0.14300000000000002      -0.51514702677304802        1.9116522747178613     
  0.14400000000000002      -0.51323195495472695        1.9184873716554136     
  0.14499999999999999      -0.51131006153877445        1.9252954560221540     
  0.14599999999999999      -0.50938137358079250        1.9320764418147702     
  0.14699999999999999      -0.50744591822213680        1.9388302435290103     
  0.14799999999999999      -0.50550372268941723        1.9455567761610348     
  0.14899999999999999      -0.50355481429399673        1.9522559552087566     
  0.14999999999999999      -0.50159922043148886        1.9589276966731695     
  0.15100000000000000      -0.49963696858125395        1.9655719170596644     
  0.15200000000000000      -0.49766808630589426        1.9721885333793341     
  0.15300000000000000      -0.49569260125074760        1.9787774631502657     
  0.15400000000000000      -0.49371054114337959        1.9853386243988216     
  0.15500000000000000      -0.49172193379307472        1.9918719356609076     
  0.15600000000000000      -0.48972680709032629        1.9983773159832301     
  0.15700000000000000      -0.48772518900632500        2.0048546849245401     
  0.15800000000000000      -0.48571710759244618        2.0113039625568665     
  0.15900000000000000      -0.48370259097973600        2.0177250694667364     
  0.16000000000000000      -0.48168166737839624        2.0241179267563822     
  0.16100000000000000      -0.47965436507726811        2.0304824560449406     
  0.16200000000000001      -0.47762071244331478        2.0368185794696334     
  0.16300000000000001      -0.47558073792110250        2.0431262196869420     
  0.16400000000000001      -0.47353447003228105        2.0494052998737660     
  0.16500000000000001      -0.47148193737506250        2.0556557437285710     
  0.16600000000000001      -0.46942316862369921        2.0618774754725240     
  0.16700000000000001      -0.46735819252796046        2.0680704198506161     
  0.16800000000000001      -0.46528703791260828        2.0742345021327742     
  0.16900000000000001      -0.46320973367687168        2.0803696481149578     
  0.17000000000000001      -0.46112630879392030        2.0864757841202470     
  0.17100000000000001      -0.45903679231033662        2.0925528369999156     
  0.17200000000000001      -0.45694121334558735        2.0986007341344921     
  0.17300000000000001      -0.45483960109149346        2.1046194034348105     
  0.17400000000000002      -0.45273198481169963        2.1106087733430443     
  0.17500000000000002      -0.45061839384114216        2.1165687728337339     
  0.17599999999999999      -0.44849885758551616        2.1224993314147964     
  0.17699999999999999      -0.44637340552074178        2.1284003791285264     
  0.17799999999999999      -0.44424206719242920        2.1342718465525823     
  0.17899999999999999      -0.44210487221534284        2.1401136648009609     
  0.17999999999999999      -0.43996185027286450        2.1459257655249599     
  0.18099999999999999      -0.43781303111645564        2.1517080809141280     
  0.18200000000000000      -0.43565844456511865        2.1574605436972005     
  0.18300000000000000      -0.43349812050485720        2.1631830871430253     
  0.18400000000000000      -0.43133208888813557        2.1688756450614743     
  0.18500000000000000      -0.42916037973333737        2.1745381518043434     
  0.18600000000000000      -0.42698302312422304        2.1801705422662385     
  0.18700000000000000      -0.42480004920938652        2.1857727518854504     
  0.18800000000000000      -0.42261148820171140        2.1913447166448168     
  0.18900000000000000      -0.42041737037782567        2.1968863730725712     
  0.19000000000000000      -0.41821772607755608        2.2023976582431790     
  0.19100000000000000      -0.41601258570338140        2.2078785097781624     
  0.19200000000000000      -0.41380197971988497        2.2133288658469099     
  0.19300000000000000      -0.41158593865320658        2.2187486651674773     
  0.19400000000000001      -0.40936449309049316        2.2241378470073716     
  0.19500000000000001      -0.40713767367934911        2.2294963511843249     
  0.19600000000000001      -0.40490551112728568        2.2348241180670554     
  0.19700000000000001      -0.40266803620116953        2.2401210885760152     
  0.19800000000000001      -0.40042527972667075        2.2453872041841243     
  0.19900000000000001      -0.39817727258770991        2.2506224069174952     
  0.20000000000000001      -0.39592404572590456        2.2558266393561399     
  0.20100000000000001      -0.39366563014001499        2.2609998446346702     
  0.20200000000000001      -0.39140205688538932        2.2661419664429792     
  0.20300000000000001      -0.38913335707340774        2.2712529490269140     
  0.20400000000000001      -0.38685956187092641        2.2763327371889344     
  0.20500000000000002      -0.38458070249972048        2.2813812762887591     
  0.20600000000000002      -0.38229681023592638        2.2863985122439985     
  0.20700000000000002      -0.38000791640948373        2.2913843915307761     
  0.20800000000000002      -0.37771405240357658        2.2963388611843349     
  0.20899999999999999      -0.37541524965407386        2.3012618687996338     
  0.20999999999999999      -0.37311153964896943        2.3061533625319286     
  0.21099999999999999      -0.37080295392782148        2.3110132910973418     
  0.21199999999999999      -0.36848952408119146        2.3158416037734191     
  0.21299999999999999      -0.36617128175008229        2.3206382503996741     
  0.21400000000000000      -0.36384825862537612        2.3254031813781180     
  0.21500000000000000      -0.36152048644727169        2.3301363476737782     
  0.21600000000000000      -0.35918799700472098        2.3348377008152039     
  0.21700000000000000      -0.35685082213486541        2.3395071928949585     
  0.21800000000000000      -0.35450899372247158        2.3441447765700993     
  0.21900000000000000      -0.35216254369936667        2.3487504050626451     
  0.22000000000000000      -0.34981150404387318        2.3533240321600295     
  0.22100000000000000      -0.34745590678024313        2.3578656122155421     
  0.22200000000000000      -0.34509578397809232        2.3623751001487583     
  0.22300000000000000      -0.34273116775183349        2.3668524514459537     
  0.22400000000000000      -0.34036209026010972        2.3712976221605078     
  0.22500000000000001      -0.33798858370522689        2.3757105689132927     
  0.22600000000000001      -0.33561068033258612        2.3800912488930526     
  0.22700000000000001      -0.33322841243011575        2.3844396198567663     
  0.22800000000000001      -0.33084181232770282        2.3887556401299999     
  0.22900000000000001      -0.32845091239662433        2.3930392686072453     
  0.23000000000000001      -0.32605574504897827        2.3972904647522455     
  0.23100000000000001      -0.32365634273711408        2.4015091885983093     
  0.23200000000000001      -0.32125273795306297        2.4056954007486109     
  0.23300000000000001      -0.31884496322796796        2.4098490623764768     
  0.23400000000000001      -0.31643305113151354        2.4139701352256622     
  0.23500000000000001      -0.31401703427135508        2.4180585816106119     
  0.23600000000000002      -0.31159694529254806        2.4221143644167098     
  0.23700000000000002      -0.30917281687697706        2.4261374471005159     
  0.23800000000000002      -0.30674468174278435        2.4301277936899885     
  0.23900000000000002      -0.30431257264379852        2.4340853687846975     
  0.23999999999999999      -0.30187652236896267        2.4380101375560201     
  0.24099999999999999      -0.29943656374176253        2.4419020657473278     
  0.24199999999999999      -0.29699272961965439        2.4457611196741591     
  0.24299999999999999      -0.29454505289349286        2.4495872662243778     
  0.24399999999999999      -0.29209356648695850        2.4533804728583224     
  0.24500000000000000      -0.28963830335598517        2.4571407076089384     
  0.24600000000000000      -0.28717929648818746        2.4608679390819019     
  0.24700000000000000      -0.28471657890228791        2.4645621364557275     
  0.24800000000000000      -0.28225018364754401        2.4682232694818649     
  0.24900000000000000      -0.27978014380317540        2.4718513084847817     
  0.25000000000000000      -0.27730649247779060        2.4754462243620368     
  0.25100000000000000      -0.27482926280881415        2.4790079885843350     
  0.25200000000000000      -0.27234848796191313        2.4825365731955760     
  0.25300000000000000      -0.26986420113042425        2.4860319508128850     
  0.25400000000000000      -0.26737643553478047        2.4894940946266346     
  0.25500000000000000      -0.26488522442193763        2.4929229784004510     
  0.25600000000000001      -0.26239060106480144        2.4963185764712095     
  0.25700000000000001      -0.25989259876165410        2.4996808637490182     
  0.25800000000000001      -0.25739125083558112        2.5030098157171854     
  0.25900000000000001      -0.25488659063389807        2.5063054084321794     
  0.26000000000000001      -0.25237865152757749        2.5095676185235707     
  0.26100000000000001      -0.24986746691067591        2.5127964231939659     
  0.26200000000000001      -0.24735307019976072        2.5159918002189268     
  0.26300000000000001      -0.24483549483333736        2.5191537279468763     
  0.26400000000000001      -0.24231477427127643        2.5222821852989945     
  0.26500000000000001      -0.23979094199424103        2.5253771517691002     
  0.26600000000000001      -0.23726403150311420        2.5284386074235190     
  0.26700000000000002      -0.23473407631842649        2.5314665329009425     
  0.26800000000000002      -0.23220110997978360        2.5344609094122714     
  0.26900000000000002      -0.22966516604529433        2.5374217187404478     
  0.27000000000000002      -0.22712627809099861        2.5403489432402750     
  0.27100000000000002      -0.22458447971029571        2.5432425658382254     
  0.27200000000000002      -0.22203980451337271        2.5461025700322337     
  0.27300000000000002      -0.21949228612663310        2.5489289398914816     
  0.27400000000000002      -0.21694195819212567        2.5517216600561659     
  0.27500000000000002      -0.21438885436697364        2.5544807157372569     
  0.27600000000000002      -0.21183300832280400        2.5572060927162452     
  0.27700000000000002      -0.20927445374517706        2.5598977773448728     
  0.27800000000000002      -0.20671322433301645        2.5625557565448545     
  0.27900000000000003      -0.20414935379803920        2.5651800178075876     
  0.28000000000000003      -0.20158287586418625        2.5677705491938476     
  0.28100000000000003      -0.19901382426705322        2.5703273393334714     
  0.28200000000000003      -0.19644223275332151        2.5728503774250298     
  0.28300000000000003      -0.19386813508018974        2.5753396532354880     
  0.28400000000000003      -0.19129156501480554        2.5777951570998523     
  0.28500000000000003      -0.18871255633369766        2.5802168799208052     
  0.28600000000000003      -0.18613114282220850        2.5826048131683290     
  0.28700000000000003      -0.18354735827392704        2.5849589488793172     
  0.28800000000000003      -0.18096123649012205        2.5872792796571735     
  0.28899999999999998      -0.17837281127917587        2.5895657986713982     
  0.28999999999999998      -0.17578211645601843        2.5918184996571636     
  0.29099999999999998      -0.17318918584156193        2.5940373769148772     
  0.29199999999999998      -0.17059405326213567        2.5962224253097319     
  0.29299999999999998      -0.16799675254892160        2.5983736402712450     
  0.29399999999999998      -0.16539731753739023        2.6004910177927862     
  0.29499999999999998      -0.16279578206673698        2.6025745544310919     
  0.29599999999999999      -0.16019217997931906        2.6046242473057677     
  0.29699999999999999      -0.15758654512009290        2.6066400940987817     
  0.29799999999999999      -0.15497891133605199        2.6086220930539423     
  0.29899999999999999      -0.15236931247566535        2.6105702429763658     
  0.29999999999999999      -0.14975778238831644        2.6124845432319330     
  0.30099999999999999      -0.14714435492374278        2.6143649937467335     
  0.30199999999999999      -0.14452906393147588        2.6162115950064968     
  0.30299999999999999      -0.14191194326028200        2.6180243480560144     
  0.30399999999999999      -0.13929302675760336        2.6198032544985468     
  0.30499999999999999      -0.13667234826899988        2.6215483164952222     
  0.30599999999999999      -0.13404994163759179        2.6232595367644223     
  0.30700000000000000      -0.13142584070350255        2.6249369185811546     
  0.30800000000000000      -0.12880007930330259        2.6265804657764171     
  0.30900000000000000      -0.12617269126945366        2.6281901827365464     
  0.31000000000000000      -0.12354371042975375        2.6297660744025597     
  0.31100000000000000      -0.12091317060678285        2.6313081462694807     
  0.31200000000000000      -0.11828110561734921        2.6328164043856570     
  0.31300000000000000      -0.11564754927193639        2.6342908553520643     
  0.31400000000000000      -0.11301253537415097        2.6357315063216000     
  0.31500000000000000      -0.11037609772017100        2.6371383649983660     
  0.31600000000000000      -0.10773827009819514        2.6385114396369382     
  0.31700000000000000      -0.10509908628789261        2.6398507390416275     
  0.31800000000000000      -0.10245858005985375        2.6411562725657265     
  0.31900000000000001       -9.9816785175041486E-002   2.6424280501107469     
  0.32000000000000001       -9.7173735384243454E-002   2.6436660821256450     
  0.32100000000000001       -9.4529464427524967E-002   2.6448703796060369     
  0.32200000000000001       -9.1884006033682769E-002   2.6460409540934009     
  0.32300000000000001       -8.9237393919699537E-002   2.6471778176742697     
  0.32400000000000001       -8.6589661790199265E-002   2.6482809829794123     
  0.32500000000000001       -8.3940843336903437E-002   2.6493504631830027     
  0.32600000000000001       -8.1290972238088038E-002   2.6503862720017799     
  0.32700000000000001       -7.8640082158041413E-002   2.6513884236941951     
  0.32800000000000001       -7.5988206746522971E-002   2.6523569330595498     
  0.32900000000000001       -7.3335379638222814E-002   2.6532918154371199     
  0.33000000000000002       -7.0681634452222170E-002   2.6541930867052730     
  0.33100000000000002       -6.8027004791454751E-002   2.6550607632805714     
  0.33200000000000002       -6.5371524242169021E-002   2.6558948621168654     
  0.33300000000000002       -6.2715226373391358E-002   2.6566954007043773     
  0.33400000000000002       -6.0058144736390144E-002   2.6574623970687710     
  0.33500000000000002       -5.7400312864140816E-002   2.6581958697702159     
  0.33600000000000002       -5.4741764270791797E-002   2.6588958379024352     
  0.33700000000000002       -5.2082532451131452E-002   2.6595623210917463     
  0.33800000000000002       -4.9422650880055971E-002   2.6601953394960907     
  0.33900000000000002       -4.6762153012038218E-002   2.6607949138040516     
  0.34000000000000002       -4.4101072280597606E-002   2.6613610652338631     
  0.34100000000000003       -4.1439442097770944E-002   2.6618938155324057     
  0.34200000000000003       -3.8777295853584276E-002   2.6623931869741964     
  0.34300000000000003       -3.6114666915525784E-002   2.6628592023603623     
  0.34400000000000003       -3.3451588628019682E-002   2.6632918850176095     
  0.34500000000000003       -3.0788094311901149E-002   2.6636912587971762     
  0.34600000000000003       -2.8124217263892335E-002   2.6640573480737810     
  0.34700000000000003       -2.5459990756079413E-002   2.6643901777445564     
  0.34800000000000003       -2.2795448035390697E-002   2.6646897732279742     
  0.34900000000000003       -2.0130622323075845E-002   2.6649561604627610     
  0.35000000000000003       -1.7465546814186154E-002   2.6651893659068020     
  0.35100000000000003       -1.4800254677055952E-002   2.6653894165360357     
  0.35199999999999998       -1.2134779052785101E-002   2.6655563398433384     
  0.35299999999999998       -9.4691530547226250E-003   2.6656901638373993     
  0.35399999999999998       -6.8034097679514592E-003   2.6657909170415839     
  0.35499999999999998       -4.1375822487743508E-003   2.6658586284927885     
  0.35599999999999998       -1.4717035242009027E-003   2.6658933277402852     
  0.35699999999999998        1.1941934085642190E-003   2.6658950448445560     
  0.35799999999999998        3.8600755826319099E-003   2.6658638103761181     
  0.35899999999999999        6.5259100619380669E-003   2.6657996554143382     
  0.35999999999999999        9.1916639417518459E-003   2.6657026115462377     
  0.36099999999999999        1.1857304349182708E-002   2.6655727108652889     
  0.36199999999999999        1.4522798443686270E-002   2.6654099859702005     
  0.36299999999999999        1.7188113417568925E-002   2.6652144699636926     
  0.36399999999999999        1.9853216496491240E-002   2.6649861964512644     
  0.36499999999999999        2.2518074939970118E-002   2.6647251995399510     
  0.36599999999999999        2.5182656041879699E-002   2.6644315138370711     
  0.36699999999999999        2.7846927130951014E-002   2.6641051744489634     
  0.36799999999999999        3.0510855571270382E-002   2.6637462169797179     
  0.36899999999999999        3.3174408762776511E-002   2.6633546775298922     
  0.37000000000000000        3.5837554141756316E-002   2.6629305926952229     
  0.37100000000000000        3.8500259181339466E-002   2.6624739995653259     
  0.37200000000000000        4.1162491391991587E-002   2.6619849357223884     
  0.37300000000000000        4.3824218322006205E-002   2.6614634392398488     
  0.37400000000000000        4.6485407557995295E-002   2.6609095486810719     
  0.37500000000000000        4.9146026725378579E-002   2.6603233030980111     
  0.37600000000000000        5.1806043488871412E-002   2.6597047420298647     
  0.37700000000000000        5.4465425552971368E-002   2.6590539055017195     
  0.37800000000000000        5.7124140662443444E-002   2.6583708340231893     
  0.37900000000000000        5.9782156602803900E-002   2.6576555685870416     
  0.38000000000000000        6.2439441200802713E-002   2.6569081506678165     
  0.38100000000000001        6.5095962324904680E-002   2.6561286222204372     
  0.38200000000000001        6.7751687885769060E-002   2.6553170256788108     
  0.38300000000000001        7.0406585836727903E-002   2.6544734039544209     
  0.38400000000000001        7.3060624174262900E-002   2.6535978004349108     
  0.38500000000000001        7.5713770938480807E-002   2.6526902589826595     
  0.38600000000000001        7.8365994213587503E-002   2.6517508239333472     
  0.38700000000000001        8.1017262128360537E-002   2.6507795400945131     
  0.38800000000000001        8.3667542856620300E-002   2.6497764527441059     
  0.38900000000000001        8.6316804617699652E-002   2.6487416076290229     
  0.39000000000000001        8.8965015676912201E-002   2.6476750509636440     
  0.39100000000000001        9.1612144346018984E-002   2.6465768294283545     
  0.39200000000000002        9.4258158983693788E-002   2.6454469901680615     
  0.39300000000000002        9.6903027995986879E-002   2.6442855807907009     
  0.39400000000000002        9.9546719836787312E-002   2.6430926493657370     
  0.39500000000000002       0.10218920300828370        2.6418682444226524     
  0.39600000000000002       0.10483044606142346        2.6406124149494321     
  0.39700000000000002       0.10747041759637055        2.6393252103910370     
  0.39800000000000002       0.11010908626296172        2.6380066806478708     
  0.39900000000000002       0.11274642076116113        2.6366568760742402     
  0.40000000000000002       0.11538238984151354        2.6352758474768030     
  0.40100000000000002       0.11801696230559580        2.6338636461130123     
  0.40200000000000002       0.12065010700646694        2.6324203236895518     
  0.40300000000000002       0.12328179284911658        2.6309459323607616     
  0.40400000000000003       0.12591198879091181        2.6294405247270589     
  0.40500000000000003       0.12854066384204244        2.6279041538333483     
  0.40600000000000003       0.13116778706596471        2.6263368731674275     
  0.40700000000000003       0.13379332757984344        2.6247387366583812     
  0.40800000000000003       0.13641725455499240        2.6231097986749727     
  0.40900000000000003       0.13903953721731327        2.6214501140240234     
  0.41000000000000003       0.14166014484773282        2.6197597379487867     
  0.41100000000000003       0.14427904678263861        2.6180387261273150     
  0.41200000000000003       0.14689621241431289        2.6162871346708183     
  0.41300000000000003       0.14951161119136494        2.6145050201220168     
  0.41400000000000003       0.15212521261916181        2.6126924394534847     
  0.41500000000000004       0.15473698626025728        2.6108494500659876     
  0.41600000000000004       0.15734690173481927        2.6089761097868123     
  0.41699999999999998       0.15995492872105549        2.6070724768680904     
  0.41799999999999998       0.16256103695563742        2.6051386099851142     
  0.41899999999999998       0.16516519623412271        2.6031745682346452     
  0.41999999999999998       0.16776737641137571        2.6011804111332171     
  0.42099999999999999       0.17036754740198642        2.5991561986154297     
  0.42199999999999999       0.17296567918068775        2.5971019910322379     
  0.42299999999999999       0.17556174178277092        2.5950178491492339     
  0.42399999999999999       0.17815570530449934        2.5929038341449200     
  0.42499999999999999       0.18074753990352055        2.5907600076089783     
  0.42599999999999999       0.18333721579927664        2.5885864315405316     
  0.42699999999999999       0.18592470327341273        2.5863831683463983     
  0.42799999999999999       0.18850997267018382        2.5841502808393408     
  0.42899999999999999       0.19109299439685987        2.5818878322363066     
  0.42999999999999999       0.19367373892412906        2.5795958861566644     
  0.43099999999999999       0.19625217678649942        2.5772745066204328     
  0.43200000000000000       0.19882827858269850        2.5749237580465030     
  0.43300000000000000       0.20140201497607133        2.5725437052508560     
  0.43400000000000000       0.20397335669497674        2.5701344134447708     
  0.43500000000000000       0.20654227453318164        2.5676959482330308     
  0.43600000000000000       0.20910873935025370        2.5652283756121204     
  0.43700000000000000       0.21167272207195209        2.5627317619684167     
  0.43800000000000000       0.21423419369061650        2.5602061740763755     
  0.43900000000000000       0.21679312526555428        2.5576516790967116     
  0.44000000000000000       0.21934948792342585        2.5550683445745728     
  0.44100000000000000       0.22190325285862816        2.5524562384377072     
  0.44200000000000000       0.22445439133367640        2.5498154289946267     
  0.44300000000000000       0.22700287467958377        2.5471459849327629     
  0.44400000000000001       0.22954867429623960        2.5444479753166176     
  0.44500000000000001       0.23209176165278539        2.5417214695859092     
  0.44600000000000001       0.23463210828798917        2.5389665375537120     
  0.44700000000000001       0.23716968581061784        2.5361832494045897     
  0.44800000000000001       0.23970446589980782        2.5333716756927251     
  0.44900000000000001       0.24223642030543366        2.5305318873400431     
  0.45000000000000001       0.24476552084847486        2.5276639556343281     
  0.45100000000000001       0.24729173942138080        2.5247679522273376     
  0.45200000000000001       0.24981504798843374        2.5218439491329088     
  0.45300000000000001       0.25233541858610997        2.5188920187250607     
  0.45400000000000001       0.25485282332343911        2.5159122337360920     
  0.45500000000000002       0.25736723438236125        2.5129046672546727     
  0.45600000000000002       0.25987862401808254        2.5098693927239304     
  0.45700000000000002       0.26238696455942867        2.5068064839395330     
  0.45800000000000002       0.26489222840919635        2.5037160150477655     
  0.45900000000000002       0.26739438804450300        2.5005980605436022     
  0.46000000000000002       0.26989341601713457        2.4974526952687741     
  0.46100000000000002       0.27238928495389120        2.4942799944098311     
  0.46200000000000002       0.27488196755693112        2.4910800334961998     
  0.46300000000000002       0.27737143660411256        2.4878528883982378     
  0.46400000000000002       0.27985766494933373        2.4845986353252809     
  0.46500000000000002       0.28234062552287076        2.4813173508236877     
  0.46600000000000003       0.28482029133171383        2.4780091117748801     
  0.46700000000000003       0.28729663545990108        2.4746739953933772     
  0.46800000000000003       0.28976963106885095        2.4713120792248264     
  0.46900000000000003       0.29223925139769219        2.4679234411440309     
  0.47000000000000003       0.29470546976359197        2.4645081593529699     
  0.47100000000000003       0.29716825956208220        2.4610663123788186     
  0.47200000000000003       0.29962759426738367        2.4575979790719606     
  0.47300000000000003       0.30208344743272830        2.4541032386039991     
  0.47400000000000003       0.30453579269067926        2.4505821704657613     
  0.47500000000000003       0.30698460375344933        2.4470348544652998     
  0.47600000000000003       0.30942985441321702        2.4434613707258923     
  0.47700000000000004       0.31187151854244088        2.4398617996840337     
  0.47800000000000004       0.31430957009417160        2.4362362220874267     
  0.47900000000000004       0.31674398310236229        2.4325847189929681     
  0.47999999999999998       0.31917473168217669        2.4289073717647320     
  0.48099999999999998       0.32160179003029532        2.4252042620719481     
  0.48199999999999998       0.32402513242521952        2.4214754718869766     
  0.48299999999999998       0.32644473322757367        2.4177210834832810     
  0.48399999999999999       0.32886056688040533        2.4139411794333960     
  0.48499999999999999       0.33127260790948315        2.4101358426068917     
  0.48599999999999999       0.33368083092359296        2.4063051561683366     
  0.48699999999999999       0.33608521061483176        2.4024492035752538     
  0.48799999999999999       0.33848572175889968        2.3985680685760777     
  0.48899999999999999       0.34088233921538974        2.3946618352081046     
  0.48999999999999999       0.34327503792807579        2.3907305877954412     
  0.49099999999999999       0.34566379292519833        2.3867744109469506     
  0.49199999999999999       0.34804857931974814        2.3827933895541946     
  0.49299999999999999       0.35042937230974802        2.3787876087893727     
  0.49399999999999999       0.35280614717853231        2.3747571541032584     
  0.49500000000000000       0.35517887929502451        2.3707021112231335     
  0.49600000000000000       0.35754754411401274        2.3666225661507183     
  0.49700000000000000       0.35991211717642319        2.3625186051600995     
  0.49800000000000000       0.36227257410959124        2.3583903147956553     
  0.49900000000000000       0.36462889062753107        2.3542377818699789     
  0.50000000000000000       0.36698104253120245        2.3500610934617971     
  0.50100000000000000       0.36932900570877608        2.3458603369138897     
  0.50200000000000000       0.37167275613589656        2.3416355998310019     
  0.50300000000000000       0.37401226987594327        2.3373869700777590     
  0.50400000000000000       0.37634752308028918        2.3331145357765752     
  0.50500000000000000       0.37867849198855769        2.3288183853055626     
  0.50600000000000001       0.38100515292887716        2.3244986072964351     
  0.50700000000000001       0.38332748231813363        2.3201552906324125     
  0.50800000000000001       0.38564545666222105        2.3157885244461225     
  0.50900000000000001       0.38795905255628987        2.3113983981174981     
  0.51000000000000001       0.39026824668499316        2.3069850012716762     
  0.51100000000000001       0.39257301582273074        2.3025484237768912     
  0.51200000000000001       0.39487333683389131        2.2980887557423686     
  0.51300000000000001       0.39716918667309231        2.2936060875162170     
  0.51400000000000001       0.39946054238541784        2.2891005096833155     
  0.51500000000000001       0.40174738110665431        2.2845721130632026     
  0.51600000000000001       0.40402968006352402        2.2800209887079621     
  0.51700000000000002       0.40630741657391667        2.2754472279001066     
  0.51800000000000002       0.40858056804711884        2.2708509221504602     
  0.51900000000000002       0.41084911198404100        2.2662321631960403     
  0.52000000000000002       0.41311302597744287        2.2615910429979351     
  0.52100000000000002       0.41537228771215640        2.2569276537391842     
  0.52200000000000002       0.41762687496530648        2.2522420878226530     
  0.52300000000000002       0.41987676560652987        2.2475344378689091     
  0.52400000000000002       0.42212193759819183        2.2428047967140960     
  0.52500000000000002       0.42436236899560059        2.2380532574078060     
  0.52600000000000002       0.42659803794721979        2.2332799132109513     
  0.52700000000000002       0.42882892269487860        2.2284848575936356     
  0.52800000000000002       0.43105500157397997        2.2236681842330221     
  0.52900000000000003       0.43327625301370659        2.2188299870112029     
  0.53000000000000003       0.43549265553722477        2.2139703600130658     
  0.53100000000000003       0.43770418776188613        2.2090893975241608     
  0.53200000000000003       0.43991082839942725        2.2041871940285662     
  0.53300000000000003       0.44211255625616708        2.1992638442067531     
  0.53400000000000003       0.44430935023320228        2.1943194429334496     
  0.53500000000000003       0.44650118932660043        2.1893540852755047     
  0.53600000000000003       0.44868805262759098        2.1843678664897492     
  0.53700000000000003       0.45086991932275439        2.1793608820208608     
  0.53800000000000003       0.45304676869420862        2.1743332274992229     
  0.53900000000000003       0.45521858011979399        2.1692849987387879     
  0.54000000000000004       0.45738533307325563        2.1642162917349368     
  0.54100000000000004       0.45954700712442376        2.1591272026623392     
  0.54200000000000004       0.46170358193939193        2.1540178278728148     
  0.54300000000000004       0.46385503728069316        2.1488882638931921     
  0.54400000000000004       0.46600135300747386        2.1437386074231677     
  0.54500000000000004       0.46814250907566557        2.1385689553331666     
  0.54600000000000004       0.47027848553815471        2.1333794046622012     
  0.54700000000000004       0.47240926254495008        2.1281700526157299     
  0.54800000000000004       0.47453482034334810        2.1229409965635169     
  0.54900000000000004       0.47665513927809622        2.1176923340374918     
  0.55000000000000004       0.47877019979155394        2.1124241627296083     
  0.55100000000000005       0.48087998242385177        2.1071365804897040     
  0.55200000000000005       0.48298446781304799        2.1018296853233598     
  0.55300000000000005       0.48508363669528343        2.0965035753897601     
  0.55400000000000005       0.48717746990493394        2.0911583489995538     
  0.55500000000000005       0.48926594837476078        2.0857941046127140     
  0.55600000000000005       0.49134905313605898        2.0804109408363995     
  0.55700000000000005       0.49342676531880320        2.0750089564228156     
  0.55800000000000005       0.49549906615179196        2.0695882502670777     
  0.55900000000000005       0.49756593696278945        2.0641489214050721     
  0.56000000000000005       0.49962735917866508        2.0586910690113203     
  0.56100000000000005       0.50168331432553115        2.0532147923968429     
  0.56200000000000006       0.50373378402887836        2.0477201910070240     
  0.56300000000000006       0.50577875001370898        2.0422073644194763     
  0.56400000000000006       0.50781819410466800        2.0366764123419077     
  0.56500000000000006       0.50985209822617228        2.0311274346099886     
  0.56600000000000006       0.51188044440253733        2.0255605311852185     
  0.56700000000000006       0.51390321475810219        2.0199758021527972     
  0.56800000000000006       0.51592039151735192        2.0143733477194923     
  0.56900000000000006       0.51793195700503825        2.0087532682115126     
  0.57000000000000006       0.51993789364629783        2.0031156640723791     
  0.57100000000000006       0.52193818396676850        1.9974606358607980     
  0.57200000000000006       0.52393281059270358        1.9917882842485364     
  0.57300000000000006       0.52592175625108362        1.9860987100182967     
  0.57400000000000007       0.52790500376972638        1.9803920140615956     
  0.57500000000000007       0.52988253607739477        1.9746682973766410     
  0.57600000000000007       0.53185433620390210        1.9689276610662125     
  0.57699999999999996       0.53382038728021586        1.9631702063355436     
  0.57799999999999996       0.53578067253855910        1.9573960344902035     
  0.57899999999999996       0.53773517531250969        1.9516052469339824     
  0.57999999999999996       0.53968387903709736        1.9457979451667773     
  0.58099999999999996       0.54162676724889891        1.9399742307824799     
  0.58199999999999996       0.54356382358613098        1.9341342054668660     
  0.58299999999999996       0.54549503178874115        1.9282779709954869     
  0.58399999999999996       0.54742037569849644        1.9224056292315626     
  0.58499999999999996       0.54933983925906993        1.9165172821238765     
  0.58599999999999997       0.55125340651612531        1.9106130317046726     
  0.58699999999999997       0.55316106161739931        1.9046929800875536     
  0.58799999999999997       0.55506278881278215        1.8987572294653827     
  0.58899999999999997       0.55695857245439540        1.8928058821081857     
  0.58999999999999997       0.55884839699666844        1.8868390403610560     
  0.59099999999999997       0.56073224699641222        1.8808568066420621     
  0.59199999999999997       0.56261010711289150        1.8748592834401567     
  0.59299999999999997       0.56448196210789436        1.8688465733130881     
  0.59399999999999997       0.56634779684580006        1.8628187788853141     
  0.59499999999999997       0.56820759629364481        1.8567760028459181     
  0.59599999999999997       0.57006134552118537        1.8507183479465277     
  0.59699999999999998       0.57190902970096025        1.8446459169992351     
  0.59799999999999998       0.57375063410834959        1.8385588128745216     
  0.59899999999999998       0.57558614412163212        1.8324571384991823     
  0.59999999999999998       0.57741554522204064        1.8263409968542557     
  0.60099999999999998       0.57923882299381524        1.8202104909729535     
  0.60199999999999998       0.58105596312425423        1.8140657239385956     
  0.60299999999999998       0.58286695140376354        1.8079067988825455     
  0.60399999999999998       0.58467177372590351        1.8017338189821501     
  0.60499999999999998       0.58647041608743389        1.7955468874586817     
  0.60599999999999998       0.58826286458835675        1.7893461075752823     
  0.60699999999999998       0.59004910543195732        1.7831315826349114     
  0.60799999999999998       0.59182912492484274        1.7769034159782970     
  0.60899999999999999       0.59360290947697880        1.7706617109818885     
  0.60999999999999999       0.59537044560172492        1.7644065710558137     
  0.61099999999999999       0.59713171991586633        1.7581380996418381     
  0.61199999999999999       0.59888671913964497        1.7518564002113279     
  0.61299999999999999       0.60063543009678821        1.7455615762632157     
  0.61399999999999999       0.60237783971453507        1.7392537313219694     
  0.61499999999999999       0.60411393502366095        1.7329329689355644     
  0.61599999999999999       0.60584370315850000        1.7265993926734595     
  0.61699999999999999       0.60756713135696572        1.7202531061245756     
  0.61799999999999999       0.60928420696056940        1.7138942128952774     
  0.61899999999999999       0.61099491741443646        1.7075228166073593     
  0.62000000000000000       0.61269925026732097        1.7011390208960346     
  0.62100000000000000       0.61439719317161801        1.6947429294079279     
  0.62200000000000000       0.61608873388337415        1.6883346457990707     
  0.62300000000000000       0.61777386026229564        1.6819142737329014     
  0.62400000000000000       0.61945256027175510        1.6754819168782684     
  0.62500000000000000       0.62112482197879582        1.6690376789074373     
  0.62600000000000000       0.62279063355413411        1.6625816634941004     
  0.62700000000000000       0.62444998327215984        1.6561139743113920     
  0.62800000000000000       0.62610285951093481        1.6496347150299058     
  0.62900000000000000       0.62774925075218935        1.6431439893157171     
  0.63000000000000000       0.62938914558131653        1.6366419008284081     
  0.63100000000000001       0.63102253268736508        1.6301285532190979     
  0.63200000000000001       0.63264940086302968        1.6236040501284756     
  0.63300000000000001       0.63426973900463957        1.6170684951848384     
  0.63400000000000001       0.63588353611214532        1.6105219920021321     
  0.63500000000000001       0.63749078128910319        1.6039646441779976     
  0.63600000000000001       0.63909146374265824        1.5973965552918197     
  0.63700000000000001       0.64068557278352478        1.5908178289027817     
  0.63800000000000001       0.64227309782596542        1.5842285685479227     
  0.63900000000000001       0.64385402838776795        1.5776288777402003     
  0.64000000000000001       0.64542835409022004        1.5710188599665560     
  0.64100000000000001       0.64699606465808246        1.5643986186859871     
  0.64200000000000002       0.64855714991956026        1.5577682573276206     
  0.64300000000000002       0.65011159980627176        1.5511278792887935     
  0.64400000000000002       0.65165940435321579        1.5444775879331354     
  0.64500000000000002       0.65320055369873720        1.5378174865886580     
  0.64600000000000002       0.65473503808449007        1.5311476785458469     
  0.64700000000000002       0.65626284785539957        1.5244682670557586     
  0.64800000000000002       0.65778397345962114        1.5177793553281227     
  0.64900000000000002       0.65929840544849860        1.5110810465294482     
  0.65000000000000002       0.66080613447651970        1.5043734437811340     
  0.65100000000000002       0.66230715130127027        1.4976566501575848     
  0.65200000000000002       0.66380144678338615        1.4909307686843312     
  0.65300000000000002       0.66528901188650347        1.4841959023361548     
  0.65400000000000003       0.66676983767720688        1.4774521540352177     
  0.65500000000000003       0.66824391532497618        1.4706996266491972     
  0.65600000000000003       0.66971123610213068        1.4639384229894252     
  0.65700000000000003       0.67117179138377192        1.4571686458090327     
  0.65800000000000003       0.67262557264772482        1.4503903978010981     
  0.65900000000000003       0.67407257147447641        1.4436037815968021     
  0.66000000000000003       0.67551277954711320        1.4368088997635864     
  0.66100000000000003       0.67694618865125633        1.4300058548033179     
  0.66200000000000003       0.67837279067499545        1.4231947491504577     
  0.66300000000000003       0.67979257760881984        1.4163756851702356     
  0.66400000000000003       0.68120554154554880        1.4095487651568288     
  0.66500000000000004       0.68261167468025941        1.4027140913315466     
  0.66600000000000004       0.68401096931021277        1.3958717658410200     
  0.66700000000000004       0.68540341783477843        1.3890218907553968     
  0.66800000000000004       0.68678901275535720        1.3821645680665413     
  0.66900000000000004       0.68816774667530167        1.3752998996862396     
  0.67000000000000004       0.68953961229983540        1.3684279874444103     
  0.67100000000000004       0.69090460243597018        1.3615489330873207     
  0.67200000000000004       0.69226270999242145        1.3546628382758077     
  0.67300000000000004       0.69361392797952193        1.3477698045835047     
  0.67400000000000004       0.69495824950913354        1.3408699334950740     
  0.67500000000000004       0.69629566779455776        1.3339633264044439     
  0.67600000000000005       0.69762617615044364        1.3270500846130526     
  0.67700000000000005       0.69894976799269481        1.3201303093280961     
  0.67800000000000005       0.70026643683837408        1.3132041016607825     
  0.67900000000000005       0.70157617630560676        1.3062715626245924     
  0.68000000000000005       0.70287898011348193        1.2993327931335434     
  0.68100000000000005       0.70417484208195225        1.2923878940004621     
  0.68200000000000005       0.70546375613173173        1.2854369659352596     
  0.68300000000000005       0.70674571628419225        1.2784801095432152     
  0.68400000000000005       0.70802071666125777        1.2715174253232637     
  0.68500000000000005       0.70928875148529713        1.2645490136662898     
  0.68600000000000005       0.71054981507901560        1.2575749748534275     
  0.68700000000000006       0.71180390186534359        1.2505954090543654     
  0.68800000000000006       0.71305100636732499        1.2436104163256589     
  0.68900000000000006       0.71429112320800281        1.2366200966090466     
  0.69000000000000006       0.71552424711030360        1.2296245497297738     
  0.69100000000000006       0.71675037289692023        1.2226238753949215     
  0.69200000000000006       0.71796949549019273        1.2156181731917415     
  0.69300000000000006       0.71918160991198787        1.2086075425859977     
  0.69400000000000006       0.72038671128357656        1.2015920829203126     
  0.69500000000000006       0.72158479482551019        1.1945718934125209     
  0.69600000000000006       0.72277585585749471        1.1875470731540279     
  0.69700000000000006       0.72395988979826353        1.1805177211081754     
  0.69800000000000006       0.72513689216544874        1.1734839361086133     
  0.69900000000000007       0.72630685857545041        1.1664458168576759     
  0.70000000000000007       0.72746978474330459        1.1594034619247668     
  0.70100000000000007       0.72862566648254967        1.1523569697447482     
  0.70200000000000007       0.72977449970509067        1.1453064386163370     
  0.70300000000000007       0.73091628042106271        1.1382519667005069     
  0.70399999999999996       0.73205100473869233        1.1311936520188977     
  0.70499999999999996       0.73317866886415717        1.1241315924522295     
  0.70599999999999996       0.73429926910144461        1.1170658857387243     
  0.70699999999999996       0.73541280185220814        1.1099966294725332     
  0.70799999999999996       0.73651926361562281        1.1029239211021706     
  0.70899999999999996       0.73761865098823853        1.0958478579289543     
  0.70999999999999996       0.73871096066383224        1.0887685371054525     
  0.71099999999999997       0.73979618943325853        1.0816860556339363     
  0.71199999999999997       0.74087433418429827        1.0746005103648402     
  0.71299999999999997       0.74194539190150621        1.0675119979952274     
  0.71399999999999997       0.74300935966605686        1.0604206150672633     
  0.71499999999999997       0.74406623465558874        1.0533264579666932     
  0.71599999999999997       0.74511601414404705        1.0462296229213293     
  0.71699999999999997       0.74615869550152536        1.0391302059995422     
  0.71799999999999997       0.74719427619410528        1.0320283031087598     
  0.71899999999999997       0.74822275378369441        1.0249240099939734     
  0.71999999999999997       0.74924412592786371        1.0178174222362484     
  0.72099999999999997       0.75025839037968256        1.0107086352512444     
  0.72199999999999998       0.75126554498755249        1.0035977442877400     
  0.72299999999999998       0.75226558769503982       0.99648484442616425     
  0.72399999999999998       0.75325851654070641       0.98937003057713679     
  0.72499999999999998       0.75424432965793931       0.98225339748001217     
  0.72599999999999998       0.75522302527477847       0.97513503970143267     
  0.72699999999999998       0.75619460171374364       0.96801505163388735     
  0.72799999999999998       0.75715905739165923       0.96089352749427781     
  0.72899999999999998       0.75811639081947824       0.95377056132249072     
  0.72999999999999998       0.75906660060210418       0.94664624697997757     
  0.73099999999999998       0.76000968543821246       0.93952067814834062     
  0.73199999999999998       0.76094564412006926       0.93239394832792655     
  0.73299999999999998       0.76187447553335008       0.92526615083642605     
  0.73399999999999999       0.76279617865695593       0.91813737880748114     
  0.73499999999999999       0.76371075256282905       0.91100772518929884     
  0.73599999999999999       0.76461819641576645       0.90387728274327228     
  0.73699999999999999       0.76551850947323241       0.89674614404260811     
  0.73799999999999999       0.76641169108516982       0.88961440147096160     
  0.73899999999999999       0.76729774069380996       0.88248214722107798     
  0.73999999999999999       0.76817665783348055       0.87534947329344159     
  0.74099999999999999       0.76904844213041323       0.86821647149493142     
  0.74199999999999999       0.76991309330254898       0.86108323343748383     
  0.74299999999999999       0.77077061115934287       0.85394985053676253     
  0.74399999999999999       0.77162099560156661       0.84681641401083541     
  0.74500000000000000       0.77246424662111079       0.83968301487885855     
  0.74600000000000000       0.77330036430078519       0.83254974395976733     
  0.74700000000000000       0.77412934881411755       0.82541669187097433     
  0.74800000000000000       0.77495120042515198       0.81828394902707513     
  0.74900000000000000       0.77576591948824491       0.81115160563856048     
  0.75000000000000000       0.77657350644786094       0.80401975171053575     
  0.75100000000000000       0.77737396183836627       0.79688847704144805     
  0.75200000000000000       0.77816728628382181       0.78975787122181984     
  0.75300000000000000       0.77895348049777435       0.78262802363299033     
  0.75400000000000000       0.77973254528304692       0.77549902344586363     
  0.75500000000000000       0.78050448153152763       0.76837095961966451     
  0.75600000000000001       0.78126929022395752       0.76124392090070092     
  0.75700000000000001       0.78202697242971686       0.75411799582113426     
  0.75800000000000001       0.78277752930661049       0.74699327269775662     
  0.75900000000000001       0.78352096210065181       0.73986983963077535     
  0.76000000000000001       0.78425727214584551       0.73274778450260480     
  0.76100000000000001       0.78498646086396939       0.72562719497666550     
  0.76200000000000001       0.78570852976435457       0.71850815849619065     
  0.76300000000000001       0.78642348044366472       0.71139076228303988     
  0.76400000000000001       0.78713131458567431       0.70427509333652016     
  0.76500000000000001       0.78783203396104518       0.69716123843221434     
  0.76600000000000001       0.78852564042710238       0.69004928412081690     
  0.76700000000000002       0.78921213592760875       0.68293931672697705     
  0.76800000000000002       0.78989152249253825       0.67583142234814908     
  0.76900000000000002       0.79056380223784806       0.66872568685345024     
  0.77000000000000002       0.79122897736525000       0.66162219588252624     
  0.77100000000000002       0.79188705016198013       0.65452103484442337     
  0.77200000000000002       0.79253802300056786       0.64742228891646902     
  0.77300000000000002       0.79318189833860342       0.64032604304315877     
  0.77400000000000002       0.79381867871850476       0.63323238193505138     
  0.77500000000000002       0.79444836676728292       0.62614139006767089     
  0.77600000000000002       0.79507096519630649       0.61905315168041675     
  0.77700000000000002       0.79568647680106475       0.61196775077548049     
  0.77800000000000002       0.79629490446093021       0.60488527111677060     
  0.77900000000000003       0.79689625113891971       0.59780579622884444     
  0.78000000000000003       0.79749051988145436       0.59072940939584806     
  0.78100000000000003       0.79807771381811887       0.58365619366046284     
  0.78200000000000003       0.79865783616141939       0.57658623182286006     
  0.78300000000000003       0.79923089020654048       0.56951960643966315     
  0.78400000000000003       0.79979687933110100       0.56245639982291673     
  0.78500000000000003       0.80035580699490938       0.55539669403906378     
  0.78600000000000003       0.80090767673971697       0.54834057090793009     
  0.78700000000000003       0.80145249218897130       0.54128811200171623     
  0.78800000000000003       0.80199025704756788       0.53423939864399705     
  0.78900000000000003       0.80252097510160092       0.52719451190872846     
  0.79000000000000004       0.80304465021811344       0.52015353261926223     
  0.79100000000000004       0.80356128634484603       0.51311654134736795     
  0.79200000000000004       0.80407088750998479       0.50608361841226257     
  0.79300000000000004       0.80457345782190848       0.49905484387964749     
  0.79400000000000004       0.80506900146893412       0.49203029756075334     
  0.79500000000000004       0.80555752271906245       0.48501005901139210     
  0.79600000000000004       0.80603902591972199       0.47799420753101690     
  0.79700000000000004       0.80651351549751193       0.47098282216178938     
  0.79800000000000004       0.80698099595794459       0.46397598168765436     
  0.79900000000000004       0.80744147188518689       0.45697376463342254     
  0.80000000000000004       0.80789494794180039       0.44997624926386026     
  0.80100000000000005       0.80834142886848104       0.44298351358278720     
  0.80200000000000005       0.80878091948379771       0.43599563533218133     
  0.80300000000000005       0.80921342468393009       0.42901269199129183     
  0.80400000000000005       0.80963894944240511       0.42203476077575913     
  0.80500000000000005       0.81005749880983335       0.41506191863674285     
  0.80600000000000005       0.81046907791364386       0.40809424226005719     
  0.80700000000000005       0.81087369195781844       0.40113180806531390     
  0.80800000000000005       0.81127134622262498       0.39417469220507273     
  0.80900000000000005       0.81166204606435011       0.38722297056399974     
  0.81000000000000005       0.81204579691503076       0.38027671875803287     
  0.81100000000000005       0.81242260428218493       0.37333601213355527     
  0.81200000000000006       0.81279247374854213       0.36640092576657624     
  0.81300000000000006       0.81315541097177213       0.35947153446191937     
  0.81400000000000006       0.81351142168421364       0.35254791275241898     
  0.81500000000000006       0.81386051169260187       0.34563013489812344     
  0.81600000000000006       0.81420268687779529       0.33871827488550632     
  0.81700000000000006       0.81453795319450162       0.33181240642668525     
  0.81800000000000006       0.81486631667100340       0.32491260295864821     
  0.81900000000000006       0.81518778340888209       0.31801893764248734     
  0.82000000000000006       0.81550235958274198       0.31113148336264057     
  0.82100000000000006       0.81581005143993301       0.30425031272614050     
  0.82200000000000006       0.81611086530027344       0.29737549806187108     
  0.82300000000000006       0.81640480755577072       0.29050711141983165     
  0.82400000000000007       0.81669188467034259       0.28364522457040892     
  0.82500000000000007       0.81697210317953717       0.27678990900365597     
  0.82600000000000007       0.81724546969025202       0.26994123592857927     
  0.82700000000000007       0.81751199088045290       0.26309927627243312     
  0.82800000000000007       0.81777167349889157       0.25626410068002142     
  0.82900000000000007       0.81802452436482320       0.24943577951300744     
  0.83000000000000007       0.81827055036772267       0.24261438284923062     
  0.83100000000000007       0.81850975846700058       0.23579998048203132     
  0.83200000000000007       0.81874215569171815       0.22899264191958291     
  0.83299999999999996       0.81896774914030190       0.22219243638423139     
  0.83399999999999996       0.81918654598025764       0.21539943281184271     
  0.83499999999999996       0.81939855344788348       0.20861369985115732     
  0.83599999999999997       0.81960377884798230       0.20183530586315260     
  0.83699999999999997       0.81980222955357396       0.19506431892041248     
  0.83799999999999997       0.81999391300560631       0.18830080680650474     
  0.83899999999999997       0.82017883671266600       0.18154483701536581     
  0.83999999999999997       0.82035700825068858       0.17479647675069304     
  0.84099999999999997       0.82052843526266783       0.16805579292534445     
  0.84199999999999997       0.82069312545836481       0.16132285216074599     
  0.84299999999999997       0.82085108661401585       0.15459772078630632     
  0.84399999999999997       0.82100232657204064       0.14788046483883899     
  0.84499999999999997       0.82114685324074899       0.14117115006199207     
  0.84599999999999997       0.82128467459404764       0.13446984190568545     
  0.84699999999999998       0.82141579867114600       0.12777660552555525     
  0.84799999999999998       0.82154023357626171       0.12109150578240607     
  0.84899999999999998       0.82165798747832575       0.11441460724167035     
  0.84999999999999998       0.82176906861068644       0.10774597417287535     
  0.85099999999999998       0.82187348527081339       0.10108567054911750     
  0.85199999999999998       0.82197124582000114        9.4433760046544205E-002
  0.85299999999999998       0.82206235868307131        8.7790306043842983E-002
  0.85399999999999998       0.82214683234807562        8.1155371621738123E-002
  0.85499999999999998       0.82222467536599697        7.4529019562494622E-002
  0.85599999999999998       0.82229589635045131        6.7911312349429598E-002
  0.85699999999999998       0.82236050397738802        6.1302312166431019E-002
  0.85799999999999998       0.82241850698479069        5.4702080897483837E-002
  0.85899999999999999       0.82246991417237658        4.8110680126203488E-002
  0.85999999999999999       0.82251473440129619        4.1528171135376699E-002
  0.86099999999999999       0.82255297659383209        3.4954614906509696E-002
  0.86199999999999999       0.82258464973309775        2.8390072119383696E-002
  0.86299999999999999       0.82260976286273524        2.1834603151617747E-002
  0.86399999999999999       0.82262832508661288        1.5288268078238878E-002
  0.86499999999999999       0.82264034556852272        8.7511266712595424E-003
  0.86599999999999999       0.82264583353187692        2.2232383992623660E-003
  0.86699999999999999       0.82264479825940451       -4.2953375730078311E-003
  0.86799999999999999       0.82263724909284708       -1.0804542385044734E-002
  0.86899999999999999       0.82262319543265439       -1.7304317480973982E-002
  0.87000000000000000       0.82260264673767969       -2.3794604609939360E-002
  0.87100000000000000       0.82257561252487443       -3.0275345826481743E-002
  0.87200000000000000       0.82254210236898251       -3.6746483490910836E-002
  0.87300000000000000       0.82250212590223448       -4.3207960269669679E-002
  0.87400000000000000       0.82245569281404141       -4.9659719135691935E-002
  0.87500000000000000       0.82240281285068773       -5.6101703368752025E-002
  0.87600000000000000       0.82234349581502486       -6.2533856555808051E-002
  0.87700000000000000       0.82227775156616334       -6.8956122591337557E-002
  0.87800000000000000       0.82220559001916527       -7.5368445677666124E-002
  0.87900000000000000       0.82212702114473646       -8.1770770325288858E-002
  0.88000000000000000       0.82204205496891791       -8.8163041353184687E-002
  0.88100000000000001       0.82195070157277739       -9.4545203889123589E-002
  0.88200000000000001       0.82185297109210032      -0.10091720336996671     
  0.88300000000000001       0.82174887371708050      -0.10727898554195932     
  0.88400000000000001       0.82163841969201079      -0.11363049646101682     
  0.88500000000000001       0.82152161931497314      -0.11997168249300355     
  0.88600000000000001       0.82139848293752837      -0.12630249031400465     
  0.88700000000000001       0.82126902096440624      -0.13262286691059075     
  0.88800000000000001       0.82113324385319442      -0.13893275958007578     
  0.88900000000000001       0.82099116211402789      -0.14523211593076776     
  0.89000000000000001       0.82084278630927765      -0.15152088388221241     
  0.89100000000000001       0.82068812705323935      -0.15779901166543001     
  0.89200000000000002       0.82052719501182192      -0.16406644782314514     
  0.89300000000000002       0.82036000090223560      -0.17032314121000949     
  0.89400000000000002       0.82018655549267983      -0.17656904099281784     
  0.89500000000000002       0.82000686960203106      -0.18280409665071695     
  0.89600000000000002       0.81982095409953049      -0.18902825797540768     
  0.89700000000000002       0.81962881990447123      -0.19524147507134010     
  0.89800000000000002       0.81943047798588531      -0.20144369835590184     
  0.89900000000000002       0.81922593936223098      -0.20763487855959945     
  0.90000000000000002       0.81901521510107933      -0.21381496672623301     
  0.90100000000000002       0.81879831631880085      -0.21998391421306396     
  0.90200000000000002       0.81857525418025201      -0.22614167269097588     
  0.90300000000000002       0.81834603989846155      -0.23228819414462873     
  0.90400000000000003       0.81811068473431658      -0.23842343087260620     
  0.90500000000000003       0.81786919999624852      -0.24454733548755619     
  0.90600000000000003       0.81762159703991921      -0.25065986091632481     
  0.90700000000000003       0.81736788726790632      -0.25676096040008328     
  0.90800000000000003       0.81710808212938923      -0.26285058749444856     
  0.90900000000000003       0.81684219311983441      -0.26892869606959674     
  0.91000000000000003       0.81657023178068078      -0.27499524031037026     
  0.91100000000000003       0.81629220969902516      -0.28105017471637822     
  0.91200000000000003       0.81600813850730725      -0.28709345410208997     
  0.91300000000000003       0.81571802988299480      -0.29312503359692221     
  0.91400000000000003       0.81542189554826872      -0.29914486864531947     
  0.91500000000000004       0.81511974726970771      -0.30515291500682790     
  0.91600000000000004       0.81481159685797366      -0.31114912875616257     
  0.91700000000000004       0.81449745616749591      -0.31713346628326822     
  0.91800000000000004       0.81417733709615625      -0.32310588429337334     
  0.91900000000000004       0.81385125158497362      -0.32906633980703781     
  0.92000000000000004       0.81351921161778873      -0.33501479016019414     
  0.92100000000000004       0.81318122922094860      -0.34095119300418208     
  0.92200000000000004       0.81283731646299129      -0.34687550630577679     
  0.92300000000000004       0.81248748545433025      -0.35278768834721053     
  0.92400000000000004       0.81213174834693902      -0.35868769772618808     
  0.92500000000000004       0.81177011733403570      -0.36457549335589556     
  0.92600000000000005       0.81140260464976732      -0.37045103446500294     
  0.92700000000000005       0.81102922256889476      -0.37631428059766020     
  0.92800000000000005       0.81064998340647687      -0.38216519161348705     
  0.92900000000000005       0.81026489951755509      -0.38800372768755648     
  0.93000000000000005       0.80987398329683824      -0.39382984931037174     
  0.93100000000000005       0.80947724717838676      -0.39964351728783731     
  0.93200000000000005       0.80907470363529754      -0.40544469274122347     
  0.93300000000000005       0.80866636517938872      -0.41123333710712445     
  0.93400000000000005       0.80825224436088394      -0.41700941213741066     
  0.93500000000000005       0.80783235376809759      -0.42277287989917445     
  0.93600000000000005       0.80740670602711917      -0.42852370277466989     
  0.93700000000000006       0.80697531380149856      -0.43426184346124619     
  0.93800000000000006       0.80653818979193059      -0.43998726497127494     
  0.93900000000000006       0.80609534673594052      -0.44569993063207153     
  0.94000000000000006       0.80564679740756850      -0.45139980408581010     
  0.94100000000000006       0.80519255461705541      -0.45708684928943250     
  0.94200000000000006       0.80473263121052774      -0.46276103051455136     
  0.94300000000000006       0.80426704006968308      -0.46842231234734699     
  0.94400000000000006       0.80379579411147573      -0.47407065968845807     
  0.94500000000000006       0.80331890628780189      -0.47970603775286658     
  0.94600000000000006       0.80283638958518588      -0.48532841206977678     
  0.94700000000000006       0.80234825702446577      -0.49093774848248795     
  0.94800000000000006       0.80185452166047921      -0.49653401314826140     
  0.94900000000000007       0.80135519658174981      -0.50211717253818167     
  0.95000000000000007       0.80085029491017312      -0.50768719343701141     
  0.95100000000000007       0.80033982980070328      -0.51324404294304082     
  0.95200000000000007       0.79982381444103934      -0.51878768846793100     
  0.95300000000000007       0.79930226205131216      -0.52431809773655169     
  0.95400000000000007       0.79877518588377117      -0.52983523878681271     
  0.95500000000000007       0.79824259922247143      -0.53533907996949037     
  0.95600000000000007       0.79770451538296083      -0.54082958994804731     
  0.95700000000000007       0.79716094771196766      -0.54630673769844718     
  0.95800000000000007       0.79661190958708805      -0.55177049250896337     
  0.95900000000000007       0.79605741441647382      -0.55722082397998207     
  0.95999999999999996       0.79549747563852025      -0.56265770202379961     
  0.96099999999999997       0.79493210672155468      -0.56808109686441421     
  0.96199999999999997       0.79436132116352454      -0.57349097903731217     
  0.96299999999999997       0.79378513249168625      -0.57888731938924820     
  0.96399999999999997       0.79320355426229394      -0.58427008907802047     
  0.96499999999999997       0.79261660006028845      -0.58963925957223995     
  0.96599999999999997       0.79202428349898668      -0.59499480265109417     
  0.96699999999999997       0.79142661821977134      -0.60033669040410564     
  0.96799999999999997       0.79082361789178035      -0.60566489523088451     
  0.96899999999999997       0.79021529621159725      -0.61097938984087619     
  0.96999999999999997       0.78960166690294120      -0.61628014725310276     
  0.97099999999999997       0.78898274371635779      -0.62156714079590003     
  0.97199999999999998       0.78835854042890974      -0.62684034410664824     
  0.97299999999999998       0.78772907084386778      -0.63209973113149809     
  0.97399999999999998       0.78709434879040252      -0.63734527612509073     
  0.97499999999999998       0.78645438812327562      -0.64257695365027323     
  0.97599999999999998       0.78580920272253207      -0.64779473857780812     
  0.97699999999999998       0.78515880649319214      -0.65299860608607785     
  0.97799999999999998       0.78450321336494411      -0.65818853166078406     
  0.97899999999999998       0.78384243729183700      -0.66336449109464157     
  0.97999999999999998       0.78317649225197383      -0.66852646048706732     
  0.98099999999999998       0.78250539224720483      -0.67367441624386382     
  0.98199999999999998       0.78182915130282160      -0.67880833507689764     
  0.98299999999999998       0.78114778346725078      -0.68392819400377280     
  0.98399999999999999       0.78046130281174875      -0.68903397034749914     
  0.98499999999999999       0.77976972343009654      -0.69412564173615521     
  0.98599999999999999       0.77907305943829441      -0.69920318610254661     
  0.98699999999999999       0.77837132497425776      -0.70426658168385892     
  0.98799999999999999       0.77766453419751280      -0.70931580702130581     
  0.98899999999999999       0.77695270128889260      -0.71435084095977219     
  0.98999999999999999       0.77623584045023364      -0.71937166264745234     
  0.99099999999999999       0.77551396590407284      -0.72437825153548308     
  0.99199999999999999       0.77478709189334471      -0.72937058737757210     
  0.99299999999999999       0.77405523268107879      -0.73434865022962137     
  0.99399999999999999       0.77331840255009776      -0.73931242044934564     
  0.99500000000000000       0.77257661580271608      -0.74426187869588656     
  0.99600000000000000       0.77182988676043829      -0.74919700592942107     
  0.99700000000000000       0.77107822976365858      -0.75411778341076585     
  0.99800000000000000       0.77032165917136008      -0.75902419270097687     
  0.99900000000000000       0.76956018936081505      -0.76391621566094392     
   1.0000000000000000       0.76879383472728502      -0.76879383445098048     
