   0.0000000000000000      -0.70710678118654746       0.70710678118654746     
   1.0000000000000000E-003 -0.70629456789483469       0.91727968061789944     
   2.0000000000000000E-003 -0.70527231336655993        1.1271788788490247     
   3.0000000000000001E-003 -0.70404032262427629        1.3367417483026922     
   4.0000000000000001E-003 -0.70259896326865090        1.5459057634294568     
   5.0000000000000001E-003 -0.70094866536695144        1.7546085196731707     
   6.0000000000000001E-003 -0.69908992132258596        1.9627877523987325     
   7.0000000000000001E-003 -0.69702328572573569        2.1703813557761702     
   8.0000000000000002E-003 -0.69474937518512869        2.3773274016151618     
   9.0000000000000011E-003 -0.69226886814100586        2.5835641581441191     
   1.0000000000000000E-002 -0.68958250465933801        2.7890301087279772     
   1.0999999999999999E-002 -0.68669108620735853        2.9936639705188508     
   1.2000000000000000E-002 -0.68359547541048105        3.1974047130337406     
   1.3000000000000001E-002 -0.68029659579067880        3.4001915766534960     
   1.4000000000000000E-002 -0.67679543148640597        3.6019640910372677     
   1.4999999999999999E-002 -0.67309302695415030        3.8026620934467119     
   1.6000000000000000E-002 -0.66919048665170811        4.0022257469742311     
   1.7000000000000001E-002 -0.66508897470328199        4.2005955586695745     
   1.8000000000000002E-002 -0.66078971454650492        4.3977123975591530     
   1.9000000000000000E-002 -0.65629398856150112        4.5935175125524532     
   2.0000000000000000E-002 -0.65160313768209888        4.7879525502299760     
   2.1000000000000001E-002 -0.64671856098931779        4.9809595725071629     
   2.1999999999999999E-002 -0.64164171528725555        5.1724810741688163     
   2.3000000000000000E-002 -0.63637411466150795        5.3624600002685545     
   2.4000000000000000E-002 -0.63091733002025907        5.5508397633878914     
   2.5000000000000001E-002 -0.62527298861818448        5.7375642607495738     
   2.6000000000000002E-002 -0.61944277356331645        5.9225778911798637     
   2.7000000000000000E-002 -0.61342842330702496        6.1058255719144894     
   2.8000000000000001E-002 -0.60723173111727247        6.2872527552430473     
   2.9000000000000001E-002 -0.60085454453530762        6.4668054449866901     
   2.9999999999999999E-002 -0.59429876481596666        6.6444302128039876     
   3.1000000000000000E-002 -0.58756634635175709        6.8200742143199031     
   3.2000000000000001E-002 -0.58065929608090272        6.9936852050728815     
   3.3000000000000002E-002 -0.57357967287953504        7.1652115562751151     
   3.4000000000000002E-002 -0.56632958693821911        7.3346022703810991     
   3.5000000000000003E-002 -0.55891119912300957        7.5018069964596634     
   3.6000000000000004E-002 -0.55132672032123431        7.6667760453647205     
   3.6999999999999998E-002 -0.54357841077221003        7.8294604047000451     
   3.7999999999999999E-002 -0.53566857938309842        7.9898117535734565     
   3.9000000000000000E-002 -0.52759958303011467        8.1477824771358467     
   4.0000000000000001E-002 -0.51937382584530711        8.3033256809005795     
   4.1000000000000002E-002 -0.51099375848912854        8.4563952048388291     
   4.2000000000000003E-002 -0.50246187740902648        8.6069456372465272     
   4.3000000000000003E-002 -0.49378072408428220        8.7549323283786418     
   4.3999999999999997E-002 -0.48495288425733374        8.9003114038466045     
   4.4999999999999998E-002 -0.47598098715182152        9.0430397777747515     
   4.5999999999999999E-002 -0.46686770467759980        9.1830751657117577     
   4.7000000000000000E-002 -0.45761575062296084        9.3203760972930869     
   4.8000000000000001E-002 -0.44822787983432272        9.4549019286505853     
   4.9000000000000002E-002 -0.43870688738363561        9.5866128545654163     
   5.0000000000000003E-002 -0.42905560772376489        9.7154699203606238     
   5.1000000000000004E-002 -0.41927691383211363        9.8414350335296898     
   5.2000000000000005E-002 -0.40937371634274983        9.9644709750975320     
   5.2999999999999999E-002 -0.39934896266730791        10.084541410710493     
   5.3999999999999999E-002 -0.38920563610493714        10.201610901451932     
   5.5000000000000000E-002 -0.37894675494157326        10.315644914380147     
   5.6000000000000001E-002 -0.36857537153881198        10.426609832785420     
   5.7000000000000002E-002 -0.35809457141266748        10.534472966163085     
   5.8000000000000003E-002 -0.34750747230250101        10.639202559899600     
   5.9000000000000004E-002 -0.33681722323040791        10.740767804668705     
   5.9999999999999998E-002 -0.32602700355135522        10.839138845534833     
   6.0999999999999999E-002 -0.31514002199436264        10.934286790761034     
   6.2000000000000000E-002 -0.30415951569502497        11.026183720318778     
   6.3000000000000000E-002 -0.29308874921967470        11.114802694097099     
   6.4000000000000001E-002 -0.28193101358148681        11.200117759808599     
   6.5000000000000002E-002 -0.27068962524883000        11.282103960590012     
   6.6000000000000003E-002 -0.25936792514617130        11.360737342295023     
   6.7000000000000004E-002 -0.24796927764784241        11.435994960477217     
   6.8000000000000005E-002 -0.23649706956497896        11.507854887061097     
   6.9000000000000006E-002 -0.22495470912594559        11.576296216699214     
   7.0000000000000007E-002 -0.21334562495056150        11.641299072813545     
   7.1000000000000008E-002 -0.20167326501844338        11.702844613319376     
   7.2000000000000008E-002 -0.18994109563178374        11.760915036030035     
   7.2999999999999995E-002 -0.17815260037288497        11.815493583740919     
   7.3999999999999996E-002 -0.16631127905677001        11.866564548991366     
   7.4999999999999997E-002 -0.15442064667919311        11.914113278503041     
   7.5999999999999998E-002 -0.14248423236037422        11.958126177293567     
   7.6999999999999999E-002 -0.13050557828478279        11.998590712464283     
   7.8000000000000000E-002 -0.11848823863729702        12.035495416661099     
   7.9000000000000001E-002 -0.10643577853606626        12.068829891207489     
   8.0000000000000002E-002  -9.4351772962404559E-002   12.098584808908823     
   8.1000000000000003E-002  -8.2239805688044620E-002   12.124751916527304     
   8.2000000000000003E-002  -7.0103468200081676E-002   12.147324036926893     
   8.3000000000000004E-002  -5.7946358623937745E-002   12.166295070887720     
   8.4000000000000005E-002  -4.5772080644676860E-002   12.181659998589561     
   8.5000000000000006E-002  -3.3584242427002420E-002   12.193414880764074     
   8.6000000000000007E-002  -2.1386455534268024E-002   12.201556859515630     
   8.7000000000000008E-002  -9.1823338468331964E-003   12.206084158810606     
   8.7999999999999995E-002   3.0245075199044000E-003   12.206996084635179     
   8.8999999999999996E-002   1.5230453297468862E-002   12.204293024821736     
   8.9999999999999997E-002   2.7431889145926740E-002   12.197976448544114     
   9.0999999999999998E-002   3.9625202734837536E-002   12.188048905482013     
   9.1999999999999998E-002   5.1806784823203382E-002   12.174514024654993     
   9.2999999999999999E-002   6.3973030338087725E-002   12.157376512926621     
   9.4000000000000000E-002   7.6120339451573510E-002   12.136642153179386     
   9.5000000000000001E-002   8.8245118655731966E-002   12.112317802161130     
   9.6000000000000002E-002  0.10034378183527395        12.084411388003863     
   9.7000000000000003E-002  0.11241275133755670        12.052931907415893     
   9.8000000000000004E-002  0.12444845903961976        12.017889422548324     
   9.9000000000000005E-002  0.13644734741192521        11.979295057537106     
  0.10000000000000001       0.14840587057847807        11.937160994721868     
  0.10100000000000001       0.16032049537300463        11.891500470542905     
  0.10200000000000001       0.17218770239086748        11.842327771117786     
  0.10300000000000001       0.18400398703639742        11.789658227499141     
  0.10400000000000001       0.19576586056532469        11.733508210615284     
  0.10500000000000000       0.20746985112199284        11.673895125895445     
  0.10600000000000000       0.21911250477104094        11.610837407581457     
  0.10700000000000000       0.23069038652324150        11.544354512727868     
  0.10800000000000000       0.24220008135518364        11.474466914892528     
  0.10900000000000000       0.25363819522249298        11.401196097519801     
  0.11000000000000000       0.26500135606628189        11.324564547018658     
  0.11100000000000000       0.27628621481252646        11.244595745537977     
  0.11200000000000000       0.28748944636406820        11.161314163441498     
  0.11300000000000000       0.29860775058494166        11.074745251484973     
  0.11400000000000000       0.30963785327673138        10.984915432698108     
  0.11500000000000000       0.32057650714666441        10.891852093974018     
  0.11600000000000001       0.33142049276714708        10.795583577369026     
  0.11700000000000001       0.34216661952645805        10.696139171115657     
  0.11800000000000001       0.35281172657031218        10.593549100351835     
  0.11900000000000001       0.36335268373401297        10.487844517569346     
  0.12000000000000000       0.37378639246491441        10.379057492784732     
  0.12100000000000000       0.38410978673491630        10.267221003435829     
  0.12200000000000000       0.39431983394272041        10.152368924007307     
  0.12300000000000000       0.40441353580557798        10.034536015388603     
  0.12400000000000000       0.41438792924026302        9.9137579139677339     
  0.12500000000000000       0.42424008723300849        9.7900711204645710     
  0.12600000000000000       0.43396711969814750        9.6635129885072200     
  0.12700000000000000       0.44356617432520351        9.5341217129552263     
  0.12800000000000000       0.45303443741417926        9.4019363179734352     
  0.12900000000000000       0.46236913469879598        9.2669966448603560     
  0.13000000000000000       0.47156753215744035        9.1293433396350032     
  0.13100000000000001       0.48062693681157892        8.9890178403862500     
  0.13200000000000001       0.48954469751140500        8.8460623643887715     
  0.13300000000000001       0.49831820570848651        8.7005198949897586     
  0.13400000000000001       0.50694489621518768        8.5524341682706488     
  0.13500000000000001       0.51542224795064184        8.4018496594881675     
  0.13600000000000001       0.52374778467305672        8.2488115692990522     
  0.13700000000000001       0.53191907569813801        8.0933658097728980     
  0.13800000000000001       0.53993373660342225        7.9355589901976336     
  0.13900000000000001       0.54778942991831281        7.7754384026821626     
  0.14000000000000001       0.55548386579961917        7.6130520075608175     
  0.14100000000000001       0.56301480269240389        7.4484484186042872     
  0.14200000000000002       0.57038004797594544        7.2816768880417593     
  0.14300000000000002       0.57757745859463050        7.1127872913990675     
  0.14400000000000002       0.58460494167359511        6.9418301121576853     
  0.14499999999999999       0.59146045511893697        6.7688564262394655     
  0.14599999999999999       0.59814200820232721        6.5939178863220711     
  0.14699999999999999       0.60464766212985532        6.4170667059900861     
  0.14799999999999999       0.61097553059494503        6.2383556437268570     
  0.14899999999999999       0.61712378031518456        6.0578379867521486     
  0.14999999999999999       0.62309063155291966        5.8755675347107408     
  0.15100000000000000       0.62887435861946261        5.6915985832171465     
  0.15200000000000000       0.63447329036277678        5.5059859072616604     
  0.15300000000000000       0.63988581063849914        5.3187847444829846     
  0.15400000000000000       0.64511035876417222        5.1300507783127332     
  0.15500000000000000       0.65014542995655722        4.9398401209971237     
  0.15600000000000000       0.65498957575191097        4.7482092965012228     
  0.15700000000000000       0.65964140440911012        4.5552152233011327     
  0.15800000000000000       0.66409958129551350        4.3609151970695299     
  0.15900000000000000       0.66836282925545942        4.1653668732600133     
  0.16000000000000000       0.67242992896129905        3.9686282495957248     
  0.16100000000000000       0.67629971924687227        3.7707576484677419     
  0.16200000000000001       0.67997109742333994        3.5718136992487652     
  0.16300000000000001       0.68344301957728915        3.3718553205276356     
  0.16400000000000001       0.68671450085103602        3.1709417022702455     
  0.16500000000000001       0.68978461570505500        2.9691322879124149     
  0.16600000000000001       0.69265249816246943        2.7664867563903321     
  0.16700000000000001       0.69531734203554318        2.5630650041141552     
  0.16800000000000001       0.69777840113412049        2.3589271268904000     
  0.16900000000000001       0.70003498945596465        2.1541334017987372     
  0.17000000000000001       0.70208648135895291        1.9487442690288344     
  0.17100000000000001       0.70393231171509074        1.7428203136828857     
  0.17200000000000001       0.70557197604631405        1.5364222475494766     
  0.17300000000000001       0.70700503064205300        1.3296108908544293     
  0.17400000000000002       0.70823109265853756        1.1224471539942815     
  0.17500000000000002       0.70924984019983051       0.91499201925804696     
  0.17599999999999999       0.71006101238057817       0.70730652254290161     
  0.17699999999999999       0.71066440937047692       0.49945173506944063     
  0.17799999999999999       0.71105989242045642       0.29148874510213862     
  0.17899999999999999       0.71124738387058839        8.3478639680640732E-002
  0.17999999999999999       0.71122686713973493      -0.12451751363249750     
  0.18099999999999999       0.71099838669695459      -0.33243868498201734     
  0.18200000000000000       0.71056204801469192      -0.54022390042251844     
  0.18300000000000000       0.70991801750378036      -0.74781226008779922     
  0.18400000000000000       0.70906652243029511      -0.95514295632141577     
  0.18500000000000000       0.70800785081429674       -1.1621552917629192     
  0.18600000000000000       0.70674235131051333       -1.3687886973842522     
  0.18700000000000000       0.70527043307101356       -1.5749827504708052     
  0.18800000000000000       0.70359256558992800       -1.7806771925416609     
  0.18900000000000000       0.70170927853028386       -1.9858119472035778     
  0.19000000000000000       0.69962116153302034       -2.1903271379332931     
  0.19100000000000000       0.69732886400826011       -2.3941631057827535     
  0.19200000000000000       0.69483309490891632       -2.5972604270019146     
  0.19300000000000000       0.69213462248672042       -2.7995599305737793     
  0.19400000000000001       0.68923427403076065       -3.0010027156563841     
  0.19500000000000001       0.68613293558862765       -3.2015301689264746     
  0.19600000000000001       0.68283155167026743       -3.4010839818196494     
  0.19700000000000001       0.67933112493464853       -3.5996061676617916     
  0.19800000000000001       0.67563271585935369       -3.7970390786866508     
  0.19900000000000001       0.67173744239321365       -3.9933254229344710     
  0.20000000000000001       0.66764647959210333       -4.1884082810266179     
  0.20100000000000001       0.66336105923802802       -4.3822311228111896     
  0.20200000000000001       0.65888246944162998       -4.5747378238746581     
  0.20300000000000001       0.65421205422825301       -4.7658726819146162     
  0.20400000000000001       0.64935121310770538       -4.9555804329687776     
  0.20500000000000002       0.64430140062786756       -5.1438062674954139     
  0.20600000000000002       0.63906412591229633       -5.3304958463004661     
  0.20700000000000002       0.63364095218197980       -5.5155953163066354     
  0.20800000000000002       0.62803349626140459       -5.6990513261597933     
  0.20899999999999999       0.62224342806910005       -5.8808110416681298     
  0.20999999999999999       0.61627247009282848       -6.0608221610694972     
  0.21099999999999999       0.61012239684959579       -6.2390329301224865     
  0.21199999999999999       0.60379503433066162       -6.4153921570168144     
  0.21299999999999999       0.59729225943173048       -6.5898492270986804     
  0.21400000000000000       0.59061599936851239       -6.7623541174068036     
  0.21500000000000000       0.58376823107784370       -6.9328574110149210     
  0.21600000000000000       0.57675098060456387       -7.1013103111765901     
  0.21700000000000000       0.56956632247434813       -7.2676646552682191     
  0.21800000000000000       0.56221637905269983       -7.4318729285262926     
  0.21900000000000000       0.55470331989030952       -7.5938882775748615     
  0.22000000000000000       0.54702936105499367       -7.7536645237394071     
  0.22100000000000000       0.53919676445042763       -7.9111561761432840     
  0.22200000000000000       0.53120783712189268       -8.0663184445830112     
  0.22300000000000000       0.52306493054925929       -8.2191072521787447     
  0.22400000000000000       0.51477043992743454       -8.3694792477963720     
  0.22500000000000001       0.50632680343450276       -8.5173918182376944     
  0.22600000000000001       0.49773650148779314       -8.6628031001953065     
  0.22700000000000001       0.48900205598811208       -8.8056719919687865     
  0.22800000000000001       0.48012602955237954       -8.9459581649389612     
  0.22900000000000001       0.47111102473491373       -9.0836220747970362     
  0.23000000000000001       0.46195968323761033       -9.2186249725254985     
  0.23100000000000001       0.45267468510926645       -9.3509289151277457     
  0.23200000000000001       0.44325874793430148       -9.4804967761035268     
  0.23300000000000001       0.43371462601113109       -9.6072922556673142     
  0.23400000000000001       0.42404510952045249       -9.7312798907068405     
  0.23500000000000001       0.41425302368370193       -9.8524250644791085     
  0.23600000000000002       0.40434122791194893       -9.9706940160412802     
  0.23700000000000002       0.39431261494549297       -10.086053849413915     
  0.23800000000000002       0.38417010998443196       -10.198472542474132     
  0.23900000000000002       0.37391666981047333       -10.307918955576360     
  0.23999999999999999       0.36355528190026171       -10.414362839898422     
  0.24099999999999999       0.35308896353049868       -10.517774845510777     
  0.24199999999999999       0.34252076087513267       -10.618126529166862     
  0.24299999999999999       0.33185374809489854       -10.715390361812535     
  0.24399999999999999       0.32109102641948928       -10.809539735812738     
  0.24500000000000000       0.31023572322264298       -10.900548971893567     
  0.24600000000000000       0.29929099109043078       -10.988393325798041     
  0.24700000000000000       0.28826000688303283       -11.073048994653947     
  0.24800000000000000       0.27714597079029119       -11.154493123052237     
  0.24900000000000000       0.26595210538132935       -11.232703808834547     
  0.25000000000000000       0.25468165464853049       -11.307660108588474     
  0.25100000000000000       0.24333788304616705       -11.379342042849393     
  0.25200000000000000       0.23192407452397554       -11.447730601007621     
  0.25300000000000000       0.22044353155597216       -11.512807745919902     
  0.25400000000000000       0.20889957416480498       -11.574556418224212     
  0.25500000000000000       0.19729553894194016       -11.632960540357022     
  0.25600000000000001       0.18563477806397996       -11.688005020272247     
  0.25700000000000001       0.17392065830541120       -11.739675754861167     
  0.25800000000000001       0.16215656004808363       -11.787959633072752     
  0.25900000000000001       0.15034587628771781       -11.832844538733870     
  0.26000000000000001       0.13849201163774330       -11.874319353068980     
  0.26100000000000001       0.12659838133076720       -11.912373956919009     
  0.26200000000000001       0.11466841021797455       -11.946999232659168     
  0.26300000000000001       0.10270553176676139       -11.978187065815607     
  0.26400000000000001        9.0713187056901790E-002  -12.005930346380858     
  0.26500000000000001        7.8694823775549927E-002  -12.030222969828142     
  0.26600000000000001        6.6653895211378489E-002  -12.051059837824690     
  0.26700000000000002        5.4593859248153978E-002  -12.068436858644320     
  0.26800000000000002        4.2518177358049816E-002  -12.082350947279618     
  0.26900000000000002        3.0430313594997149E-002  -12.092800025254151     
  0.27000000000000002        1.8333733588373272E-002  -12.099783020135247     
  0.27100000000000002        6.2319035373267061E-003  -12.103299864747939     
  0.27200000000000002       -5.8717107939625819E-003  -12.103351496090804     
  0.27300000000000002       -1.7973645079790053E-002  -12.099939853954474     
  0.27400000000000002       -3.0070437434903716E-002  -12.093067879243733     
  0.27500000000000002       -4.2158629414655563E-002  -12.082739512004151     
  0.27600000000000002       -5.4234767013032342E-002  -12.068959689154349     
  0.27700000000000002       -6.6295401658271927E-002  -12.051734341925041     
  0.27800000000000002       -7.8337091205772633E-002  -12.031070393006102     
  0.27900000000000003       -9.0356400928004177E-002  -12.006975753402996     
  0.28000000000000003      -0.10234990450113038       -11.979459319003981     
  0.28100000000000003      -0.11431418498805510       -11.948530966859618     
  0.28200000000000003      -0.12624583581760443       -11.914201551176154     
  0.28300000000000003      -0.13814146175956002       -11.876482899024477     
  0.28400000000000003      -0.14999767989525989       -11.835387805766398     
  0.28500000000000003      -0.16181112058348487       -11.790930030200116     
  0.28600000000000003      -0.17357842842135102       -11.743124289426788     
  0.28700000000000003      -0.18529626319992998       -11.691986253440238     
  0.28800000000000003      -0.19696130085432151       -11.637532539441866     
  0.28899999999999998      -0.20857023440790443       -11.579780705882973     
  0.28999999999999998      -0.22011977491049456       -11.518749246236736     
  0.29099999999999998      -0.23160665237014044       -11.454457582502165     
  0.29199999999999998      -0.24302761667829004       -11.386926058442473     
  0.29299999999999998      -0.25437943852806411       -11.316175932560332     
  0.29399999999999998      -0.26565891032537425       -11.242229370812600     
  0.29499999999999998      -0.27686284709262665       -11.165109439067143     
  0.29599999999999999      -0.28798808736475467       -11.084840095304477     
  0.29699999999999999      -0.29903149407732704       -11.001446181567028     
  0.29799999999999999      -0.30998995544647978       -10.914953415658854     
  0.29899999999999999      -0.32086038584042481       -10.825388382598781     
  0.29999999999999999      -0.33163972664228941       -10.732778525829943     
  0.30099999999999999      -0.34232494710404471       -10.637152138188798     
  0.30199999999999999      -0.35291304519128441       -10.538538352636776     
  0.30299999999999999      -0.36340104841861776       -10.436967132757747     
  0.30399999999999999      -0.37378601467544414       -10.332469263024592     
  0.30499999999999999      -0.38406503304188044       -10.225076338838207     
  0.30599999999999999      -0.39423522459461491       -10.114820756342349     
  0.30700000000000000      -0.40429374320246519       -10.001735702017777     
  0.30800000000000000      -0.41423777631142195       -9.8858551420592242     
  0.30900000000000000      -0.42406454571896185       -9.7672138115387614     
  0.31000000000000000      -0.43377130833741923       -9.6458472033592102     
  0.31100000000000000      -0.44335535694620737       -9.5217915570013059     
  0.31200000000000000      -0.45281402093268547       -9.3950838470683458     
  0.31300000000000000      -0.46214466702147072       -9.2657617716321479     
  0.31400000000000000      -0.47134469999199852       -9.1338637403841680     
  0.31500000000000000      -0.48041156338413799       -8.9994288625957033     
  0.31600000000000000      -0.48934274019167406       -8.8624969348911247     
  0.31700000000000000      -0.49813575354347095       -8.7231084288381666     
  0.31800000000000000      -0.50678816737213606       -8.5813044783593249     
  0.31900000000000001      -0.51529758707000761       -8.4371268669684802     
  0.32000000000000001      -0.52366166013229332       -8.2906180148368751     
  0.32100000000000001      -0.53187807678719146       -8.1418209656926663     
  0.32200000000000001      -0.53994457061283008       -7.9907793735582695     
  0.32300000000000001      -0.54785891914086404       -7.8375374893297787     
  0.32400000000000001      -0.55561894444657467       -7.6821401472027784     
  0.32500000000000001      -0.56322251372532028       -7.5246327509489035     
  0.32600000000000001      -0.57066753985518981       -7.3650612600475309     
  0.32700000000000001      -0.57795198194571840       -7.2034721756770335     
  0.32800000000000001      -0.58507384587252542       -7.0399125265700535     
  0.32900000000000001      -0.59203118479774197       -6.8744298547372855     
  0.33000000000000002      -0.59882209967609790       -6.7070722010642871     
  0.33100000000000002      -0.60544473974654445       -6.5378880907858701     
  0.33200000000000002      -0.61189730300929168       -6.3669265188426527     
  0.33300000000000002      -0.61817803668814608       -6.1942369351243638     
  0.33400000000000002      -0.62428523767803579       -6.0198692296045397     
  0.33500000000000002      -0.63021725297761921       -5.8438737173712569     
  0.33600000000000002      -0.63597248010687368       -5.6663011235585756     
  0.33700000000000002      -0.64154936750956804       -5.4872025681833794     
  0.33800000000000002      -0.64694641494052696       -5.3066295508923318     
  0.33900000000000002      -0.65216217383759900       -5.1246339356236668     
  0.34000000000000002      -0.65719524767824589       -4.9412679351885611     
  0.34100000000000003      -0.66204429232067530       -4.7565840957768417     
  0.34200000000000003      -0.66670801632944310       -4.5706352813917990     
  0.34300000000000003      -0.67118518128545712       -4.3834746582188844     
  0.34400000000000003      -0.67547460208031851       -4.1951556789330784     
  0.34500000000000003      -0.67957514719494205       -4.0057320669497285     
  0.34600000000000003      -0.68348573896240084       -3.8152578006236597     
  0.34700000000000003      -0.68720535381494618       -3.6237870974013600     
  0.34800000000000003      -0.69073302251515856       -3.4313743979310574     
  0.34900000000000003      -0.69406783037118913       -3.2380743501354985     
  0.35000000000000003      -0.69720891743605817       -3.0439417932522375     
  0.35100000000000003      -0.70015547869097849       -2.8490317418462530     
  0.35199999999999998      -0.70290676421268061       -2.6533993697996956     
  0.35299999999999998      -0.70546207932471783       -2.4570999942835727     
  0.35399999999999998      -0.70782078473273602       -2.2601890597161689     
  0.35499999999999998      -0.70998229664369727       -2.0627221217129925     
  0.35599999999999998      -0.71194608686905125       -1.8647548310330293     
  0.35699999999999998      -0.71371168291185283       -1.6663429175260787     
  0.35799999999999998      -0.71527866803782969       -1.4675421740859294     
  0.35899999999999999      -0.71664668133040832       -1.2684084406141245     
  0.35999999999999999      -0.71781541772971036       -1.0689975879990474     
  0.36099999999999999      -0.71878462805553833      -0.86936550211504582     
  0.36199999999999999      -0.71955411901437227      -0.66956806784629463     
  0.36299999999999999      -0.72012375319040434      -0.46966115314007617     
  0.36399999999999999      -0.72049344902064361      -0.26970059309413985     
  0.36499999999999999      -0.72066318075412727       -6.9742174082780273E-002
  0.36599999999999999      -0.72063297839527884       0.13015838207375111     
  0.36699999999999999      -0.72040292763145997       0.32994543389190878     
  0.36799999999999999      -0.71997316974476477       0.52956343595502398     
  0.36899999999999999      -0.71934390150811278       0.72895695458644572     
  0.37000000000000000      -0.71851537506569851       0.92807068346114086     
  0.37100000000000000      -0.71748789779786282        1.1268494591512723     
  0.37200000000000000      -0.71626183217045292        1.3252382766013064     
  0.37300000000000000      -0.71483759556874471        1.5231823045282316     
  0.37400000000000000      -0.71321566011600401        1.7206269007425041     
  0.37500000000000000      -0.71139655247676847        1.9175176273853731     
  0.37600000000000000      -0.70938085364493564        2.1138002660782713     
  0.37700000000000000      -0.70716919871674755        2.3094208329799950     
  0.37800000000000000      -0.70476227664876578        2.5043255937474393     
  0.37900000000000000      -0.70216083000093588        2.6984610783956882     
  0.38000000000000000      -0.69936565466484379        2.8917740960533047     
  0.38100000000000001      -0.69637759957727130        3.0842117496087083     
  0.38200000000000001      -0.69319756641916064        3.2757214502435668     
  0.38300000000000001      -0.68982650930010470        3.4662509318491779     
  0.38400000000000001      -0.68626543442848043        3.6557482653218578     
  0.38500000000000001      -0.68251539976734921        3.8441618727334066     
  0.38600000000000001      -0.67857751467625071        4.0314405413727572     
  0.38700000000000001      -0.67445293953902152        4.2175334376549802     
  0.38800000000000001      -0.67014288537777222        4.4023901208938465     
  0.38900000000000001      -0.66564861345316173        4.5859605569342170     
  0.39000000000000001      -0.66097143485111121        4.7681951316405753     
  0.39100000000000001      -0.65611271005610261        4.9490446642380661     
  0.39200000000000002      -0.65107384851121142        5.1284604205024635     
  0.39300000000000002      -0.64585630816502670        5.3063941257955518     
  0.39400000000000002      -0.64046159500561417        5.4827979779424370     
  0.39500000000000002      -0.63489126258168260        5.6576246599473938     
  0.39600000000000002      -0.62914691151111646        5.8308273525448833     
  0.39700000000000002      -0.62323018897704141        6.0023597465824503     
  0.39800000000000002      -0.61714278821159230        6.1721760552322644     
  0.39900000000000002      -0.61088644796755631        6.3402310260281283     
  0.40000000000000002      -0.60446295197806832        6.5064799527248365     
  0.40100000000000002      -0.59787412840453624        6.6708786869768373     
  0.40200000000000002      -0.59112184927297995        6.8333836498331957     
  0.40300000000000002      -0.58420802989896781        6.9939518430459415     
  0.40400000000000003      -0.57713462830133977        7.1525408601889300     
  0.40500000000000003      -0.56990364460490717        7.3091088975844176     
  0.40600000000000003      -0.56251712043232360        7.4636147650346230     
  0.40700000000000003      -0.55497713828532247        7.6160178963555953     
  0.40800000000000003      -0.54728582091552069        7.7662783597107996     
  0.40900000000000003      -0.53944533068499023        7.9143568677418701     
  0.41000000000000003      -0.53145786891680125        8.0602147874940790     
  0.41100000000000003      -0.52332567523574325        8.2038141501341109     
  0.41200000000000003      -0.51505102689943338        8.3451176604578130     
  0.41300000000000003      -0.50663623812002301        8.4840887061856698     
  0.41400000000000003      -0.49808365937671556        8.6206913670437970     
  0.41500000000000004      -0.48939567671931206        8.7548904236283391     
  0.41600000000000004      -0.48057471106300087        8.8866513660512272     
  0.41699999999999998      -0.47162321747461206        9.0159404023653060     
  0.41799999999999998      -0.46254368445055777        9.1427244667669250     
  0.41899999999999998      -0.45333863318668194        9.2669712275741638     
  0.41999999999999998      -0.44401061684024473        9.3886490949789128     
  0.42099999999999999      -0.43456221978426862        9.5077272285711363     
  0.42199999999999999      -0.42499605685447495        9.6241755446336832     
  0.42299999999999999      -0.41531477258904081        9.7379647232061064     
  0.42399999999999999      -0.40552104046140847        9.8490662149160126     
  0.42499999999999999      -0.39561756210637999        9.9574522475765512     
  0.42599999999999999      -0.38560706653973209        10.063095832548710     
  0.42699999999999999      -0.37549230937158645        10.165970770867164     
  0.42799999999999999      -0.36527607201377343        10.266051659128502     
  0.42899999999999999      -0.35496116088142632        10.363313895140736     
  0.42999999999999999      -0.34455040658904607        10.457733683333043     
  0.43099999999999999      -0.33404666314127657        10.549288039924800     
  0.43200000000000000      -0.32345280711863161        10.637954797853032     
  0.43300000000000000      -0.31277173685841536        10.723712611457451     
  0.43400000000000000      -0.30200637163107957        10.806540960922373     
  0.43500000000000000      -0.29115965081226042        10.886420156474834     
  0.43600000000000000      -0.28023453305073948        10.963331342338346     
  0.43700000000000000      -0.26923399543257343        11.037256500441758     
  0.43800000000000000      -0.25816103264163742        11.108178453882807     
  0.43900000000000000      -0.24701865611682750        11.176080870145984     
  0.44000000000000000      -0.23580989320616852        11.240948264074438     
  0.44100000000000000      -0.22453778631807284        11.302766000595700     
  0.44200000000000000      -0.21320539206999667        11.361520297201078     
  0.44300000000000000      -0.20181578043474005        11.417198226178686     
  0.44400000000000001      -0.19037203388463705        11.469787716600067     
  0.44500000000000001      -0.17887724653388254        11.519277556060540     
  0.44600000000000001      -0.16733452327924148        11.565657392173387     
  0.44700000000000001      -0.15574697893938730        11.608917733818119     
  0.44800000000000001      -0.14411773739311456        11.649049952143123     
  0.44900000000000001      -0.13244993071667177        11.686046281323044     
  0.45000000000000001      -0.12074669832045914        11.719899819071355     
  0.45100000000000001      -0.10901118608533610        11.750604526908621     
  0.45200000000000001       -9.7246545498782255E-002   11.778155230187044     
  0.45300000000000001       -8.5455932791155570E-002   11.802547617871928     
  0.45400000000000001       -7.3642508072290169E-002   11.823778242080797     
  0.45500000000000002       -6.1809434468675865E-002   11.841844517380959     
  0.45600000000000002       -4.9959877261460582E-002   11.856744719846372     
  0.45700000000000002       -3.8097003025515830E-002   11.868477985874732     
  0.45800000000000002       -2.6223978769804542E-002   11.877044310765795     
  0.45900000000000002       -1.4343971079289509E-002   11.882444547061992     
  0.46000000000000002       -2.4601452586195862E-003   11.884680402652451     
  0.46100000000000002        9.4243355221703649E-003   11.883754438641654     
  0.46200000000000002        2.1306311079711031E-002   11.879670066983961     
  0.46300000000000002        3.3182625066868254E-002   11.872431547885345     
  0.46400000000000002        4.5050125819598538E-002   11.862043986973731     
  0.46500000000000002        5.6905667200859877E-002   11.848513332239381     
  0.46600000000000003        6.8746109441348582E-002   11.831846370746854     
  0.46700000000000003        8.0568319976834585E-002   11.812050725120123     
  0.46800000000000003        9.2369174281869082E-002   11.789134849802489     
  0.46900000000000003       0.10414555669964030        11.763108027092986     
  0.47000000000000003       0.11589436126775458        11.733980362961068     
  0.47100000000000003       0.12761249253972212        11.701762782641360     
  0.47200000000000003       0.13929686640192832        11.666467026010400     
  0.47300000000000003       0.15094441088587357        11.628105642747281     
  0.47400000000000003       0.16255206697546673        11.586691987280199     
  0.47500000000000003       0.17411678940915870        11.542240213520969     
  0.47600000000000003       0.18563554747670555        11.494765269389610     
  0.47700000000000004       0.19710532581035217        11.444282891131158     
  0.47800000000000004       0.20852312517022986        11.390809597426941     
  0.47900000000000004       0.21988596322376314        11.334362683302581     
  0.47999999999999998       0.23119087531888424        11.274960213835032     
  0.48099999999999998       0.24243491525085498        11.212621017661048     
  0.48199999999999998       0.25361515602249879        11.147364680289501     
  0.48299999999999998       0.26472869059764825        11.079211537220013     
  0.48399999999999999       0.27577263264761526        11.008182666870443     
  0.48499999999999999       0.28674411729049443        10.934299883315779     
  0.48599999999999999       0.29764030182311191        10.857585728841071     
  0.48699999999999999       0.30845836644543562        10.778063466311059     
  0.48799999999999999       0.31919551497726434        10.695757071359198     
  0.48899999999999999       0.32984897556701681        10.610691224398854     
  0.48999999999999999       0.34041600139244427        10.522891302459428     
  0.49099999999999999       0.35089387135309286        10.432383370850285     
  0.49199999999999999       0.36127989075434491        10.339194174655340     
  0.49299999999999999       0.37157139198287165        10.243351130061217     
  0.49399999999999999       0.38176573517333173        10.144882315521953     
  0.49500000000000000       0.39186030886615436        10.043816462763221     
  0.49600000000000000       0.40185253065624754        9.9401829476291290     
  0.49700000000000000       0.41173984783247564        9.8340117807746132     
  0.49800000000000000       0.42151973800775355        9.7253335982065856     
  0.49900000000000000       0.43118970973960774        9.6141796516769205     
  0.50000000000000000       0.44074730314105737        9.5005817989304688     
  0.50100000000000000       0.45019009048167252        9.3845724938112998     
  0.50200000000000000       0.45951567677866900        9.2661847762303822     
  0.50300000000000000       0.46872170037790289        9.1454522619979777     
  0.50400000000000000       0.47780583352463141        9.0224091325240252     
  0.50500000000000000       0.48676578292390932        8.8970901243898286     
  0.50600000000000001       0.49559929029049438        8.7695305187943866     
  0.50700000000000001       0.50430413288813758        8.6397661308787228     
  0.50800000000000001       0.51287812405813826        8.5078332989316188     
  0.50900000000000001       0.52131911373704720        8.3737688734801399     
  0.51000000000000001       0.52962498896340382        8.2376102062683980     
  0.51100000000000001       0.53779367437339809        8.0993951391279975     
  0.51200000000000001       0.54582313268534988        7.9591619927436366     
  0.51300000000000001       0.55371136517290309        7.8169495553173602     
  0.51400000000000001       0.56145641212683484        7.6727970711349549     
  0.51500000000000001       0.56905635330538340        7.5267442290380258     
  0.51600000000000001       0.57650930837300307        7.3788311508052793     
  0.51700000000000002       0.58381343732745594        7.2290983794465751     
  0.51800000000000002       0.59096694091515578        7.0775868674132978     
  0.51900000000000002       0.59796806103468170        6.9243379647286369     
  0.52000000000000002       0.60481508112838422        6.7693934070413508     
  0.52100000000000002       0.61150632656200765        6.6127953036066165     
  0.52200000000000002       0.61804016499225878        6.4545861251975651     
  0.52300000000000002       0.62441500672225370        6.2948086919511184     
  0.52400000000000002       0.63062930504477965        6.1335061611517352     
  0.52500000000000002       0.63668155657331049        5.9707220149566984     
  0.52600000000000002       0.64257030156072004        5.8065000480665629     
  0.52700000000000002       0.64829412420563992        5.6408843553443928     
  0.52800000000000002       0.65385165294641279        5.4739193193874192     
  0.52900000000000003       0.65924156074259432        5.3056495980547540     
  0.53000000000000003       0.66446256534396353        5.1361201119547779     
  0.53100000000000003       0.66951342954700066        4.9653760318958433     
  0.53200000000000003       0.67439296143880001        4.7934627663039127     
  0.53300000000000003       0.67910001462838443        4.6204259486107535     
  0.53400000000000003       0.68363348846539573        4.4463114246163125     
  0.53500000000000003       0.68799232824613521        4.2711652398288731     
  0.53600000000000003       0.69217552540693561        4.0950336267866092     
  0.53700000000000003       0.69618211770484617        3.9179629923641262     
  0.53800000000000003       0.70001118938561846        3.7399999050675818     
  0.53900000000000003       0.70366187133898317        3.5611910823219617     
  0.54000000000000004       0.70713334124121163        3.3815833777540760     
  0.54100000000000004       0.71042482368495996        3.2012237684748381     
  0.54200000000000004       0.71353559029639624        3.0201593423643600     
  0.54300000000000004       0.71646495983961600        2.8384372853633972     
  0.54400000000000004       0.71921229830835365        2.6561048687746576     
  0.54500000000000004       0.72177701900500146        2.4732094365774655     
  0.54600000000000004       0.72415858260695187        2.2897983927592689     
  0.54700000000000004       0.72635649722028051        2.1059191886674453     
  0.54800000000000004       0.72837031842079314        1.9216193103848569     
  0.54900000000000004       0.73019964928246128        1.7369462661325725     
  0.55000000000000004       0.73184414039327539        1.5519475737031638     
  0.55100000000000005       0.73330348985854843        1.3666707479279567     
  0.55200000000000005       0.73457744329170482        1.1811632881815957     
  0.55300000000000005       0.73566579379259389       0.99547266592725836     
  0.55400000000000005       0.73656838191337071       0.80964631230583162     
  0.55500000000000005       0.73728509561198907       0.62373160577233500     
  0.55600000000000005       0.73781587019335582       0.43777585978285227     
  0.55700000000000005       0.73816068823819903       0.25182631053520455     
  0.55800000000000005       0.73831957951970517        6.5930104766570380E-002
  0.55900000000000005       0.73829262090798309      -0.11986571238876906     
  0.56000000000000005       0.73807993626241775      -0.30551420947841307     
  0.56100000000000005       0.73768169631197744      -0.49096858074443384     
  0.56200000000000006       0.73709811852354346      -0.67618215806649229     
  0.56300000000000006       0.73632946695833212      -0.86110842283242139     
  0.56400000000000006       0.73537605211648405       -1.0457010177332553     
  0.56500000000000006       0.73423823076989736       -1.2299137584797140     
  0.56600000000000006       0.73291640578338479       -1.4137006454371883     
  0.56700000000000006       0.73141102592423812       -1.5970158751763053     
  0.56800000000000006       0.72972258566028514       -1.7798138519361868     
  0.56900000000000006       0.72785162494652811       -1.9620491989975541     
  0.57000000000000006       0.72579872900045594       -2.1436767699628643     
  0.57100000000000006       0.72356452806612326       -2.3246516599407037     
  0.57200000000000006       0.72114969716709432       -2.5049292166317030     
  0.57300000000000006       0.71855495584835161       -2.6844650513132726     
  0.57400000000000007       0.71578106790727103       -2.8632150497205018     
  0.57500000000000007       0.71282884111376921       -3.0411353828206011     
  0.57600000000000007       0.70969912691973136       -3.2181825174783110     
  0.57699999999999996       0.70639282015782812       -3.3943132270097380     
  0.57799999999999996       0.70291085872983661       -3.5694846016221220     
  0.57899999999999996       0.69925422328457887       -3.7436540587370843     
  0.57999999999999996       0.69542393688559678       -3.9167793531949417     
  0.58099999999999996       0.69142106466868303       -4.0888185873377205     
  0.58199999999999996       0.68724671348939070       -4.2597302209685504     
  0.58299999999999996       0.68290203156064588       -4.4294730811851508     
  0.58399999999999996       0.67838820808059153       -4.5980063720851829     
  0.58499999999999996       0.67370647285078977       -4.7652896843412726     
  0.58599999999999997       0.66885809588491651       -4.9312830046435643     
  0.58699999999999997       0.66384438700807935       -5.0959467250077006     
  0.58799999999999997       0.65866669544689682       -5.2592416519461898     
  0.58899999999999997       0.65332640941047460       -5.4211290155011369     
  0.58999999999999997       0.64782495566241916       -5.5815704781364008     
  0.59099999999999997       0.64216379908403098       -5.7405281434872535     
  0.59199999999999997       0.63634444222881947       -5.8979645649656884     
  0.59299999999999997       0.63036842486848566       -6.0538427542195539     
  0.59399999999999997       0.62423732353051975       -6.2081261894437594     
  0.59499999999999997       0.61795275102756231       -6.3607788235418257     
  0.59599999999999997       0.61151635597867859       -6.5117650921361223     
  0.59699999999999998       0.60492982232269998       -6.6610499214251657     
  0.59799999999999998       0.59819486882378459       -6.8085987358864140     
  0.59899999999999998       0.59131324856935330       -6.9543774658230406     
  0.59999999999999998       0.58428674846055728       -7.0983525547532169     
  0.60099999999999998       0.57711718869543593       -7.2404909666404844     
  0.60199999999999998       0.56980642224492428       -7.3807601929638507     
  0.60299999999999998       0.56235633432187093       -7.5191282596262941     
  0.60399999999999998       0.55476884184322894       -7.6555637337004043     
  0.60499999999999998       0.54704589288558292       -7.7900357300099499     
  0.60599999999999998       0.53918946613417706       -7.9225139175462065     
  0.60699999999999998       0.53120157032561000       -8.0529685257179295     
  0.60799999999999998       0.52308424368436324       -8.1813703504339106     
  0.60899999999999999       0.51483955335333120       -8.3076907600171150     
  0.60999999999999999       0.50646959481852150       -8.4319017009494193     
  0.61099999999999999       0.49797649132809607       -8.5539757034460724     
  0.61199999999999999       0.48936239330592279       -8.6738858868589919     
  0.61299999999999999       0.48062947775980991       -8.7916059649081078     
  0.61399999999999999       0.47177994768459552       -8.9071102507399988     
  0.61499999999999999       0.46281603146026495       -9.0203736618131174     
  0.61599999999999999       0.45373998224526974       -9.1313717246089414     
  0.61699999999999999       0.44455407736522307       -9.2400805791684721     
  0.61799999999999999       0.43526061769714591       -9.3464769834535097     
  0.61899999999999999       0.42586192704943993       -9.4505383175322262     
  0.62000000000000000       0.41636035153776269       -9.5522425875885748     
  0.62100000000000000       0.40675825895698181       -9.6515684297551481     
  0.62200000000000000       0.39705803814938467       -9.7484951137691382     
  0.62300000000000000       0.38726209836932057       -9.8430025464510997     
  0.62400000000000000       0.37737286864445291       -9.9350712750062851     
  0.62500000000000000       0.36739279713379880       -10.024682490148336     
  0.62600000000000000       0.35732435048273387       -10.111818029045217     
  0.62700000000000000       0.34717001317514012       -10.196460378087268     
  0.62800000000000000       0.33693228688287452       -10.278592675477350     
  0.62900000000000000       0.32661368981273636       -10.358198713643093     
  0.63000000000000000       0.31621675605111155       -10.435262941471278     
  0.63100000000000001       0.30574403490647101       -10.509770466364484     
  0.63200000000000001       0.29519809024990162       -10.581707056120145     
  0.63300000000000001       0.28458149985384656       -10.651059140632194     
  0.63400000000000001       0.27389685472923259       -10.717813813415589     
  0.63500000000000001       0.26314675846116120       -10.781958832953970     
  0.63600000000000001       0.25233382654334063       -10.843482623870834     
  0.63700000000000001       0.24146068571143456       -10.902374277924586     
  0.63800000000000001       0.23052997327550351       -10.958623554827925     
  0.63900000000000001       0.21954433645171478       -11.012220882892041     
  0.64000000000000001       0.20850643169349528       -11.063157359496168     
  0.64100000000000001       0.19741892402230199       -11.111424751383046     
  0.64200000000000002       0.18628448635818370       -11.157015494780937     
  0.64300000000000002       0.17510579885030725       -11.199922695352859     
  0.64400000000000002       0.16388554820762039       -11.240140127973728     
  0.64500000000000002       0.15262642702982346       -11.277662236336203     
  0.64600000000000002       0.14133113313882040       -11.312484132386006     
  0.64700000000000002       0.13000236891081932       -11.344601595587555     
  0.64800000000000002       0.11864284060925193       -11.374011072020830     
  0.64900000000000002       0.10725525771868009       -11.400709673310359     
  0.65000000000000002        9.5842332279856862E-002  -11.424695175387333     
  0.65100000000000002        8.4406778226108453E-002  -11.445966017085821     
  0.65200000000000002        7.2951310721202436E-002  -11.464521298574185     
  0.65300000000000002        6.1478645498866502E-002  -11.480360779622748     
  0.65400000000000003        4.9991498204120910E-002  -11.493484877708861     
  0.65500000000000003        3.8492583736586636E-002  -11.503894665960551     
  0.65600000000000003        2.6984615595930107E-002  -11.511591870939956     
  0.65700000000000003        1.5470305229604036E-002  -11.516578870267779     
  0.65800000000000003        3.9523613830427483E-003  -11.518858690090083     
  0.65900000000000003       -7.5665105475310277E-003  -11.518435002388715     
  0.66000000000000003       -1.9083609159532201E-002  -11.515312122136747     
  0.66100000000000003       -3.0596237685517905E-002  -11.509495004300314     
  0.66200000000000003       -4.2101704631617741E-002  -11.500989240688295     
  0.66300000000000003       -5.3597324412738255E-002  -11.489801056651288     
  0.66400000000000003       -6.5080417984391681E-002  -11.475937307631405     
  0.66500000000000004       -7.6548313471000537E-002  -11.459405475564388     
  0.66600000000000004       -8.7998346790531201E-002  -11.440213665135657     
  0.66700000000000004       -9.9427862275311155E-002  -11.418370599891844     
  0.66800000000000004      -0.11083421328888625       -11.393885618209493     
  0.66900000000000004      -0.12221476283877590       -11.366768669122553     
  0.67000000000000004      -0.13356688418498597       -11.337030308010375     
  0.67100000000000004      -0.14488796144414054       -11.304681692147938     
  0.67200000000000004      -0.15617539018909596       -11.269734576120054     
  0.67300000000000004      -0.16742657804390162       -11.232201307101342     
  0.67400000000000004      -0.17863894527397456       -11.192094820003758     
  0.67500000000000004      -0.18980992537135599       -11.149428632493564     
  0.67600000000000005      -0.20093696563492044       -11.104216839879546     
  0.67700000000000005      -0.21201752774540955       -11.056474109874420     
  0.67800000000000005      -0.22304908833516454       -11.006215677231308     
  0.67900000000000005      -0.23402913955243376       -10.953457338257245     
  0.68000000000000005      -0.24495518962013280       -10.898215445205672     
  0.68100000000000005      -0.25582476338893773       -10.840506900549910     
  0.68200000000000005      -0.26663540288459292       -10.780349151139619     
  0.68300000000000005      -0.27738466784931792       -10.717760182242280     
  0.68400000000000005      -0.28807013627719896       -10.652758511471747     
  0.68500000000000005      -0.29868940494345353       -10.585363182605958     
  0.68600000000000005      -0.30924008992745827       -10.515593759295886     
  0.68700000000000006      -0.31971982712943214       -10.443470318667844     
  0.68800000000000006      -0.33012627278066947       -10.369013444821290     
  0.68900000000000006      -0.34045710394721979       -10.292244222224269     
  0.69000000000000006      -0.35071001902691240       -10.213184229008665     
  0.69100000000000006      -0.36088273823962735       -10.131855530167437     
  0.69200000000000006      -0.37097300411071543       -10.048280670656062     
  0.69300000000000006      -0.38097858194747281       -9.9624826684003782     
  0.69400000000000006      -0.39089726030857735       -9.8744850072130550     
  0.69500000000000006      -0.40072685146639714       -9.7843116296209551     
  0.69600000000000006      -0.41046519186208225       -9.6919869296056262     
  0.69700000000000006      -0.42011014255335494       -9.5975357452591865     
  0.69800000000000006      -0.42965958965491424       -9.5009833513578990     
  0.69900000000000007      -0.43911144477137387       -9.4023554518557155     
  0.70000000000000007      -0.44846364542265482       -9.3016781723000879     
  0.70100000000000007      -0.45771415546175570       -9.1989780521723645     
  0.70200000000000007      -0.46686096548482692       -9.0942820371550805     
  0.70300000000000007      -0.47590209323347638       -8.9876174713284804     
  0.70399999999999996      -0.48483558398923754       -8.8790120892985911     
  0.70499999999999996      -0.49365951096013216       -8.7684940082592018     
  0.70599999999999996      -0.50237197565926306       -8.6560917199900906     
  0.70699999999999996      -0.51097110827537406       -8.5418340827938390     
  0.70799999999999996      -0.51945506803531738       -8.4257503133736140     
  0.70899999999999996      -0.52782204355836981       -8.3078699786542547     
  0.70999999999999996      -0.53607025320234314       -8.1882229875490395     
  0.71099999999999997      -0.54419794540143496       -8.0668395826744987     
  0.71199999999999997      -0.55220339899576887       -7.9437503320156395     
  0.71299999999999997      -0.56008492355257711       -7.8189861205439479     
  0.71399999999999997      -0.56784085967897779       -7.6925781417905448     
  0.71499999999999997      -0.57546957932630405       -7.5645578893768635     
  0.71599999999999997      -0.58296948608594357       -7.4349571485052124     
  0.71699999999999997      -0.59033901547665002       -7.3038079874115978     
  0.71799999999999997      -0.59757663522328908       -7.1711427487831676     
  0.71899999999999997      -0.60468084552698520       -7.0369940411426422     
  0.71999999999999997      -0.61165017932663734       -6.9013947302020853     
  0.72099999999999997      -0.61848320255177447       -6.7643779301883784     
  0.72199999999999998      -0.62517851436672267       -6.6259769951427447     
  0.72299999999999998      -0.63173474740606073       -6.4862255101966682     
  0.72399999999999998      -0.63815056800133985       -6.3451572828265492     
  0.72499999999999998      -0.64442467639904910       -6.2028063340894306     
  0.72599999999999998      -0.65055580696980786       -6.0592068898421152     
  0.72699999999999998      -0.65654272840877004       -5.9143933719460025     
  0.72799999999999998      -0.66238424392722695       -5.7684003894599432     
  0.72899999999999998      -0.66807919143539796       -5.6212627298234263     
  0.72999999999999998      -0.67362644371640079       -5.4730153500323757     
  0.73099999999999998      -0.67902490859139442       -5.3236933678098524     
  0.73199999999999998      -0.68427352907589156       -5.1733320527739233     
  0.73299999999999998      -0.68937128352723798       -5.0219668176049623     
  0.73399999999999999      -0.69431718578326052       -4.8696332092146299     
  0.73499999999999999      -0.69911028529208508       -4.7163668999187687     
  0.73599999999999999      -0.70374966723313115       -4.5622036786164335     
  0.73699999999999999      -0.70823445262928875       -4.4071794419772763     
  0.73799999999999999      -0.71256379845028828       -4.2513301856394694     
  0.73899999999999999      -0.71673689770727411       -4.0946919954203578     
  0.73999999999999999      -0.72075297953859663       -3.9373010385420035     
  0.74099999999999999      -0.72461130928683759       -3.7791935548737730     
  0.74199999999999999      -0.72831118856708799       -3.6204058481941046     
  0.74299999999999999      -0.73185195532649772       -3.4609742774735723     
  0.74399999999999999      -0.73523298389512015       -3.3009352481813523     
  0.74500000000000000      -0.73845368502807585       -3.1403252036171705     
  0.74600000000000000      -0.74151350593906129       -2.9791806162708032     
  0.74700000000000000      -0.74441193032523234       -2.8175379792111768     
  0.74800000000000000      -0.74714847838349241       -2.6554337975070950     
  0.74900000000000000      -0.74972270681821729       -2.4929045796816065     
  0.75000000000000000      -0.75213420884045312       -2.3299868292020012     
  0.75100000000000000      -0.75438261415862196       -2.1667170360074066     
  0.75200000000000000      -0.75646758896077537       -2.0031316680759357     
  0.75300000000000000      -0.75838883588843531       -1.8392671630333106     
  0.75400000000000000      -0.76014609400206523       -1.6751599198048766     
  0.75500000000000000      -0.76173913873821564       -1.5108462903128856     
  0.75600000000000001      -0.76316778185839074       -1.3463625712209175     
  0.75700000000000001      -0.76443187138968316       -1.1817449957272788     
  0.75800000000000001      -0.76553129155722799       -1.0170297254091967     
  0.75900000000000001      -0.76646596270852685      -0.85225284211960528     
  0.76000000000000001      -0.76723584122969579      -0.68745033993829330     
  0.76100000000000001      -0.76784091945369226      -0.52265811717916255     
  0.76200000000000001      -0.76828122556057810      -0.35791196845532036     
  0.76300000000000001      -0.76855682346987753      -0.19324757680370383     
  0.76400000000000001      -0.76866781272508977       -2.8700505870910942E-002
  0.76500000000000001      -0.76861432837041888       0.13569380783811369     
  0.76600000000000001      -0.76839654081978503       0.29990006264691493     
  0.76700000000000002      -0.76801465571818073       0.46388309932828803     
  0.76800000000000002      -0.76746891379544102       0.62760790865739224     
  0.76900000000000002      -0.76675959071249444       0.79103963889567341     
  0.77000000000000002      -0.76588699690016537       0.95414360320407654     
  0.77100000000000002      -0.76485147739059955        1.1168852869840566     
  0.77200000000000002      -0.76365341164138456        1.2792303551449244     
  0.77300000000000002      -0.76229321335244105        1.4411446592960886     
  0.77400000000000002      -0.76077133027575949        1.6025942448627868     
  0.77500000000000002      -0.75908824401806052        1.7635453581239224     
  0.77600000000000002      -0.75724446983645599        1.9239644531706532     
  0.77700000000000002      -0.75524055642719268        2.0838181987844084     
  0.77800000000000002      -0.75307708570755827        2.2430734852330345     
  0.77900000000000003      -0.75075467259103257        2.4016974309838024     
  0.78000000000000003      -0.74827396475576813        2.5596573893320360     
  0.78100000000000003      -0.74563564240648461        2.7169209549441526     
  0.78200000000000003      -0.74284041802986356        2.8734559703139286     
  0.78300000000000003      -0.73988903614353085        3.0292305321308435     
  0.78400000000000003      -0.73678227303871513        3.1842129975593756     
  0.78500000000000003      -0.73352093651667194        3.3383719904281537     
  0.78600000000000003      -0.73010586561896407        3.4916764073279043     
  0.78700000000000003      -0.72653793035169023        3.6440954236171557     
  0.78800000000000003      -0.72281803140375445        3.7955984993346963     
  0.78900000000000003      -0.71894709985927008        3.9461553850178088     
  0.79000000000000004      -0.71492609690419284        4.0957361274253401     
  0.79100000000000004      -0.71075601352727924        4.2443110751646840     
  0.79200000000000004      -0.70643787021546578        4.3918508842217987     
  0.79300000000000004      -0.70197271664376770        4.5383265233933949     
  0.79400000000000004      -0.69736163135979412        4.6837092796204818     
  0.79500000000000004      -0.69260572146297972        4.8279707632224618     
  0.79600000000000004      -0.68770612227863215        4.9710829130310197     
  0.79700000000000004      -0.68266399702689606        5.1130180014230628     
  0.79800000000000004      -0.67748053648673490        5.2537486392520183     
  0.79900000000000004      -0.67215695865503244        5.3932477806768020     
  0.80000000000000004      -0.66669450840091704        5.5314887278878224     
  0.80100000000000005      -0.66109445711541126        5.6684451357294003     
  0.80200000000000005      -0.65535810235651137        5.8040910162180266     
  0.80300000000000005      -0.64948676748980083        5.9384007429558965     
  0.80400000000000005      -0.64348180132470267        6.0713490554392058     
  0.80500000000000005      -0.63734457774647646        6.2029110632607054     
  0.80600000000000005      -0.63107649534406618        6.3330622502060585     
  0.80700000000000005      -0.62467897703390407        6.4617784782435645     
  0.80800000000000005      -0.61815346967977935        6.5890359914068419     
  0.80900000000000005      -0.61150144370887705        6.7148114195701023     
  0.81000000000000005      -0.60472439272409595        6.8390817821156631     
  0.81100000000000005      -0.59782383311275256        6.9618244914933927     
  0.81200000000000006      -0.59080130365178019        7.0830173566717960     
  0.81300000000000006      -0.58365836510953117        7.2026385864804867     
  0.81400000000000006      -0.57639659984429059        7.3206667928438192     
  0.81500000000000006      -0.56901761139961138        7.4370809939054787     
  0.81600000000000006      -0.56152302409657928        7.5518606170438689     
  0.81700000000000006      -0.55391448262311671        7.6649855017781494     
  0.81800000000000006      -0.54619365162043576        7.7764359025648107     
  0.81900000000000006      -0.53836221526674910        7.8861924914847119     
  0.82000000000000006      -0.53042187685834885        7.9942363608205183     
  0.82100000000000006      -0.52237435838816260        8.1005490255245167     
  0.82200000000000006      -0.51422140012189643        8.2051124255768073     
  0.82300000000000006      -0.50596476017187464        8.3079089282339051     
  0.82400000000000007      -0.49760621406868555        8.4089213301678036     
  0.82500000000000007      -0.48914755433074314        8.5081328594955874     
  0.82600000000000007      -0.48059059003187338        8.6055271776997095     
  0.82700000000000007      -0.47193714636703521        8.7010883814390585     
  0.82800000000000007      -0.46318906421628492        8.7948010042510010     
  0.82900000000000007      -0.45434819970709273        8.8866500181445716     
  0.83000000000000007      -0.44541642377512075        8.9766208350850416     
  0.83100000000000007      -0.43639562172357027        9.0646993083701126     
  0.83200000000000007      -0.42728769278120721        9.1508717338979881     
  0.83299999999999996      -0.41809454965917331        9.2351248513276438     
  0.83399999999999996      -0.40881811810669072        9.3174458451315925     
  0.83499999999999996      -0.39946033646576762        9.3978223455415186     
  0.83599999999999997      -0.39002315522501124        9.4762424293871259     
  0.83699999999999997      -0.38050853657265571        9.5526946208286141     
  0.83799999999999997      -0.37091845394891015        9.6271678919831931     
  0.83899999999999997      -0.36125489159773294        9.6996516634460921     
  0.83999999999999997      -0.35151984411813786        9.7701358047065163     
  0.84099999999999997      -0.34171531601513622        9.8386106344590605     
  0.84199999999999997      -0.33184332125041988        9.9050669208110733     
  0.84299999999999997      -0.32190588279288851        9.9694958813865391     
  0.84399999999999997      -0.31190503216912463        10.031889183327007     
  0.84499999999999997      -0.30184280901391880        10.092238943190173     
  0.84599999999999997      -0.29172126062094722        10.150537726746716     
  0.84699999999999998      -0.28154244149370294        10.206778548676002     
  0.84799999999999998      -0.27130841289678193        10.260954872161324     
  0.84899999999999998      -0.26102124240762353        10.313060608385333     
  0.84999999999999998      -0.25068300346880540        10.363090115926356     
  0.85099999999999998      -0.24029577494099094        10.411038200056314     
  0.85199999999999998      -0.22986164065662823        10.456900111940964     
  0.85299999999999998      -0.21938268897449681        10.500671547743226     
  0.85399999999999998      -0.20886101233519941        10.542348647630352     
  0.85499999999999998      -0.19829870681769426        10.581927994685742     
  0.85599999999999998      -0.18769787169696286        10.619406613726204     
  0.85699999999999998      -0.17706060900290746        10.654781970025487     
  0.85799999999999998      -0.16638902308057138        10.688051967944940     
  0.85899999999999999      -0.15568522015177499        10.719214949472143     
  0.85999999999999999      -0.14495130787825836        10.748269692668408     
  0.86099999999999999      -0.13418939492642182        10.775215410026043     
  0.86199999999999999      -0.12340159053375392        10.800051746736278     
  0.86299999999999999      -0.11259000407703568        10.822778778868811     
  0.86399999999999999      -0.10175674464240911        10.843397011463889     
  0.86499999999999999       -9.0903920597396978E-002   10.861907376537921     
  0.86599999999999999       -8.0033639164959758E-002   10.878311231003565     
  0.86699999999999999       -6.9148005999674786E-002   10.892610354505305     
  0.86799999999999999       -5.8249124766121742E-002   10.904806947171522     
  0.86899999999999999       -4.7339096719557307E-002   10.914903627284080     
  0.87000000000000000       -3.6420020288961054E-002   10.922903428866443     
  0.87100000000000000       -2.5493990662533481E-002   10.928809799191406     
  0.87200000000000000       -1.4563099375726076E-002   10.932626596209477     
  0.87300000000000000       -3.6294339018821987E-003   10.934358085898992     
  0.87400000000000000        7.3049227544335019E-003   10.934008939539046     
  0.87500000000000000        1.8237892461340461E-002   10.931584230906353     
  0.87600000000000000        2.9167402360706893E-002   10.927089433397125     
  0.87700000000000000        4.0091385266299351E-002   10.920530417075112     
  0.87800000000000000        5.1007780058943894E-002   10.911913445646920     
  0.87900000000000000        6.1914532078626718E-002   10.901245173365766     
  0.88000000000000000        7.2809593513463222E-002   10.888532641864797     
  0.88100000000000001        8.3690923785465721E-002   10.873783276921182     
  0.88200000000000001        9.4556489933041138E-002   10.857004885152103     
  0.88300000000000001       0.10540426699015107        10.838205650643850     
  0.88400000000000001       0.11623223836206814        10.817394131515218     
  0.88500000000000001       0.12703839619766330        10.794579256416382     
  0.88600000000000001       0.13782074175816034        10.769770320964478     
  0.88700000000000001       0.14857728578229482        10.742976984117098     
  0.88800000000000001       0.15930604884781596        10.714209264484914     
  0.88900000000000001       0.17000506172927132        10.683477536584673     
  0.89000000000000001       0.18067236575201509        10.650792527033783     
  0.89100000000000001       0.19130601314238238        10.616165310687746     
  0.89200000000000002       0.20190406737397285        10.579607306721680     
  0.89300000000000002       0.21246460350998850        10.541130274657172     
  0.89400000000000002       0.22298570854157140        10.500746310335742     
  0.89500000000000002       0.23346548172208895        10.458467841840159     
  0.89600000000000002       0.24390203489731463        10.414307625364883     
  0.89700000000000002       0.25429349283145458        10.368278741036912     
  0.89800000000000002       0.26463799352897061        10.320394588688302     
  0.89900000000000002       0.27493368855215206        10.270668883581623     
  0.90000000000000002       0.28517874333439042        10.219115652089663     
  0.90100000000000002       0.29537133748911099        10.165749227330632     
  0.90200000000000002       0.30550966511431826        10.110584244760178     
  0.90300000000000002       0.31559193509271216        10.053635637721470     
  0.90400000000000003       0.32561637138733401        9.9949186329546755     
  0.90500000000000003       0.33558121333270230        9.9344487460670869     
  0.90600000000000003       0.34548471592139912        9.8722417769652111     
  0.90700000000000003       0.35532515008607080        9.8083138052501049     
  0.90800000000000003       0.36510080297680547        9.7426811855772435     
  0.90900000000000003       0.37480997823385365        9.6753605429822187     
  0.91000000000000003       0.38445099625565793        9.6063687681735601     
  0.91100000000000003       0.39402219446215953        9.5357230127939623     
  0.91200000000000003       0.40352192755335098        9.4634406846512107     
  0.91300000000000003       0.41294856776304489        9.3895394429200927     
  0.91400000000000003       0.42230050510783096        9.3140371933165813     
  0.91500000000000004       0.43157614763119351        9.2369520832455692     
  0.91600000000000004       0.44077392164276447        9.1583024969234401     
  0.91700000000000004       0.44989227195268655        9.0781070504767563     
  0.91800000000000004       0.45892966210106401        8.9963845870183317     
  0.91900000000000004       0.46788457458247834        8.9131541717019669     
  0.92000000000000004       0.47675551106554898        8.8284350867571106     
  0.92100000000000004       0.48554099260751898        8.7422468265047222     
  0.92200000000000004       0.49423955986384766        8.6546090923555816     
  0.92300000000000004       0.50284977329279323        8.5655417877923075     
  0.92400000000000004       0.51137021335497035        8.4750650133363461     
  0.92500000000000004       0.51979948070786675        8.3831990615011538     
  0.92600000000000005       0.52813619639530773        8.2899644117328357     
  0.92700000000000005       0.53637900203185462        8.1953817253394625     
  0.92800000000000005       0.54452655998212818        8.0994718404103008     
  0.92900000000000005       0.55257755353504590        8.0022557667261740     
  0.93000000000000005       0.56053068707296672        7.9037546806621766     
  0.93100000000000005       0.56838468623573435        7.8039899200839482     
  0.93200000000000005       0.57613829807961436        7.7029829792387092     
  0.93300000000000005       0.58379029123112047        7.6007555036422572     
  0.93400000000000005       0.59133945603572602        7.4973292849631079     
  0.93500000000000005       0.59878460470145889        7.3927262559049662     
  0.93600000000000005       0.60612457143737819        7.2869684850886962     
  0.93700000000000006       0.61335821258693357        7.1800781719349551     
  0.93800000000000006       0.62048440675620786        7.0720776415486499     
  0.93900000000000006       0.62750205493704547        6.9629893396063585     
  0.94000000000000006       0.63441008062507009        6.8528358272478629     
  0.94100000000000006       0.64120742993259683        6.7416397759729136     
  0.94200000000000006       0.64789307169644383        6.6294239625443554     
  0.94300000000000006       0.65446599758065083        6.5162112638987146     
  0.94400000000000006       0.66092522217411254        6.4020246520653616     
  0.94500000000000006       0.66726978308313589        6.2868871890953271     
  0.94600000000000006       0.67349874101893126        6.1708220220008618     
  0.94700000000000006       0.67961117988004927        6.0538523777068090     
  0.94800000000000006       0.68560620682977536        5.9360015580148460     
  0.94900000000000007       0.69148295236849522        5.8172929345816495     
  0.95000000000000007       0.69724057040104581        5.6977499439120187     
  0.95100000000000007       0.70287823829906793        5.5773960823679882     
  0.95200000000000007       0.70839515695837563        5.4562549011949466     
  0.95300000000000007       0.71379055085136089        5.3343500015657614     
  0.95400000000000007       0.71906366807445232        5.2117050296439098     
  0.95500000000000007       0.72421378039064610        5.0883436716665944     
  0.95600000000000007       0.72924018326713114        4.9642896490488138     
  0.95700000000000007       0.73414219590802887        4.8395667135093481     
  0.95800000000000007       0.73891916128227031        4.7141986422195998     
  0.95900000000000007       0.74357044614663403        4.5882092329762347     
  0.95999999999999996       0.74809544106396886        4.4616222993985311     
  0.96099999999999997       0.75249356041662663        4.3344616661513538     
  0.96199999999999997       0.75676424241513141        4.2067511641946478     
  0.96299999999999997       0.76090694910211154        4.0785146260603353     
  0.96399999999999997       0.76492116635152274        3.9497758811574806     
  0.96499999999999997       0.76880640386319088        3.8205587511065895     
  0.96599999999999997       0.77256219515270408        3.6908870451038807     
  0.96699999999999997       0.77618809753668405        3.5607845553163595     
  0.96799999999999997       0.77968369211346888        3.4302750523085157     
  0.96899999999999997       0.78304858373923791        3.2993822805014452     
  0.96999999999999997       0.78628240099961311        3.1681299536651890     
  0.97099999999999997       0.78938479617676871        3.0365417504450645     
  0.97199999999999998       0.79235544521208567        2.9046413099227504     
  0.97299999999999998       0.79519404766438395        2.7724522272128787     
  0.97399999999999998       0.79790032666376987        2.6399980490958654     
  0.97499999999999998       0.80047402886113461        2.5073022696877021     
  0.97599999999999998       0.80291492437334144        2.3743883261474159     
  0.97699999999999998       0.80522280672413926        2.2412795944228909     
  0.97799999999999998       0.80739749278084172        2.1079993850357304     
  0.97899999999999998       0.80943882268681078        1.9745709389058219     
  0.97999999999999998       0.81134665978978504        1.8410174232162613     
  0.98099999999999998       0.81312089056609349        1.7073619273192653     
  0.98199999999999998       0.81476142454079592        1.5736274586836987     
  0.98299999999999998       0.81626819420379160        1.4398369388848220     
  0.98399999999999999       0.81764115492193956        1.3060131996368534     
  0.98499999999999999       0.81888028484723296        1.1721789788689212     
  0.98599999999999999       0.81998558482107109        1.0383569168449742     
  0.98699999999999999       0.82095707827467357       0.90456955232819669     
  0.98799999999999999       0.82179481112568165       0.77083931879046375     
  0.98899999999999999       0.82249885167099157       0.63718854066735786     
  0.98999999999999999       0.82306929047586574       0.50363942965925190     
  0.99099999999999999       0.82350624025936858       0.37021408107895060     
  0.99199999999999999       0.82380983577617328       0.23693447024636574     
  0.99299999999999999       0.82398023369478701       0.10382244893068876     
  0.99399999999999999       0.82401761247224214       -2.9100258159492631E-002
  0.99500000000000000       0.82392217222530184      -0.16181205683770061     
  0.99600000000000000       0.82369413459822838      -0.29429148685227757     
  0.99700000000000000       0.82333374262716352      -0.42651722524989699     
  0.99800000000000000       0.82284126060117002      -0.55846808968948525     
  0.99900000000000000       0.82221697391998416      -0.69012304170617944     
   1.0000000000000000       0.82146118894852937      -0.82146118992496098     
