   0.0000000000000000      -0.70710678118654746       0.70710678118654746     
   1.0000000000000000E-003 -0.70638228544353698       0.74187888471979391     
   2.0000000000000000E-003 -0.70562303607798127       0.77661374709886000     
   3.0000000000000001E-003 -0.70482907120220195       0.81130962630176784     
   4.0000000000000001E-003 -0.70400043066947604       0.84596478245353657     
   5.0000000000000001E-003 -0.70313715607184157       0.88057747792187768     
   6.0000000000000001E-003 -0.70223929073780667       0.91514597741275006     
   7.0000000000000001E-003 -0.70130687972996386       0.94966854806576773     
   8.0000000000000002E-003 -0.70033996984250868       0.98414345954945592     
   9.0000000000000011E-003 -0.69933860959866312        1.0185689841563477     
   1.0000000000000000E-002 -0.69830284924800434        1.0529433968979167     
   1.0999999999999999E-002 -0.69723274076369812        1.0872649755993398     
   1.2000000000000000E-002 -0.69612833783963812        1.1215320009940817     
   1.3000000000000001E-002 -0.69498969588749004        1.1557427568182992     
   1.4000000000000000E-002 -0.69381687203364217        1.1898955299050562     
   1.4999999999999999E-002 -0.69260992511606101        1.2239886102783448     
   1.6000000000000000E-002 -0.69136891568105385        1.2580202912469063     
   1.7000000000000001E-002 -0.69009390597993703        1.2919888694978465     
   1.8000000000000002E-002 -0.68878495996561084        1.3258926451900390     
   1.9000000000000000E-002 -0.68744214328904107        1.3597299220473111     
   2.0000000000000000E-002 -0.68606552329564763        1.3934990074514071     
   2.1000000000000001E-002 -0.68465516902160040        1.4271982125347202     
   2.1999999999999999E-002 -0.68321115119002218        1.4608258522727926     
   2.3000000000000000E-002 -0.68173354220709925        1.4943802455765720     
   2.4000000000000000E-002 -0.68022241615810020        1.5278597153844227     
   2.5000000000000001E-002 -0.67867784880330240        1.5612625887538849     
   2.6000000000000002E-002 -0.67709991757382726        1.5945871969531757     
   2.7000000000000000E-002 -0.67548870156738372        1.6278318755524261     
   2.8000000000000001E-002 -0.67384428154392095        1.6609949645146485     
   2.9000000000000001E-002 -0.67216673992119025        1.6940748082864301     
   2.9999999999999999E-002 -0.67045616077021575        1.7270697558883450     
   3.1000000000000000E-002 -0.66871262981067592        1.7599781610050802     
   3.2000000000000001E-002 -0.66693623440619421        1.7927983820752693     
   3.3000000000000002E-002 -0.66512706355954032        1.8255287823810296     
   3.4000000000000002E-002 -0.66328520790774215        1.8581677301371946     
   3.5000000000000003E-002 -0.66141075971710850        1.8907135985802404     
   3.6000000000000004E-002 -0.65950381287816329        1.9231647660568951     
   3.6999999999999998E-002 -0.65756446290049098        1.9555196161124315     
   3.7999999999999999E-002 -0.65559280690749411        1.9877765375786325     
   3.9000000000000000E-002 -0.65358894363106279        2.0199339246614270     
   4.0000000000000001E-002 -0.65155297340615703        2.0519901770281890     
   4.1000000000000002E-002 -0.64948499816530181        2.0839436998946979     
   4.2000000000000003E-002 -0.64738512143299531        2.1157929041117485     
   4.3000000000000003E-002 -0.64525344832003062        2.1475362062514116     
   4.3999999999999997E-002 -0.64309008551773150        2.1791720286929359     
   4.4999999999999998E-002 -0.64089514129210268        2.2106987997082883     
   4.5999999999999999E-002 -0.63866872547789433        2.2421149535473250     
   4.7000000000000000E-002 -0.63641094947258159        2.2734189305225900     
   4.8000000000000001E-002 -0.63412192623025998        2.3046091770937358     
   4.9000000000000002E-002 -0.63180177025545592        2.3356841459515589     
   5.0000000000000003E-002 -0.62945059759685396        2.3666422961016482     
   5.1000000000000004E-002 -0.62706852584094031        2.3974820929476381     
   5.2000000000000005E-002 -0.62465567410556322        2.4282020083740639     
   5.2999999999999999E-002 -0.62221216303341098        2.4588005208288122     
   5.3999999999999999E-002 -0.61973811478540730        2.4892761154051617     
   5.5000000000000000E-002 -0.61723365303402533        2.5196272839234108     
   5.6000000000000001E-002 -0.61469890295651974        2.5498525250120854     
   5.7000000000000002E-002 -0.61213399122807843        2.5799503441887230     
   5.8000000000000003E-002 -0.60953904601489284        2.6099192539402276     
   5.9000000000000004E-002 -0.60691419696714899        2.6397577738027898     
   5.9999999999999998E-002 -0.60425957521193840        2.6694644304413684     
   6.0999999999999999E-002 -0.60157531334608938        2.6990377577287297     
   6.2000000000000000E-002 -0.59886154542892034        2.7284762968240361     
   6.3000000000000000E-002 -0.59611840697491403        2.7577785962509829     
   6.4000000000000001E-002 -0.59334603494631422        2.7869432119754758     
   6.5000000000000002E-002 -0.59054456774564501        2.8159687074828472     
   6.6000000000000003E-002 -0.58771414520815268        2.8448536538546043     
   6.7000000000000004E-002 -0.58485490859417155        2.8735966298447035     
   6.8000000000000005E-002 -0.58196700058141348        2.9021962219553514     
   6.9000000000000006E-002 -0.57905056525718213        2.9306510245123216     
   7.0000000000000007E-002 -0.57610574811051163        2.9589596397397875     
   7.1000000000000008E-002 -0.57313269602423123        2.9871206778346635     
   7.2000000000000008E-002 -0.57013155726695564        3.0151327570404516     
   7.2999999999999995E-002 -0.56710248148500142        3.0429945037205903     
   7.3999999999999996E-002 -0.56404561969423095        3.0707045524312977     
   7.4999999999999997E-002 -0.56096112427182321        3.0982615459939069     
   7.5999999999999998E-002 -0.55784914894797266        3.1256641355666908     
   7.6999999999999999E-002 -0.55470984879751695        3.1529109807161677     
   7.8000000000000000E-002 -0.55154338023149285        3.1800007494878884     
   7.9000000000000001E-002 -0.54834990098862224        3.2069321184766966     
   8.0000000000000002E-002 -0.54512957012672802        3.2337037728964595     
   8.1000000000000003E-002 -0.54188254801408020        3.2603144066492673     
   8.2000000000000003E-002 -0.53860899632067349        3.2867627223940925     
   8.3000000000000004E-002 -0.53530907800943628        3.3130474316149083     
   8.4000000000000005E-002 -0.53198295732737177        3.3391672546882631     
   8.5000000000000006E-002 -0.52863079979663197        3.3651209209503024     
   8.6000000000000007E-002 -0.52525277220552458        3.3909071687632384     
   8.7000000000000008E-002 -0.52184904259945419        3.4165247455812633     
   8.7999999999999995E-002 -0.51841978027179736        3.4419724080158982     
   8.8999999999999996E-002 -0.51496515575471302        3.4672489219007798     
   8.9999999999999997E-002 -0.51148534080988828        3.4923530623558752     
   9.0999999999999998E-002 -0.50798050841921993        3.5172836138511268     
   9.1999999999999998E-002 -0.50445083277543323        3.5420393702695172     
   9.2999999999999999E-002 -0.50089648927263730        3.5666191349695575     
   9.4000000000000000E-002 -0.49731765449681886        3.5910217208471891     
   9.5000000000000001E-002 -0.49371450621627389        3.6152459503970977     
   9.6000000000000002E-002 -0.49008722337197852        3.6392906557734399     
   9.7000000000000003E-002 -0.48643598606789951        3.6631546788499700     
   9.8000000000000004E-002 -0.48276097556124492        3.6868368712795738     
   9.9000000000000005E-002 -0.47906237425265524        3.7103360945531967     
  0.10000000000000001      -0.47534036567633636        3.7336512200581700     
  0.10100000000000001      -0.47159513449013418        3.7567811291359279     
  0.10200000000000001      -0.46782686646555188        3.7797247131391130     
  0.10300000000000001      -0.46403574847771040        3.8024808734880664     
  0.10400000000000001      -0.46022196849525293        3.8250485217267021     
  0.10500000000000000      -0.45638571557019347        3.8474265795777569     
  0.10600000000000000      -0.45252717982771073        3.8696139789974189     
  0.10700000000000000      -0.44864655245588775        3.8916096622293272     
  0.10800000000000000      -0.44474402569539745        3.9134125818579428     
  0.10900000000000000      -0.44081979282913558        3.9350217008612831     
  0.11000000000000000      -0.43687404817180114        3.9564359926630233     
  0.11100000000000000      -0.43290698705942476        3.9776544411839572     
  0.11200000000000000      -0.42891880583884623        3.9986760408928150     
  0.11300000000000000      -0.42490970185714139        4.0194997968564383     
  0.11400000000000000      -0.42087987345099925        4.0401247247893055     
  0.11500000000000000      -0.41682951993604983        4.0605498511024081     
  0.11600000000000001      -0.41275884159614357        4.0807742129514715     
  0.11700000000000001      -0.40866803967258258        4.1007968582845251     
  0.11800000000000001      -0.40455731635330505        4.1206168458888088     
  0.11900000000000001      -0.40042687476202277        4.1402332454370212     
  0.12000000000000000      -0.39627691894731282        4.1596451375329035     
  0.12100000000000000      -0.39210765387166402        4.1788516137561578     
  0.12200000000000000      -0.38791928540047882        4.1978517767066998     
  0.12300000000000000      -0.38371202029103130        4.2166447400482365     
  0.12400000000000000      -0.37948606618138170        4.2352296285511724     
  0.12500000000000000      -0.37524163157924878        4.2536055781348434     
  0.12600000000000000      -0.37097892585083991        4.2717717359090708     
  0.12700000000000000      -0.36669815920964022        4.2897272602150345     
  0.12800000000000000      -0.36239954270516089        4.3074713206654671     
  0.12900000000000000      -0.35808328821164809        4.3250030981841636     
  0.13000000000000000      -0.35374960841675218        4.3423217850448053     
  0.13100000000000001      -0.34939871681015883        4.3594265849090945     
  0.13200000000000001      -0.34503082767218229        4.3763167128642024     
  0.13300000000000001      -0.34064615606232135        4.3929913954595223     
  0.13400000000000001      -0.33624491780777910        4.4094498707427308     
  0.13500000000000001      -0.33182732949194704        4.4256913882951556     
  0.13600000000000001      -0.32739360844285381        4.4417152092664418     
  0.13700000000000001      -0.32294397272157999        4.4575206064085240     
  0.13800000000000001      -0.31847864111063906        4.4731068641088969     
  0.13900000000000001      -0.31399783310232560        4.4884732784231822     
  0.14000000000000001      -0.30950176888703107        4.5036191571069937     
  0.14100000000000001      -0.30499066934152830        4.5185438196470979     
  0.14200000000000002      -0.30046475601722489        4.5332465972918667     
  0.14300000000000002      -0.29592425112838688        4.5477268330810228     
  0.14400000000000002      -0.29136937754033271        4.5619838818746770     
  0.14499999999999999      -0.28680035875759857        4.5760171103816543     
  0.14599999999999999      -0.28221741891207602        4.5898258971871062     
  0.14699999999999999      -0.27762078275112195        4.6034096327794147     
  0.14799999999999999      -0.27301067562564235        4.6167677195763783     
  0.14899999999999999      -0.26838732347814998        4.6298995719506832     
  0.14999999999999999      -0.26375095283079725        4.6428046162546606     
  0.15100000000000000      -0.25910179077338424        4.6554822908443247     
  0.15200000000000000      -0.25444006495134358        4.6679320461026919     
  0.15300000000000000      -0.24976600355370190        4.6801533444623828     
  0.15400000000000000      -0.24507983530101926        4.6921456604275038     
  0.15500000000000000      -0.24038178943330712        4.7039084805948059     
  0.15600000000000000      -0.23567209569792538        4.7154413036741243     
  0.15700000000000000      -0.23095098433745934        4.7267436405080927     
  0.15800000000000000      -0.22621868607757739        4.7378150140911401     
  0.15900000000000000      -0.22147543211487006        4.7486549595877561     
  0.16000000000000000      -0.21672145410467109        4.7592630243500400     
  0.16100000000000000      -0.21195698414886135        4.7696387679345191     
  0.16200000000000001      -0.20718225478365640        4.7797817621182439     
  0.16300000000000001      -0.20239749896737808        4.7896915909141589     
  0.16400000000000001      -0.19760295006821138        4.7993678505857460     
  0.16500000000000001      -0.19279884185194684        4.8088101496609417     
  0.16600000000000001      -0.18798540846970943        4.8180181089453287     
  0.16700000000000001      -0.18316288444567463        4.8269913615345992     
  0.16800000000000001      -0.17833150466477241        4.8357295528262911     
  0.16900000000000001      -0.17349150436037983        4.8442323405307990     
  0.17000000000000001      -0.16864311910200297        4.8524993946816553     
  0.17100000000000001      -0.16378658478294900        4.8605303976450873     
  0.17200000000000001      -0.15892213760798896        4.8683250441288433     
  0.17300000000000001      -0.15405001408101221        4.8758830411902938     
  0.17400000000000002      -0.14917045099267298        4.8832041082438078     
  0.17500000000000002      -0.14428368540803010        4.8902879770673948     
  0.17599999999999999      -0.13938995465418025        4.8971343918086276     
  0.17699999999999999      -0.13448949630788579        4.9037431089898380     
  0.17799999999999999      -0.12958254818319770        4.9101138975125798     
  0.17899999999999999      -0.12466934831907452        4.9162465386613725     
  0.17999999999999999      -0.11975013496699768        4.9221408261067197     
  0.18099999999999999      -0.11482514657858445        4.9277965659073963     
  0.18200000000000000      -0.10989462179319873        4.9332135765120189     
  0.18300000000000000      -0.10495879942556079        4.9383916887598867     
  0.18400000000000000      -0.10001791845335647        4.9433307458811031     
  0.18500000000000000       -9.5072218004846637E-002   4.9480306034959716     
  0.18600000000000000       -9.0121937346477540E-002   4.9524911296136693     
  0.18700000000000000       -8.5167315870492963E-002   4.9567122046302057     
  0.18800000000000000       -8.0208593082548726E-002   4.9606937213256508     
  0.18900000000000000       -7.5246008589330282E-002   4.9644355848606532     
  0.19000000000000000       -7.0279802086174195E-002   4.9679377127722324     
  0.19100000000000000       -6.5310213344694196E-002   4.9712000349688577     
  0.19200000000000000       -6.0337482200412483E-002   4.9742224937248096     
  0.19300000000000000       -5.5361848540397066E-002   4.9770050436738229     
  0.19400000000000001       -5.0383552290905756E-002   4.9795476518020179     
  0.19500000000000001       -4.5402833405037646E-002   4.9818502974401175     
  0.19600000000000001       -4.0419931850392700E-002   4.9839129722549504     
  0.19700000000000001       -3.5435087596740196E-002   4.9857356802402446     
  0.19800000000000001       -3.0448540603696731E-002   4.9873184377067110     
  0.19900000000000001       -2.5460530808414508E-002   4.9886612732714166     
  0.20000000000000001       -2.0471298113280592E-002   4.9897642278464538     
  0.20100000000000001       -1.5481082373627851E-002   4.9906273546268984     
  0.20200000000000001       -1.0490123385458294E-002   4.9912507190780691     
  0.20300000000000001       -5.4986608731795008E-003   4.9916343989220806     
  0.20400000000000001       -5.0693447735485151E-004   4.9917784841236958     
  0.20500000000000002        4.4848162575317520E-003   4.9916830768754794     
  0.20600000000000002        9.4763518952959633E-003   4.9913482915822502     
  0.20700000000000002        1.4467433120257176E-002   4.9907742548448413     
  0.20800000000000002        1.9457820749426119E-002   4.9899611054431610     
  0.20899999999999999        2.4447275744675166E-002   4.9889089943185638     
  0.20999999999999999        2.9435559224890676E-002   4.9876180845555300     
  0.21099999999999999        3.4422432478106654E-002   4.9860885513626521     
  0.21199999999999999        3.9407656973619073E-002   4.9843205820529395     
  0.21299999999999999        4.4390994374080152E-002   4.9823143760234325     
  0.21400000000000000        4.9372206547571879E-002   4.9800701447341362     
  0.21500000000000000        5.4351055579658178E-002   4.9775881116862699     
  0.21600000000000000        5.9327303785414946E-002   4.9748685123998406     
  0.21700000000000000        6.4300713721437336E-002   4.9719115943905354     
  0.21800000000000000        6.9271048197823593E-002   4.9687176171459395     
  0.21900000000000000        7.4238070290134794E-002   4.9652868521010838     
  0.22000000000000000        7.9201543351329742E-002   4.9616195826133191     
  0.22100000000000000        8.4161231023674482E-002   4.9577161039365212     
  0.22200000000000000        8.9116897250625604E-002   4.9535767231946330     
  0.22300000000000000        9.4068306288686815E-002   4.9492017593545388     
  0.22400000000000000        9.9015222719238044E-002   4.9445915431982792     
  0.22500000000000001       0.10395741146033641        4.9397464172946091     
  0.22600000000000001       0.10889463777848843        4.9346667359698957     
  0.22700000000000001       0.11382666730039283        4.9293528652783625     
  0.22800000000000001       0.11875326602465321        4.9238051829716847     
  0.22900000000000001       0.12367420033346002        4.9180240784679352     
  0.23000000000000001       0.12858923700424121        4.9120099528198811     
  0.23100000000000001       0.13349814322128070        4.9057632186826421     
  0.23200000000000001       0.13840068658730437        4.8992843002807032     
  0.23300000000000001       0.14329663513503260        4.8925736333742922     
  0.23400000000000001       0.14818575733869901        4.8856316652251239     
  0.23500000000000001       0.15306782212553446        4.8784588545615062     
  0.23600000000000002       0.15794259888721601        4.8710556715428224     
  0.23700000000000002       0.16280985749127985        4.8634225977233854     
  0.23800000000000002       0.16766936829249804        4.8555601260156651     
  0.23900000000000002       0.17252090214421789        4.8474687606529026     
  0.23999999999999999       0.17736423040966387        4.8391490171511000     
  0.24099999999999999       0.18219912497320104        4.8306014222703988     
  0.24199999999999999       0.18702535825155961        4.8218265139758465     
  0.24299999999999999       0.19184270320502003        4.8128248413975570     
  0.24399999999999999       0.19665093334855785        4.8035969647902625     
  0.24500000000000000       0.20144982276294784        4.7941434554922679     
  0.24600000000000000       0.20623914610582680        4.7844648958838034     
  0.24700000000000000       0.21101867862271440        4.7745618793447830     
  0.24800000000000000       0.21578819615799147        4.7644350102119741     
  0.24900000000000000       0.22054747516583526        4.7540849037355741     
  0.25000000000000000       0.22529629272111082        4.7435121860352041     
  0.25100000000000000       0.23003442653021824        4.7327174940553229     
  0.25200000000000000       0.23476165494189494        4.7217014755200601     
  0.25300000000000000       0.23947775695797244        4.7104647888874753     
  0.25400000000000000       0.24418251224408724        4.6990081033032496     
  0.25500000000000000       0.24887570114034507        4.6873320985538038     
  0.25600000000000001       0.25355710467193787        4.6754374650188586     
  0.25700000000000001       0.25822650455971324        4.6633249036234297     
  0.25800000000000001       0.26288368323069533        4.6509951257892714     
  0.25900000000000001       0.26752842382855724        4.6384488533857633     
  0.26000000000000001       0.27216051022404375        4.6256868186802507     
  0.26100000000000001       0.27677972702534426        4.6127097642878363     
  0.26200000000000001       0.28138585958841522        4.5995184431206351     
  0.26300000000000001       0.28597869402725146        4.5861136183364897     
  0.26400000000000001       0.29055801722410618        4.5724960632871507     
  0.26500000000000001       0.29512361683965865        4.5586665614659276     
  0.26600000000000001       0.29967528132312932        4.5446259064548151     
  0.26700000000000002       0.30421279992234190        4.5303749018710979     
  0.26800000000000002       0.30873596269373182        4.5159143613134347     
  0.26900000000000002       0.31324456051230026        4.5012451083074314     
  0.27000000000000002       0.31773838508151381        4.4863679762507012     
  0.27100000000000002       0.32221722894314864        4.4712838083574233     
  0.27200000000000002       0.32668088548707924        4.4559934576023963     
  0.27300000000000002       0.33112914896101092        4.4404977866645936     
  0.27400000000000002       0.33556181448015537        4.4247976678702292     
  0.27500000000000002       0.33997867803684934        4.4088939831353313     
  0.27600000000000002       0.34437953651011555        4.3927876239078296     
  0.27700000000000002       0.34876418767516537        4.3764794911091665     
  0.27800000000000002       0.35313243021284291        4.3599704950754266     
  0.27900000000000003       0.35748406371901020        4.3432615554979996     
  0.28000000000000003       0.36181888871387241        4.3263536013637696     
  0.28100000000000003       0.36613670665124332        4.3092475708948443     
  0.28200000000000003       0.37043731992775031        4.2919444114878234     
  0.28300000000000003       0.37472053189197813        4.2744450796526143     
  0.28400000000000003       0.37898614685355159        4.2567505409507946     
  0.28500000000000003       0.38323397009215604        4.2388617699335303     
  0.28600000000000003       0.38746380786649592        4.2207797500790543     
  0.28700000000000003       0.39167546742319020        4.2025054737297038     
  0.28800000000000003       0.39586875700560498        4.1840399420285275     
  0.28899999999999998       0.40004348586262217        4.1653841648554657     
  0.28999999999999998       0.40419946425734443        4.1465391607631057     
  0.29099999999999998       0.40833650347573547        4.1275059569120192     
  0.29199999999999998       0.41245441583519549        4.1082855890056820     
  0.29299999999999998       0.41655301469307138        4.0888791012249914     
  0.29399999999999998       0.42063211445510124        4.0692875461623723     
  0.29499999999999998       0.42469153058379283        4.0495119847554841     
  0.29599999999999999       0.42873107960673545        4.0295534862205340     
  0.29699999999999999       0.43275057912484494        4.0094131279851979     
  0.29799999999999999       0.43674984782054149        3.9890919956211550     
  0.29899999999999999       0.44072870546585979        3.9685911827762426     
  0.29999999999999999       0.44468697293049103        3.9479117911062311     
  0.30099999999999999       0.44862447218975665        3.9270549302062303     
  0.30199999999999999       0.45254102633251303        3.9060217175417260     
  0.30299999999999999       0.45643645956898754        3.8848132783792559     
  0.30399999999999999       0.46031059723854451        3.8634307457167263     
  0.30499999999999999       0.46416326581738171        3.8418752602133788     
  0.30599999999999999       0.46799429292615652        3.8201479701194057     
  0.30700000000000000       0.47180350733754162        3.7982500312052254     
  0.30800000000000000       0.47559073898370952        3.7761826066904183     
  0.30900000000000000       0.47935581896374624        3.7539468671723295     
  0.31000000000000000       0.48309857955099311        3.7315439905543428     
  0.31100000000000000       0.48681885420031690        3.7089751619738331     
  0.31200000000000000       0.49051647755530758        3.6862415737297991     
  0.31300000000000000       0.49419128545540364        3.6633444252101817     
  0.31400000000000000       0.49784311494294464        3.6402849228188767     
  0.31500000000000000       0.50147180427015037        3.6170642799024408     
  0.31600000000000000       0.50507719290602704        3.5936837166765012     
  0.31700000000000000       0.50865912154319903        3.5701444601518717     
  0.31800000000000000       0.51221743210466730        3.5464477440603788     
  0.31900000000000001       0.51575196775049315        3.5225948087804060     
  0.32000000000000001       0.51926257288440747        3.4985869012621591     
  0.32100000000000001       0.52274909316034479        3.4744252749526581     
  0.32200000000000001       0.52621137548890295        3.4501111897204604     
  0.32300000000000001       0.52964926804372647        3.4256459117801219     
  0.32400000000000001       0.53306262026781481        3.4010307136163993     
  0.32500000000000001       0.53645128287975474        3.3762668739081998     
  0.32600000000000001       0.53981510787987608        3.3513556774522812     
  0.32700000000000001       0.54315394855633159        3.3262984150867125     
  0.32800000000000001       0.54646765949109954        3.3010963836140936     
  0.32900000000000001       0.54975609656591018        3.2757508857245434     
  0.33000000000000002       0.55301911696809425        3.2502632299184619     
  0.33100000000000002       0.55625657919635485        3.2246347304290679     
  0.33200000000000002       0.55946834306646132        3.1988667071447208     
  0.33300000000000002       0.56265426971686539        3.1729604855310303     
  0.33400000000000002       0.56581422161423955        3.1469173965527584     
  0.33500000000000002       0.56894806255893693        3.1207387765955215     
  0.33600000000000002       0.57205565769037314        3.0944259673872927     
  0.33700000000000002       0.57513687349232889        3.0679803159197174     
  0.33800000000000002       0.57819157779817465        3.0414031743692380     
  0.33900000000000002       0.58121963979601576        3.0146959000180407     
  0.34000000000000002       0.58422093003375863        2.9878598551748254     
  0.34100000000000003       0.58719532042409739        2.9608964070954058     
  0.34200000000000003       0.59014268424942140        2.9338069279031411     
  0.34300000000000003       0.59306289616664309        2.9065927945092120     
  0.34400000000000003       0.59595583221194548        2.8792553885327381     
  0.34500000000000003       0.59882136980545042        2.8517960962207467     
  0.34600000000000003       0.60165938775580630        2.8242163083679968     
  0.34700000000000003       0.60446976626469562        2.7965174202366638     
  0.34800000000000003       0.60725238693126227        2.7687008314758894     
  0.34900000000000003       0.61000713275645824        2.7407679460412027     
  0.35000000000000003       0.61273388814730945        2.7127201721138166     
  0.35100000000000003       0.61543253892110128        2.6845589220198081     
  0.35199999999999998       0.61810297230948286        2.6562856121491816     
  0.35299999999999998       0.62074507696249048        2.6279016628748253     
  0.35399999999999998       0.62335874295249005        2.5994084984713655     
  0.35499999999999998       0.62594386177803807        2.5708075470339211     
  0.35599999999999998       0.62850032636766151        2.5421002403967674     
  0.35699999999999998       0.63102803108355621        2.5132880140519096     
  0.35799999999999998       0.63352687172520383        2.4843723070675763     
  0.35899999999999999       0.63599674553290764        2.4553545620066348     
  0.35999999999999999       0.63843755119124579        2.4262362248449336     
  0.36099999999999999       0.64084918883244391        2.3970187448895799     
  0.36199999999999999       0.64323156003966520        2.3677035746971531     
  0.36299999999999999       0.64558456785021912        2.3382921699918624     
  0.36399999999999999       0.64790811675868809        2.3087859895836549     
  0.36499999999999999       0.65020211271997208        2.2791864952862739     
  0.36599999999999999       0.65246646315225154        2.2494951518352790     
  0.36699999999999999       0.65470107693986834        2.2197134268060292     
  0.36799999999999999       0.65690586443612442        2.1898427905316336     
  0.36899999999999999       0.65908073746599849        2.1598847160208785     
  0.37000000000000000       0.66122560932878072        2.1298406788761328     
  0.37100000000000000       0.66334039480062512        2.0997121572112381     
  0.37200000000000000       0.66542501013702027        2.0695006315693876     
  0.37300000000000000       0.66747937307517735        2.0392075848410003     
  0.37400000000000000       0.66950340283633636        2.0088345021815948     
  0.37500000000000000       0.67149702012799017        1.9783828709296667     
  0.37600000000000000       0.67346014714602642        1.9478541805245784     
  0.37700000000000000       0.67539270757678749        1.9172499224244601     
  0.37800000000000000       0.67729462659904793        1.8865715900241344     
  0.37900000000000000       0.67916583088591054        1.8558206785730627     
  0.38000000000000000       0.68100624860661951        1.8249986850933229     
  0.38100000000000001       0.68281580942829256        1.7941071082976223     
  0.38200000000000001       0.68459444451757012        1.7631474485073502     
  0.38300000000000001       0.68634208654218343        1.7321212075706742     
  0.38400000000000001       0.68805866967244012        1.7010298887806878     
  0.38500000000000001       0.68974412958262843        1.6698749967936124     
  0.38600000000000001       0.69139840345233938        1.6386580375470583     
  0.38700000000000001       0.69302142996770721        1.6073805181783514     
  0.38800000000000001       0.69461314932256857        1.5760439469429288     
  0.38900000000000001       0.69617350321953964        1.5446498331328091     
  0.39000000000000001       0.69770243487101202        1.5131996869951421     
  0.39100000000000001       0.69919988900006724        1.4816950196508420     
  0.39200000000000002       0.70066581184130972        1.4501373430133115     
  0.39300000000000002       0.70210015114161894        1.4185281697072571     
  0.39400000000000002       0.70350285616082009        1.3868690129876060     
  0.39500000000000002       0.70487387767227350        1.3551613866585244     
  0.39600000000000002       0.70621316796338385        1.3234068049925454     
  0.39700000000000002       0.70752068083602804        1.2916067826498090     
  0.39800000000000002       0.70879637160690223        1.2597628345974212     
  0.39900000000000002       0.71004019710778887        1.2278764760289349     
  0.40000000000000002       0.71125211568574276        1.1959492222839578     
  0.40100000000000002       0.71243208720319706        1.1639825887678934     
  0.40200000000000002       0.71358007303798887        1.1319780908718180     
  0.40300000000000002       0.71469603608330512        1.0999372438924993     
  0.40400000000000003       0.71577994074754814        1.0678615629525610     
  0.40500000000000003       0.71683175295412171        1.0357525629207984     
  0.40600000000000003       0.71785144014113755        1.0036117583326492     
  0.40700000000000003       0.71883897126104213       0.97144066331082302     
  0.40800000000000003       0.71979431678016459       0.93924079148609785     
  0.40900000000000003       0.72071744867818488       0.90701365591828309     
  0.41000000000000003       0.72160834044752376       0.87476076901735778     
  0.41100000000000003       0.72246696709265334       0.84248364246478602     
  0.41200000000000003       0.72329330512932943       0.81018378713501527     
  0.41300000000000003       0.72408733258374525       0.77786271301716159     
  0.41400000000000003       0.72484902899160708       0.74552192913688686     
  0.41500000000000004       0.72557837539713199       0.71316294347847109     
  0.41600000000000004       0.72627535435196733       0.68078726290708558     
  0.41699999999999998       0.72693994991403299       0.64839639309127073     
  0.41799999999999998       0.72757214764628597       0.61599183842562277     
  0.41899999999999998       0.72817193461540819       0.58357510195369422     
  0.41999999999999998       0.72873929939041648       0.55114768529111147     
  0.42099999999999999       0.72927423204119690       0.51871108854891501     
  0.42199999999999999       0.72977672413696149       0.48626681025712581     
  0.42299999999999999       0.73024676874462913       0.45381634728854170     
  0.42399999999999999       0.73068436042713070       0.42136119478276923     
  0.42499999999999999       0.73108949524163769       0.38890284607049408     
  0.42599999999999999       0.73146217073771558       0.35644279259799444     
  0.42699999999999999       0.73180238595540181       0.32398252385190213     
  0.42799999999999999       0.73211014142320863       0.29152352728421477     
  0.42899999999999999       0.73238543915605114       0.25906728823756336     
  0.42999999999999999       0.73262828265310065       0.22661528987073970     
  0.43099999999999999       0.73283867689556348       0.19416901308448720     
  0.43200000000000000       0.73301662834438641       0.16172993644755940     
  0.43300000000000000       0.73316214493788745       0.12929953612305001     
  0.43400000000000000       0.73327523608931344        9.6879285794998660E-002
  0.43500000000000000       0.73335591268432476        6.4470656595276066E-002
  0.43600000000000000       0.73340418707840649        3.2075117030752658E-002
  0.43700000000000000       0.73342007309420709       -3.0586708924545958E-004
  0.43800000000000000       0.73340358601880484       -3.2670832725189405E-002
  0.43900000000000000       0.73335474260090194       -6.5018319679305381E-002
  0.44000000000000000       0.73327356104794694       -9.7346870667233687E-002
  0.44100000000000000       0.73316006102318576      -0.12965503138938522     
  0.44200000000000000       0.73301426364264111      -0.16194135060199163     
  0.44300000000000000       0.73283619147202150      -0.19420438018784530     
  0.44400000000000001       0.73262586852355926      -0.22644267522672579     
  0.44500000000000001       0.73238332025277886      -0.25865479406550862     
  0.44600000000000001       0.73210857355519432      -0.29083929838795330     
  0.44700000000000001       0.73180165676293807      -0.32299475328416644     
  0.44800000000000001       0.73146259964131977      -0.35511972731973673     
  0.44900000000000001       0.73109143338531657      -0.38721279260453834     
  0.45000000000000001       0.73068819061599422      -0.41927252486119870     
  0.45100000000000001       0.73025290537686072      -0.45129750349322784     
  0.45200000000000001       0.72978561313015122      -0.48328631165280528     
  0.45300000000000001       0.72928635075304560      -0.51523753630822122     
  0.45400000000000001       0.72875515653381884      -0.54714976831096918     
  0.45500000000000002       0.72819207016792453      -0.57902160246248546     
  0.45600000000000002       0.72759713275401150      -0.61085163758053351     
  0.45700000000000002       0.72697038678987469      -0.64263847656522888     
  0.45800000000000002       0.72631187616833992      -0.67438072646470204     
  0.45900000000000002       0.72562164617308289      -0.70607699854039563     
  0.46000000000000002       0.72489974347438368      -0.73772590833199270     
  0.46100000000000002       0.72414621612481622      -0.76932607572197342     
  0.46200000000000002       0.72336111355487331      -0.80087612499979632     
  0.46300000000000002       0.72254448656852754      -0.83237468492570155     
  0.46400000000000002       0.72169638733872910      -0.86382038879413270     
  0.46500000000000002       0.72081686940283973      -0.89521187449677431     
  0.46600000000000003       0.71990598765800440      -0.92654778458520237     
  0.46700000000000003       0.71896379835645996      -0.95782676633314379     
  0.46800000000000003       0.71799035910078235      -0.98904747179834307     
  0.46900000000000003       0.71698572883907163       -1.0202085578840330     
  0.47000000000000003       0.71594996786007592       -1.0513086864000050     
  0.47100000000000003       0.71488313778825452       -1.0823465241232795     
  0.47200000000000003       0.71378530157878062       -1.1133207428583696     
  0.47300000000000003       0.71265652351248365       -1.1442300194971382     
  0.47400000000000003       0.71149686919073241       -1.1750730360782449     
  0.47500000000000003       0.71030640553025859       -1.2058484798461790     
  0.47600000000000003       0.70908520075792159       -1.2365550433098778     
  0.47700000000000004       0.70783332440541502       -1.2671914243009257     
  0.47800000000000004       0.70655084730391515       -1.2977563260313327     
  0.47900000000000004       0.70523784157867153       -1.3282484571508892     
  0.47999999999999998       0.70389438064354115       -1.3586665318040945     
  0.48099999999999998       0.70252053919546509       -1.3890092696866567     
  0.48199999999999998       0.70111639320888941       -1.4192753961015621     
  0.48299999999999998       0.69968201993013013       -1.4494636420147093     
  0.48399999999999999       0.69821749787168230       -1.4795727441101096     
  0.48499999999999999       0.69672290680647497       -1.5096014448446466     
  0.48599999999999999       0.69519832776207069       -1.5395484925023968     
  0.48699999999999999       0.69364384301481163       -1.5694126412485063     
  0.48799999999999999       0.69205953608391180       -1.5991926511826227     
  0.48899999999999999       0.69044549172549585       -1.6288872883918784     
  0.48999999999999999       0.68880179592658530       -1.6584953250034251     
  0.49099999999999999       0.68712853589903256       -1.6880155392365161     
  0.49199999999999999       0.68542580007340292       -1.7174467154541342     
  0.49299999999999999       0.68369367809280512       -1.7467876442141632     
  0.49399999999999999       0.68193226080667135       -1.7760371223201017     
  0.49500000000000000       0.68014164026448609       -1.8051939528713161     
  0.49600000000000000       0.67832190970946571       -1.8342569453128317     
  0.49700000000000000       0.67647316357218767       -1.8632249154846587     
  0.49800000000000000       0.67459549746417158       -1.8920966856706534     
  0.49900000000000000       0.67268900817141064       -1.9208710846469090     
  0.50000000000000000       0.67075379364785581       -1.9495469477296792     
  0.50100000000000000       0.66878995300885169       -1.9781231168228277     
  0.50200000000000000       0.66679758652452537       -2.0065984404648054     
  0.50300000000000000       0.66477679561312863       -2.0349717738751512     
  0.50400000000000000       0.66272768283433381       -2.0632419790005172     
  0.50500000000000000       0.66065035188248389       -2.0914079245602140     
  0.50600000000000001       0.65854490757979722       -2.1194684860912751     
  0.50700000000000001       0.65641145586952765       -2.1474225459930421     
  0.50800000000000001       0.65425010380907966       -2.1752689935712626     
  0.50900000000000001       0.65206095956308086       -2.2030067250817051     
  0.51000000000000001       0.64984413239640959       -2.2306346437732869     
  0.51100000000000001       0.64759973266718107       -2.2581516599307148     
  0.51200000000000001       0.64532787181969009       -2.2855566909166338     
  0.51300000000000001       0.64302866237731249       -2.3128486612132879     
  0.51400000000000001       0.64070221793536453       -2.3400265024636866     
  0.51500000000000001       0.63834865315392231       -2.3670891535122780     
  0.51600000000000001       0.63596808375059977       -2.3940355604451282     
  0.51700000000000002       0.63356062649328737       -2.4208646766296025     
  0.51800000000000002       0.63112639919285118       -2.4475754627535520     
  0.51900000000000002       0.62866552069579307       -2.4741668868639990     
  0.52000000000000002       0.62617811087687214       -2.5006379244053241     
  0.52100000000000002       0.62366429063168871       -2.5269875582569519     
  0.52200000000000002       0.62112418186923080       -2.5532147787705357     
  0.52300000000000002       0.61855790750438311       -2.5793185838066379     
  0.52400000000000002       0.61596559145040031       -2.6052979787709081     
  0.52500000000000002       0.61334735861134415       -2.6311519766497540     
  0.52600000000000002       0.61070333487448469       -2.6568795980455095     
  0.52700000000000002       0.60803364710266727       -2.6824798712110938     
  0.52800000000000002       0.60533842312664499       -2.7079518320841625     
  0.52900000000000003       0.60261779173737673       -2.7332945243207529     
  0.53000000000000003       0.59987188267829239       -2.7585069993284175     
  0.53100000000000003       0.59710082663752506       -2.7835883162988480     
  0.53200000000000003       0.59430475524011073       -2.8085375422399901     
  0.53300000000000003       0.59148380104015619       -2.8333537520076462     
  0.53400000000000003       0.58863809751297558       -2.8580360283365640     
  0.53500000000000003       0.58576777904719601       -2.8825834618710156     
  0.53600000000000003       0.58287298093683337       -2.9069951511948613     
  0.53700000000000003       0.57995383937333744       -2.9312702028611013     
  0.53800000000000003       0.57701049143760852       -2.9554077314209097     
  0.53900000000000003       0.57404307509198493       -2.9794068594521588     
  0.54000000000000004       0.57105172917220204       -3.0032667175874237     
  0.54100000000000004       0.56803659337932400       -3.0269864445414738     
  0.54200000000000004       0.56499780827164803       -3.0505651871382469     
  0.54300000000000004       0.56193551525658203       -3.0740021003373084     
  0.54400000000000004       0.55884985658249564       -3.0972963472597921     
  0.54500000000000004       0.55574097533054623       -3.1204470992138265     
  0.54600000000000004       0.55260901540647933       -3.1434535357194404     
  0.54700000000000004       0.54945412153240458       -3.1663148445329563     
  0.54800000000000004       0.54627643923854718       -3.1890302216708597     
  0.54900000000000004       0.54307611485497642       -3.2115988714331576     
  0.55000000000000004       0.53985329550331029       -3.2340200064262143     
  0.55100000000000005       0.53660812908839828       -3.2562928475850708     
  0.55200000000000005       0.53334076428998156       -3.2784166241952484     
  0.55300000000000005       0.53005135055433195       -3.3003905739140311     
  0.55400000000000005       0.52674003808586967       -3.3222139427912332     
  0.55500000000000005       0.52340697783876056       -3.3438859852894471     
  0.55600000000000005       0.52005232150849356       -3.3654059643037746     
  0.55700000000000005       0.51667622152343851       -3.3867731511810408     
  0.55800000000000005       0.51327883103638494       -3.4079868257384898     
  0.55900000000000005       0.50986030391606274       -3.4290462762819645     
  0.56000000000000005       0.50642079473864454       -3.4499507996235681     
  0.56100000000000005       0.50296045877923079       -3.4706997010988112     
  0.56200000000000006       0.49947945200331817       -3.4912922945832401     
  0.56300000000000006       0.49597793105825133       -3.5117279025085510     
  0.56400000000000006       0.49245605326465902       -3.5320058558781886     
  0.56500000000000006       0.48891397660787461       -3.5521254942824276     
  0.56600000000000006       0.48535185972934208       -3.5720861659129421     
  0.56700000000000006       0.48176986191800752       -3.5918872275768594     
  0.56800000000000006       0.47816814310169681       -3.6115280447102993     
  0.56900000000000006       0.47454686383848016       -3.6310079913914022     
  0.57000000000000006       0.47090618530802381       -3.6503264503528428     
  0.57100000000000006       0.46724626930292934       -3.6694828129938322     
  0.57200000000000006       0.46356727822006150       -3.6884764793916101     
  0.57300000000000006       0.45986937505186454       -3.7073068583124225     
  0.57400000000000007       0.45615272337766799       -3.7259733672219943     
  0.57500000000000007       0.45241748735498216       -3.7444754322954878     
  0.57600000000000007       0.44866383171078394       -3.7628124884269560     
  0.57699999999999996       0.44489192173279346       -3.7809839792382864     
  0.57799999999999996       0.44110192326074182       -3.7989893570876383     
  0.57899999999999996       0.43729400267763108       -3.8168280830773740     
  0.57999999999999996       0.43346832690098608       -3.8344996270614837     
  0.58099999999999996       0.42962506337409945       -3.8520034676525081     
  0.58199999999999996       0.42576438005726974       -3.8693390922279556     
  0.58299999999999996       0.42188644541903353       -3.8865059969362181     
  0.58399999999999996       0.41799142842739173       -3.9035036867019843     
  0.58499999999999996       0.41407949854103093       -3.9203316752311546     
  0.58599999999999997       0.41015082570053973       -3.9369894850152538     
  0.58699999999999997       0.40620558031962134       -3.9534766473353473     
  0.58799999999999997       0.40224393327630215       -3.9697927022654604     
  0.58899999999999997       0.39826605590413733       -3.9859371986755003     
  0.58999999999999997       0.39427211998341372       -4.0019096942336843     
  0.59099999999999997       0.39026229773235044       -4.0177097554084718     
  0.59199999999999997       0.38623676179829808       -4.0333369574700084     
  0.59299999999999997       0.38219568524893621       -4.0487908844910763     
  0.59399999999999997       0.37813924156347073       -4.0640711293475515     
  0.59499999999999997       0.37406760462383065       -4.0791772937183799     
  0.59599999999999997       0.36998094870586529       -4.0941089880850576     
  0.59699999999999998       0.36587944847054216       -4.1088658317306335     
  0.59799999999999998       0.36176327895514609       -4.1234474527382217     
  0.59899999999999998       0.35763261556448023       -4.1378534879890330     
  0.59999999999999998       0.35348763406206901       -4.1520835831599232     
  0.60099999999999998       0.34932851056136405       -4.1661373927204641     
  0.60199999999999998       0.34515542151695294       -4.1800145799295345     
  0.60299999999999998       0.34096854371577207       -4.1937148168314327     
  0.60399999999999998       0.33676805426832318       -4.2072377842515163     
  0.60499999999999998       0.33255413059989480       -4.2205831717913638     
  0.60599999999999998       0.32832695044178856       -4.2337506778234690     
  0.60699999999999998       0.32408669182255118       -4.2467400094854622     
  0.60799999999999998       0.31983353305921242       -4.2595508826738602     
  0.60899999999999999       0.31556765274852955       -4.2721830220373533     
  0.60999999999999999       0.31128922975823869       -4.2846361609696242     
  0.61099999999999999       0.30699844321831360       -4.2969100416017030     
  0.61199999999999999       0.30269547251223239       -4.3090044147938595     
  0.61299999999999999       0.29838049726825244       -4.3209190401270368     
  0.61399999999999999       0.29405369735069442       -4.3326536858938276     
  0.61499999999999999       0.28971525285123517       -4.3442081290889885     
  0.61599999999999999       0.28536534408021047       -4.3555821553995040     
  0.61699999999999999       0.28100415155792802       -4.3667755591941981     
  0.61799999999999999       0.27663185600599105       -4.3777881435128920     
  0.61899999999999999       0.27224863833863289       -4.3886197200551118     
  0.62000000000000000       0.26785467965406301       -4.3992701091683548     
  0.62100000000000000       0.26345016122582521       -4.4097391398359038     
  0.62200000000000000       0.25903526449416819       -4.4200266496642042     
  0.62300000000000000       0.25461017105742872       -4.4301324848697945     
  0.62400000000000000       0.25017506266342837       -4.4400565002658015     
  0.62500000000000000       0.24573012120088381       -4.4497985592479976     
  0.62600000000000000       0.24127552869083141       -4.4593585337804225     
  0.62700000000000000       0.23681146727806626       -4.4687363043805730     
  0.62800000000000000       0.23233811922259634       -4.4779317601041599     
  0.62900000000000000       0.22785566689111209       -4.4869447985294402     
  0.63000000000000000       0.22336429274847192       -4.4957753257411186     
  0.63100000000000001       0.21886417934920399       -4.5044232563138298     
  0.63200000000000001       0.21435550932902470       -4.5128885132951932     
  0.63300000000000001       0.20983846539637430       -4.5211710281884514     
  0.63400000000000001       0.20531323032397025       -4.5292707409346935     
  0.63500000000000001       0.20077998694037838       -4.5371875998946551     
  0.63600000000000001       0.19623891812160252       -4.5449215618301153     
  0.63700000000000001       0.19169020678269288       -4.5524725918848770     
  0.63800000000000001       0.18713403586937385       -4.5598406635653390     
  0.63900000000000001       0.18257058834969114       -4.5670257587206660     
  0.64000000000000001       0.17800004720567922       -4.5740278675225516     
  0.64100000000000001       0.17342259542504898       -4.5808469884445815     
  0.64200000000000002       0.16883841599289645       -4.5874831282411979     
  0.64300000000000002       0.16424769188343252       -4.5939363019262691     
  0.64400000000000002       0.15965060605173445       -4.6002065327512627     
  0.64500000000000002       0.15504734142551935       -4.6062938521830290     
  0.64600000000000002       0.15043808089694005       -4.6121982998811948     
  0.64700000000000002       0.14582300731440384       -4.6179199236751716     
  0.64800000000000002       0.14120230347441429       -4.6234587795407798     
  0.64900000000000002       0.13657615211343671       -4.6288149315764926     
  0.65000000000000002       0.13194473589978759       -4.6339884519792980     
  0.65100000000000002       0.12730823742554820       -4.6389794210201885     
  0.65200000000000002       0.12266683919850316       -4.6437879270192743     
  0.65300000000000002       0.11802072363410378       -4.6484140663205276     
  0.65400000000000003       0.11337007304745704       -4.6528579432661559     
  0.65500000000000003       0.10871506964534036       -4.6571196701706121     
  0.65600000000000003       0.10405589551824246       -4.6611993672942420     
  0.65700000000000003        9.9392732632430786E-002  -4.6650971628165685     
  0.65800000000000003        9.4725762822045909E-002  -4.6688131928092194     
  0.65900000000000003        9.0055167781223036E-002  -4.6723476012085001     
  0.66000000000000003        8.5381129056241248E-002  -4.6757005397876155     
  0.66100000000000003        8.0703828037700598E-002  -4.6788721681285406     
  0.66200000000000003        7.6023445952727614E-002  -4.6818626535935417     
  0.66300000000000003        7.1340163857209316E-002  -4.6846721712963610     
  0.66400000000000003        6.6654162628056374E-002  -4.6873009040730498     
  0.66500000000000004        6.1965622955495459E-002  -4.6897490424524726     
  0.66600000000000004        5.7274725335391373E-002  -4.6920167846264693     
  0.66700000000000004        5.2581650061599108E-002  -4.6941043364196844     
  0.66800000000000004        4.7886577218346271E-002  -4.6960119112590704     
  0.66900000000000004        4.3189686672646173E-002  -4.6977397301430592     
  0.67000000000000004        3.8491158066741894E-002  -4.6992880216104123     
  0.67100000000000004        3.3791170810581674E-002  -4.7006570217087464     
  0.67200000000000004        2.9089904074325927E-002  -4.7018469739627413     
  0.67300000000000004        2.4387536780886211E-002  -4.7028581293420331     
  0.67400000000000004        1.9684247598496456E-002  -4.7036907462287925     
  0.67500000000000004        1.4980214933316775E-002  -4.7043450903849919     
  0.67600000000000005        1.0275616922070163E-002  -4.7048214349193707     
  0.67700000000000005        5.5706314247123733E-003  -4.7051200602540888     
  0.67800000000000005        8.6543601713530167E-004  -4.7052412540910824     
  0.67900000000000005       -3.8397920160958407E-003  -4.7051853113781217     
  0.68000000000000005       -8.5448756889712658E-003  -4.7049525342745726     
  0.68100000000000005       -1.3249638321230953E-002  -4.7045432321168645     
  0.68200000000000005       -1.7953903545524334E-002  -4.7039577213836683     
  0.68300000000000005       -2.2657495314534992E-002  -4.7031963256607900     
  0.68400000000000005       -2.7360237908070125E-002  -4.7022593756057782     
  0.68500000000000005       -3.2061955940114475E-002  -4.7011472089122517     
  0.68600000000000005       -3.6762474365848431E-002  -4.6998601702739498     
  0.68700000000000006       -4.1461618488630080E-002  -4.6983986113485061     
  0.68800000000000006       -4.6159213966940844E-002  -4.6967628907209535     
  0.68900000000000006       -5.0855086821294547E-002  -4.6949533738669560     
  0.69000000000000006       -5.5549063441109527E-002  -4.6929704331157787     
  0.69100000000000006       -6.0240970591543624E-002  -4.6908144476129943     
  0.69200000000000006       -6.4930635420291705E-002  -4.6884858032829282     
  0.69300000000000006       -6.9617885464345566E-002  -4.6859848927908496     
  0.69400000000000006       -7.4302548656715844E-002  -4.6833121155049051     
  0.69500000000000006       -7.8984453333115739E-002  -4.6804678774578061     
  0.69600000000000006       -8.3663428238606341E-002  -4.6774525913082670     
  0.69700000000000006       -8.8339302534203260E-002  -4.6742666763021976     
  0.69800000000000006       -9.3011905803444261E-002  -4.6709105582336550     
  0.69900000000000007       -9.7681068058917853E-002  -4.6673846694055587     
  0.70000000000000007      -0.10234661974875237       -4.6636894485901701     
  0.70100000000000007      -0.10700839176306542       -4.6598253409893378     
  0.70200000000000007      -0.11166621544037360       -4.6557927981945157     
  0.70300000000000007      -0.11631992257396191       -4.6515922781465555     
  0.70399999999999996      -0.12096934541821301       -4.6472242450952752     
  0.70499999999999996      -0.12561431669489584       -4.6426891695588077     
  0.70599999999999996      -0.13025466959941356       -4.6379875282827356     
  0.70699999999999996      -0.13489023780701048       -4.6331198041990085     
  0.70799999999999996      -0.13952085547893772       -4.6280864863846540     
  0.70899999999999996      -0.14414635726857764       -4.6228880700202772     
  0.70999999999999996      -0.14876657832752652       -4.6175250563483585     
  0.71099999999999997      -0.15338135431163555       -4.6119979526313530     
  0.71199999999999997      -0.15799052138700975       -4.6063072721095857     
  0.71299999999999997      -0.16259391623596470       -4.6004535339589570     
  0.71399999999999997      -0.16719137606294088       -4.5944372632484543     
  0.71499999999999997      -0.17178273860037543       -4.5882589908974758     
  0.71599999999999997      -0.17636784211453121       -4.5819192536329707     
  0.71699999999999997      -0.18094652541128273       -4.5754185939463925     
  0.71799999999999997      -0.18551862784185913       -4.5687575600504777     
  0.71899999999999997      -0.19008398930854378       -4.5619367058358460     
  0.71999999999999997      -0.19464245027033039       -4.5549565908274285     
  0.72099999999999997      -0.19919385174853541       -4.5478177801407282     
  0.72199999999999998      -0.20373803533236673       -4.5405208444379079     
  0.72299999999999998      -0.20827484318444828       -4.5330663598837209     
  0.72399999999999998      -0.21280411804630051       -4.5254549081012803     
  0.72499999999999998      -0.21732570324377656       -4.5176870761276664     
  0.72599999999999998      -0.22183944269245406       -4.5097634563693871     
  0.72699999999999998      -0.22634518090298208       -4.5016846465576803     
  0.72799999999999998      -0.23084276298638357       -4.4934512497036749     
  0.72899999999999998      -0.23533203465931268       -4.4850638740534023     
  0.72999999999999998      -0.23981284224926722       -4.4765231330426678     
  0.73099999999999998      -0.24428503269975568       -4.4678296452517854     
  0.73199999999999998      -0.24874845357541914       -4.4589840343601752     
  0.73299999999999998      -0.25320295306710755       -4.4499869291008283     
  0.73399999999999999      -0.25764837999691059       -4.4408389632146443     
  0.73499999999999999      -0.26208458382314259       -4.4315407754046419     
  0.73599999999999999      -0.26651141464528172       -4.4220930092900463     
  0.73699999999999999      -0.27092872320886324       -4.4124963133602577     
  0.73799999999999999      -0.27533636091032659       -4.4027513409287025     
  0.73899999999999999      -0.27973417980181625       -4.3928587500865701     
  0.73999999999999999      -0.28412203259593638       -4.3828192036564424     
  0.74099999999999999      -0.28849977267045895       -4.3726333691458112     
  0.74199999999999999      -0.29286725407298542       -4.3623019187004957     
  0.74299999999999999      -0.29722433152556160       -4.3518255290579564     
  0.74399999999999999      -0.30157086042924613       -4.3412048815005102     
  0.74500000000000000      -0.30590669686863170       -4.3304406618084537     
  0.74600000000000000      -0.31023169761631963       -4.3195335602130909     
  0.74700000000000000      -0.31454572013734738       -4.3084842713496734     
  0.74800000000000000      -0.31884862259356889       -4.2972934942102547     
  0.74900000000000000      -0.32314026384798777       -4.2859619320964635     
  0.75000000000000000      -0.32742050346904333       -4.2744902925721933     
  0.75100000000000000      -0.33168920173484900       -4.2628792874162187     
  0.75200000000000000      -0.33594621963738358       -4.2511296325747363     
  0.75300000000000000      -0.34019141888663496       -4.2392420481138346     
  0.75400000000000000      -0.34442466191469606       -4.2272172581718985     
  0.75500000000000000      -0.34864581187981342       -4.2150559909119458     
  0.75600000000000001      -0.35285473267038803       -4.2027589784739057     
  0.75700000000000001      -0.35705128890892818       -4.1903269569268344     
  0.75800000000000001      -0.36123534595595486       -4.1777606662210811     
  0.75900000000000001      -0.36540676991385895       -4.1650608501403932     
  0.76000000000000001      -0.36956542763071076       -4.1522282562539798     
  0.76100000000000001      -0.37371118670402148       -4.1392636358685246     
  0.76200000000000001      -0.37784391548445667       -4.1261677439801527     
  0.76300000000000001      -0.38196348307950156       -4.1129413392263627     
  0.76400000000000001      -0.38606975935707849       -4.0995851838379149     
  0.76500000000000001      -0.39016261494911614       -4.0861000435906893     
  0.76600000000000001      -0.39424192125507035       -4.0724866877575092     
  0.76700000000000002      -0.39830755044539723       -4.0587458890599342     
  0.76800000000000002      -0.40235937546497763       -4.0448784236200304     
  0.76900000000000002      -0.40639727003649356       -4.0308850709121167     
  0.77000000000000002      -0.41042110866375625       -4.0167666137144877     
  0.77100000000000002      -0.41443076663498607       -4.0025238380611237     
  0.77200000000000002      -0.41842612002604407       -3.9881575331933816     
  0.77300000000000002      -0.42240704570361509       -3.9736684915116780     
  0.77400000000000002      -0.42637342132834283       -3.9590575085271591     
  0.77500000000000002      -0.43032512535791617       -3.9443253828133700     
  0.77600000000000002      -0.43426203705010774       -3.9294729159579149     
  0.77700000000000002      -0.43818403646576348       -3.9145009125141224     
  0.77800000000000002      -0.44209100447174438       -3.8994101799527083     
  0.77900000000000003      -0.44598282274381962       -3.8842015286134473     
  0.78000000000000003      -0.44985937376951163       -3.8688757716568509     
  0.78100000000000003      -0.45372054085089247       -3.8534337250158570     
  0.78200000000000003      -0.45756620810733217       -3.8378762073475317     
  0.78300000000000003      -0.46139626047819887       -3.8222040399847890     
  0.78400000000000003      -0.46521058372551027       -3.8064180468881279     
  0.78500000000000003      -0.46900906443653734       -3.7905190545973939     
  0.78600000000000003      -0.47279159002635945       -3.7745078921835615     
  0.78700000000000003      -0.47655804874037133       -3.7583853912005472     
  0.78800000000000003      -0.48030832965674214       -3.7421523856370502     
  0.78900000000000003      -0.48404232268882597       -3.7258097118684264     
  0.79000000000000004      -0.48775991858752454       -3.7093582086085988     
  0.79100000000000004      -0.49146100894360184       -3.6927987168620038     
  0.79200000000000004      -0.49514548618995047       -3.6761320798755794     
  0.79300000000000004      -0.49881324360381024       -3.6593591430907972     
  0.79400000000000004      -0.50246417530893872       -3.6424807540957378     
  0.79500000000000004      -0.50609817627773401       -3.6254977625772176     
  0.79600000000000004      -0.50971514233330939       -3.6084110202729649     
  0.79700000000000004      -0.51331497015152050       -3.5912213809238507     
  0.79800000000000004      -0.51689755726294451       -3.5739297002261741     
  0.79900000000000004      -0.52046280205481177       -3.5565368357840077     
  0.80000000000000004      -0.52401060377288977       -3.5390436470616056     
  0.80100000000000005      -0.52754086252331955       -3.5214509953358712     
  0.80200000000000005      -0.53105347927440472       -3.5037597436488968     
  0.80300000000000005      -0.53454835585835270       -3.4859707567605667     
  0.80400000000000005      -0.53802539497296920       -3.4680849011012356     
  0.80500000000000005      -0.54148450018330474       -3.4501030447244787     
  0.80600000000000005      -0.54492557592325452       -3.4320260572599199     
  0.80700000000000005      -0.54834852749711060       -3.4138548098661365     
  0.80800000000000005      -0.55175326108106781       -3.3955901751836466     
  0.80900000000000005      -0.55513968372468181       -3.3772330272879794     
  0.81000000000000005      -0.55850770335228095       -3.3587842416428324     
  0.81100000000000005      -0.56185722876433075       -3.3402446950533160     
  0.81200000000000006      -0.56518816963875240       -3.3216152656192892     
  0.81300000000000006      -0.56850043653219384       -3.3028968326887886     
  0.81400000000000006      -0.57179394088125479       -3.2840902768115523     
  0.81500000000000006      -0.57506859500366547       -3.2651964796926416     
  0.81600000000000006      -0.57832431209941859       -3.2462163241461646     
  0.81700000000000006      -0.58156100625185525       -3.2271506940490990     
  0.81800000000000006      -0.58477859242870489       -3.2080004742952228     
  0.81900000000000006      -0.58797698648307906       -3.1887665507491487     
  0.82000000000000006      -0.59115610515441941       -3.1694498102004705     
  0.82100000000000006      -0.59431586606939957       -3.1500511403180194     
  0.82200000000000006      -0.59745618774278186       -3.1305714296042351     
  0.82300000000000006      -0.60057698957822780       -3.1110115673496503     
  0.82400000000000007      -0.60367819186906391       -3.0913724435874967     
  0.82500000000000007      -0.60675971579900145       -3.0716549490484275     
  0.82600000000000007      -0.60982148344281129       -3.0518599751153657     
  0.82700000000000007      -0.61286341776695374       -3.0319884137784743     
  0.82800000000000007      -0.61588544263016343       -3.0120411575902537     
  0.82900000000000007      -0.61888748278398897       -2.9920190996207694     
  0.83000000000000007      -0.62186946387328845       -2.9719231334130085     
  0.83100000000000007      -0.62483131243668011       -2.9517541529383693     
  0.83200000000000007      -0.62777295590694815       -2.9315130525522872     
  0.83299999999999996      -0.63069432261140523       -2.9112007269499962     
  0.83399999999999996      -0.63359534177220989       -2.8908180711224301     
  0.83499999999999996      -0.63647594350664005       -2.8703659803122634     
  0.83599999999999997      -0.63933605882732336       -2.8498453499700980     
  0.83699999999999997      -0.64217561964242298       -2.8292570757107907     
  0.83799999999999997      -0.64499455875577993       -2.8086020532699321     
  0.83899999999999997      -0.64779280986701249       -2.7878811784604709     
  0.83999999999999997      -0.65057030757157153       -2.7670953471294908     
  0.84099999999999997      -0.65332698736075356       -2.7462454551151381     
  0.84199999999999997      -0.65606278562166986       -2.7253323982037063     
  0.84299999999999997      -0.65877763963717362       -2.7043570720868759     
  0.84399999999999997      -0.66147148758574370       -2.6833203723191117     
  0.84499999999999997      -0.66414426854132658       -2.6622231942752221     
  0.84599999999999997      -0.66679592247313502       -2.6410664331080782     
  0.84699999999999998      -0.66942639024540551       -2.6198509837064976     
  0.84799999999999998      -0.67203561361711317       -2.5985777406532939     
  0.84899999999999998      -0.67462353524164453       -2.5772475981834928     
  0.84999999999999998      -0.67719009866642932       -2.5558614501427179     
  0.85099999999999998      -0.67973524833253018       -2.5344201899457461     
  0.85199999999999998      -0.68225892957419099       -2.5129247105352372     
  0.85299999999999998      -0.68476108861834450       -2.4913759043406354     
  0.85399999999999998      -0.68724167258407842       -2.4697746632372484     
  0.85499999999999998      -0.68970062948206101       -2.4481218785055021     
  0.85599999999999998      -0.69213790821392585       -2.4264184407903771     
  0.85699999999999998      -0.69455345857161621       -2.4046652400610231     
  0.85799999999999998      -0.69694723123668922       -2.3828631655705568     
  0.85899999999999999      -0.69931917777957964       -2.3610131058160437     
  0.85999999999999999      -0.70166925065882402       -2.3391159484986654     
  0.86099999999999999      -0.70399740322024473       -2.3171725804840735     
  0.86199999999999999      -0.70630358969609519       -2.2951838877629323     
  0.86299999999999999      -0.70858776520416467       -2.2731507554116508     
  0.86399999999999999      -0.71084988574684482       -2.2510740675533079     
  0.86499999999999999      -0.71308990821015694       -2.2289547073187683     
  0.86599999999999999      -0.71530779036274017       -2.2067935568079955     
  0.86699999999999999      -0.71750349085480136       -2.1845914970515570     
  0.86799999999999999      -0.71967696921702684       -2.1623494079723313     
  0.86899999999999999      -0.72182818585945518       -2.1400681683474101     
  0.87000000000000000      -0.72395710207031294       -2.1177486557702014     
  0.87100000000000000      -0.72606368001481170       -2.0953917466127350     
  0.87200000000000000      -0.72814788273390818       -2.0729983159881704     
  0.87300000000000000      -0.73020967414302662       -2.0505692377135079     
  0.87400000000000000      -0.73224901903074413       -2.0281053842725059     
  0.87500000000000000      -0.73426588305743901       -2.0056076267788057     
  0.87600000000000000      -0.73626023275390207       -1.9830768349392622     
  0.87700000000000000      -0.73823203551991190       -1.9605138770174857     
  0.87800000000000000      -0.74018125962277337       -1.9379196197975930     
  0.87900000000000000      -0.74210787419582003       -1.9152949285481715     
  0.88000000000000000      -0.74401184923688080       -1.8926406669864551     
  0.88100000000000001      -0.74589315560671055       -1.8699576972427134     
  0.88200000000000001      -0.74775176502738583       -1.8472468798248589     
  0.88300000000000001      -0.74958765008066452       -1.8245090735832676     
  0.88400000000000001      -0.75140078420631107       -1.8017451356758190     
  0.88500000000000001      -0.75319114170038648       -1.7789559215331532     
  0.88600000000000001      -0.75495869771350366       -1.7561422848241499     
  0.88700000000000001      -0.75670342824904890       -1.7333050774216257     
  0.88800000000000001      -0.75842531016136838       -1.7104451493682546     
  0.88900000000000001      -0.76012432115392126       -1.6875633488427115     
  0.89000000000000001      -0.76180043977739886       -1.6646605221260384     
  0.89100000000000001      -0.76345364542781013       -1.6417375135682366     
  0.89200000000000002      -0.76508391834453426       -1.6187951655550845     
  0.89300000000000002      -0.76669123960833985       -1.5958343184751818     
  0.89400000000000002      -0.76827559113937138       -1.5728558106872212     
  0.89500000000000002      -0.76983695569510291       -1.5498604784874905     
  0.89600000000000002      -0.77137531686825955       -1.5268491560776019     
  0.89700000000000002      -0.77289065908470711       -1.5038226755324524     
  0.89800000000000002      -0.77438296760130898       -1.4807818667684178     
  0.89900000000000002      -0.77585222850375213       -1.4577275575117752     
  0.90000000000000002      -0.77729842870434107       -1.4346605732673610     
  0.90100000000000002      -0.77872155593976111       -1.4115817372874622     
  0.90200000000000002      -0.78012159876881015       -1.3884918705409421     
  0.90300000000000002      -0.78149854657010009       -1.3653917916826015     
  0.90400000000000003      -0.78285238953972747       -1.3422823170227753     
  0.90500000000000003      -0.78418311868891377       -1.3191642604971676     
  0.90600000000000003      -0.78549072584161617       -1.2960384336369231     
  0.90700000000000003      -0.78677520363210762       -1.2729056455389371     
  0.90800000000000003      -0.78803654550252844       -1.2497667028364050     
  0.90900000000000003      -0.78927474570040734       -1.2266224096696106     
  0.91000000000000003      -0.79048979927615470       -1.2034735676569552     
  0.91100000000000003      -0.79168170208052580       -1.1803209758662287     
  0.91200000000000003      -0.79285045076205607       -1.1571654307861197     
  0.91300000000000003      -0.79399604276446800       -1.1340077262979704     
  0.91400000000000003      -0.79511847632404975       -1.1108486536477731     
  0.91500000000000004      -0.79621775046700560       -1.0876890014184095     
  0.91600000000000004      -0.79729386500677957       -1.0645295555021352     
  0.91700000000000004      -0.79834682054135064       -1.0413710990733074     
  0.91800000000000004      -0.79937661845050179       -1.0182144125613579     
  0.91900000000000004      -0.80038326089306122      -0.99506027362401217     
  0.92000000000000004      -0.80136675080411779      -0.97190945712075283     
  0.92100000000000004      -0.80232709189220919      -0.94876273508653086     
  0.92200000000000004      -0.80326428863648469      -0.92562087670572268     
  0.92300000000000004      -0.80417834628384166      -0.90248464828633501     
  0.92400000000000004      -0.80506927084603608      -0.87935481323445686     
  0.92500000000000004      -0.80593706909676843      -0.85623213202895987     
  0.92600000000000005      -0.80678174856874352      -0.83311736219644672     
  0.92700000000000005      -0.80760331755070613      -0.81001125828644827     
  0.92800000000000005      -0.80840178508445126      -0.78691457184686997     
  0.92900000000000005      -0.80917716096181069      -0.76382805139968746     
  0.93000000000000005      -0.80992945572161501      -0.74075244241689175     
  0.93100000000000005      -0.81065868064663138      -0.71768848729668477     
  0.93200000000000005      -0.81136484776047824      -0.69463692533992460     
  0.93300000000000005      -0.81204796982451621      -0.67159849272682126     
  0.93400000000000005      -0.81270806033471599      -0.64857392249388379     
  0.93500000000000005      -0.81334513351850313      -0.62556394451111741     
  0.93600000000000005      -0.81395920433158020      -0.60256928545947241     
  0.93700000000000006      -0.81455028845472666      -0.57959066880854426     
  0.93800000000000006      -0.81511840229057653      -0.55662881479452486     
  0.93900000000000006      -0.81566356296037390      -0.53368444039840601     
  0.94000000000000006      -0.81618578830070709      -0.51075825932443408     
  0.94100000000000006      -0.81668509686022117      -0.48785098197881688     
  0.94200000000000006      -0.81716150789630937      -0.46496331544868247     
  0.94300000000000006      -0.81761504137178365      -0.44209596348129004     
  0.94400000000000006      -0.81804571795152448      -0.41924962646349306     
  0.94500000000000006      -0.81845355899911043      -0.39642500140145431     
  0.94600000000000006      -0.81883858657342723      -0.37362278190061360     
  0.94700000000000006      -0.81920082342525724      -0.35084365814590746     
  0.94800000000000006      -0.81954029299384923      -0.32808831688224133     
  0.94900000000000007      -0.81985701940346856      -0.30535744139521370     
  0.95000000000000007      -0.82015102745992863      -0.28265171149209295     
  0.95100000000000007      -0.82042234264710268      -0.25997180348304594     
  0.95200000000000007      -0.82067099112341779      -0.23731839016261919     
  0.95300000000000007      -0.82089699971833008      -0.21469214079147175     
  0.95400000000000007      -0.82110039592878159      -0.19209372107836042     
  0.95500000000000007      -0.82128120791563974      -0.16952379316237667     
  0.95600000000000007      -0.82143946450011873      -0.14698301559543536     
  0.95700000000000007      -0.82157519516018362      -0.12447204332501520     
  0.95800000000000007      -0.82168843002693770      -0.10199152767715065     
  0.95900000000000007      -0.82177919988099235       -7.9542116339675270E-002
  0.95999999999999996      -0.82184753614882078       -5.7124453345716086E-002
  0.96099999999999997      -0.82189347089909492       -3.4739179057439049E-002
  0.96199999999999997      -0.82191703683900685       -1.2386930150045283E-002
  0.96299999999999997      -0.82191826731057349        9.9316604039821794E-003
  0.96399999999999997      -0.82189719628692637        3.2215963350381273E-002
  0.96499999999999997      -0.82185385836858571        5.4465353168363741E-002
  0.96599999999999997      -0.82178828877971954        7.6679208085618136E-002
  0.96699999999999997      -0.82170052336438770        9.8856910093063341E-002
  0.96799999999999997      -0.82159059858277128       0.12099784495935274     
  0.96899999999999997      -0.82145855150738800       0.14310140224512960     
  0.96999999999999997      -0.82130441981929292       0.16516697531703367     
  0.97099999999999997      -0.82112824180426580       0.18719396136145972     
  0.97199999999999998      -0.82093005634898431       0.20918176139806782     
  0.97299999999999998      -0.82070990293718427       0.23112978029304643     
  0.97399999999999998      -0.82046782164580656       0.25303742677212793     
  0.97499999999999998      -0.82020385314113142       0.27490411343335769     
  0.97599999999999998      -0.81991803867489943       0.29672925675961642     
  0.97699999999999998      -0.81961042008042073       0.31851227713089669     
  0.97799999999999998      -0.81928103976867195       0.34025259883633396     
  0.97899999999999998      -0.81892994072438108       0.36194965008599223     
  0.97999999999999998      -0.81855716650210086       0.38360286302240532     
  0.98099999999999998      -0.81816276122227038       0.40521167373187389     
  0.98199999999999998      -0.81774676956726611       0.42677552225551851     
  0.98299999999999998      -0.81730923677744127       0.44829385260008986     
  0.98399999999999999      -0.81685020864715541       0.46976611274853586     
  0.98499999999999999      -0.81636973152079262       0.49119175467032705     
  0.98599999999999999      -0.81586785228877001       0.51257023433153992     
  0.98699999999999999      -0.81534461838353633       0.53390101170469917     
  0.98799999999999999      -0.81480007777556063       0.55518355077837978     
  0.98899999999999999      -0.81423427896931155       0.57641731956656850     
  0.98999999999999999      -0.81364727099922718       0.59760179011778669     
  0.99099999999999999      -0.81303910342567620       0.61873643852397342     
  0.99199999999999999      -0.81240982633091008       0.63982074492913121     
  0.99299999999999999      -0.81175949031500694       0.66085419353773389     
  0.99399999999999999      -0.81108814649180672       0.68183627262289714     
  0.99500000000000000      -0.81039584648483876       0.70276647453431329     
  0.99600000000000000      -0.80968264242324128       0.72364429570595024     
  0.99700000000000000      -0.80894858693767346       0.74446923666351505     
  0.99800000000000000      -0.80819373315621978       0.76524080203168376     
  0.99900000000000000      -0.80741813470028800       0.78595850054109728     
   1.0000000000000000      -0.80662184568049933       0.80662184503512424     
